1, 249.91198450654582
2, 236.04236907809582
3, 225.95132219130738
4, 207.4825293850063
5, 204.63137589333655
6, 204.63137589333655
7, 204.5629487468344
8, 181.42491559871263
9, 181.42491559871263
10, 179.49373248110922
11, 164.50531906294094
12, 164.50531906294094
13, 159.01572249309186
14, 156.9299206652447
15, 147.32277488562318
16, 122.17610240959563
17, 122.17610240959563
18, 118.69288099966232
19, 118.69288099966232
20, 108.35589508651572
21, 107.63828315241747
22, 107.63828315241747
23, 97.41149829460586
24, 97.11848433743187
25, 85.07055894961546
26, 82.30431337420902
27, 81.62720134857007
28, 78.62569554541314
29, 67.22350779303324
30, 67.22350779303324
31, 64.52906321960671
32, 64.52906321960671
33, 64.52906321960671
34, 64.52906321960671
35, 64.52906321960671
36, 63.56099432828282
37, 58.71115737234278
38, 58.43800133474792
39, 56.87706040223949
40, 55.299186250793966
41, 55.299186250793966
42, 53.842362503887216
43, 53.842362503887216
44, 53.842362503887216
45, 53.842362503887216
46, 53.646994324006634
47, 48.96937818678118
48, 48.96937818678118
49, 48.96937818678118
50, 48.518037882832814
51, 48.518037882832814
52, 44.94441010848846
53, 44.94441010848846
54, 44.94441010848846
55, 44.94441010848846
56, 43.069710934716056
57, 42.37924020083418
58, 42.37924020083418
59, 42.37924020083418
60, 42.37924020083418
61, 42.37924020083418
62, 42.37924020083418
63, 42.37924020083418
64, 41.14608122288197
65, 41.14608122288197
66, 41.14608122288197
67, 41.14608122288197
68, 40.33608806019741
69, 39.89987468652001
70, 38.92300091205713
71, 38.92300091205713
72, 38.8587184554509
73, 38.742741255621034
74, 38.742741255621034
75, 37.68288736283355
76, 36.701498607005135
77, 34.942810419312295
78, 34.813790371058424
79, 34.813790371058424
80, 34.813790371058424
81, 34.45286635390443
82, 32.38826948140329
83, 32.38826948140329
84, 32.38826948140329
85, 32.38826948140329
86, 30.298514815086232
87, 30.298514815086232
88, 30.298514815086232
89, 30.298514815086232
90, 29.899832775452108
91, 29.899832775452108
92, 29.899832775452108
93, 29.899832775452108
94, 29.5296461204668
95, 28.337254630609507
96, 28.337254630609507
97, 28.319604517012593
98, 28.319604517012593
99, 28.319604517012593
100, 27.640549922170507
101, 27.640549922170507
102, 27.60434748368452
103, 27.51363298439521
104, 26.814175355583846
105, 26.814175355583846
106, 26.814175355583846
107, 26.814175355583846
108, 26.476404589747453
109, 26.419689627245813
110, 26.095976701399778
111, 26.057628441590765
112, 25.80697580112788
113, 24.879710609249457
114, 24.879710609249457
115, 24.879710609249457
116, 24.879710609249457
117, 24.879710609249457
118, 24.63736998950984
119, 24.63736998950984
120, 24.63736998950984
121, 24.576411454889016
122, 24.474476501040833
123, 24.24871130596428
124, 24.124676163629637
125, 23.874672772626646
126, 23.874672772626646
127, 23.130067012440755
128, 23.08679276123039
129, 22.891046284519195
130, 22.737634001804146
131, 22.737634001804146
132, 22.15851980616034
133, 22.15851980616034
134, 22.15851980616034
135, 22.15851980616034
136, 22.15851980616034
137, 22.15851980616034
138, 22.02271554554524
139, 22.02271554554524
140, 21.79449471770337
141, 21.400934559032695
142, 21.400934559032695
143, 21.400934559032695
144, 21.307275752662516
145, 20.83266665599966
146, 20.83266665599966
147, 20.223748416156685
148, 20.223748416156685
149, 20.223748416156685
150, 20.223748416156685
151, 20.09975124224178
152, 20.09975124224178
153, 20.09975124224178
154, 19.44222209522358
155, 19.44222209522358
156, 19.44222209522358
157, 19.261360284258224
158, 19.261360284258224
159, 19.261360284258224
160, 19.261360284258224
161, 19.261360284258224
162, 19.235384061671343
163, 18.734993995195193
164, 18.734993995195193
165, 18.734993995195193
166, 18.2208671582886
167, 17.4928556845359
168, 17.4928556845359
169, 17.4928556845359
170, 17.4928556845359
171, 17.378147196982766
172, 17.378147196982766
173, 16.911534525287763
174, 16.583123951777
175, 16.583123951777
176, 16.583123951777
177, 16.06237840420901
178, 16.06237840420901
179, 16.06237840420901
180, 15.905973720586866
181, 15.905973720586866
182, 15.905973720586866
183, 15.905973720586866
184, 15.905973720586866
185, 15.905973720586866
186, 15.905973720586866
187, 15.7797338380595
188, 15.297058540778355
189, 15.0996688705415
190, 15.0996688705415
191, 15.0996688705415
192, 14.933184523068078
193, 14.352700094407323
194, 14.352700094407323
195, 14.352700094407323
196, 14.352700094407323
197, 14.352700094407323
198, 14.2828568570857
199, 13.892443989449804
200, 13.416407864998739
201, 13.416407864998739
202, 13.416407864998739
203, 13.416407864998739
204, 13.0
205, 13.0
206, 13.0
207, 13.0
208, 13.0
209, 13.0
210, 12.96148139681572
211, 12.68857754044952
212, 12.68857754044952
213, 12.489995996796797
214, 12.165525060596439
215, 11.832159566199232
216, 11.832159566199232
217, 11.832159566199232
218, 11.832159566199232
219, 11.832159566199232
220, 11.532562594670797
221, 11.532562594670797
222, 11.269427669584644
223, 11.269427669584644
224, 10.954451150103322
225, 10.816653826391969
226, 10.677078252031311
227, 10.392304845413264
228, 9.9498743710662
229, 9.9498743710662
230, 9.9498743710662
231, 9.797958971132712
232, 9.797958971132712
233, 9.643650760992955
234, 9.643650760992955
235, 9.486832980505138
236, 9.486832980505138
237, 9.38083151964686
238, 9.219544457292887
239, 9.1104335791443
240, 8.94427190999916
241, 8.831760866327848
242, 8.774964387392123
243, 8.774964387392123
244, 8.306623862918075
245, 8.306623862918075
246, 8.306623862918075
247, 8.306623862918075
248, 8.306623862918075
249, 8.306623862918075
250, 8.06225774829855
251, 8.06225774829855
252, 7.874007874011811
253, 7.874007874011811
254, 7.681145747868608
255, 7.681145747868608
256, 7.615773105863909
257, 7.615773105863909
258, 7.615773105863909
259, 7.54983443527075
260, 7.14142842854285
261, 6.6332495807108
262, 6.6332495807108
263, 6.6332495807108
264, 5.916079783099616
265, 5.916079783099616
266, 5.916079783099616
267, 5.744562646538029
268, 5.744562646538029
269, 5.744562646538029
270, 5.744562646538029
271, 5.744562646538029
272, 5.744562646538029
273, 5.196152422706632
274, 4.58257569495584
275, 4.58257569495584
276, 4.58257569495584
277, 4.58257569495584
278, 4.58257569495584
279, 4.58257569495584
280, 4.58257569495584
281, 4.58257569495584
282, 4.58257569495584
283, 4.242640687119285
284, 3.872983346207417
285, 3.872983346207417
286, 3.872983346207417
287, 3.872983346207417
288, 3.872983346207417
289, 3.872983346207417
290, 3.872983346207417
291, 3.872983346207417
292, 3.872983346207417
293, 3.872983346207417
294, 3.872983346207417
295, 3.872983346207417
296, 3.872983346207417
297, 3.872983346207417
298, 3.872983346207417
299, 3.872983346207417
300, 3.605551275463989
301, 3.605551275463989
302, 3.4641016151377544
303, 3.4641016151377544
304, 3.4641016151377544
305, 3.4641016151377544
306, 3.4641016151377544
307, 3.4641016151377544
308, 3.3166247903554
309, 3.3166247903554
310, 3.1622776601683795
311, 3.1622776601683795
312, 3.1622776601683795
313, 3.1622776601683795
314, 3.1622776601683795
315, 3.0
316, 3.0
317, 3.0
318, 3.0
319, 3.0
320, 3.0
321, 3.0
322, 3.0
323, 3.0
324, 3.0
325, 3.0
326, 3.0
327, 3.0
328, 2.6457513110645907
329, 2.6457513110645907
330, 2.6457513110645907
331, 2.6457513110645907
332, 2.6457513110645907
333, 2.6457513110645907
334, 2.6457513110645907
335, 2.449489742783178
336, 2.449489742783178
337, 2.23606797749979
338, 2.23606797749979
339, 2.23606797749979
340, 2.23606797749979
341, 2.23606797749979
342, 2.0
343, 2.0
344, 2.0
345, 2.0
346, 2.0
347, 2.0
348, 2.0
349, 2.0
350, 2.0
351, 1.7320508075688772
352, 1.7320508075688772
353, 1.7320508075688772
354, 1.7320508075688772
355, 1.7320508075688772
356, 1.7320508075688772
357, 1.7320508075688772
358, 1.7320508075688772
359, 0.0
