1, 265.01320721805547
2, 218.4010073236843
3, 209.36570874906903
4, 183.719895493112
5, 147.67531953579785
6, 147.67531953579785
7, 141.4991166050163
8, 141.4991166050163
9, 119.42780245822159
10, 113.00884921102418
11, 113.00884921102418
12, 107.25670142233538
13, 107.25670142233538
14, 93.49331526906082
15, 92.94084139924708
16, 81.8413098624405
17, 81.8413098624405
18, 81.8413098624405
19, 81.75573374387878
20, 81.75573374387878
21, 81.48005891014071
22, 81.48005891014071
23, 80.78985084773953
24, 80.65358020571685
25, 78.8416133777081
26, 76.24303246854758
27, 72.6773692424265
28, 64.00781202322104
29, 64.00781202322104
30, 62.297672508690084
31, 62.297672508690084
32, 58.19793810780585
33, 50.75431016179808
34, 50.75431016179808
35, 50.75431016179808
36, 46.357307945997036
37, 46.357307945997036
38, 46.357307945997036
39, 46.357307945997036
40, 46.357307945997036
41, 46.357307945997036
42, 46.357307945997036
43, 46.357307945997036
44, 43.278170016764804
45, 43.278170016764804
46, 42.36744032862972
47, 42.36744032862972
48, 42.36744032862972
49, 42.36744032862972
50, 42.36744032862972
51, 42.36744032862972
52, 41.15823125451335
53, 41.15823125451335
54, 41.15823125451335
55, 40.23679907746142
56, 40.2119385257662
57, 40.2119385257662
58, 40.2119385257662
59, 40.2119385257662
60, 39.21734310225516
61, 39.11521443121589
62, 39.11521443121589
63, 38.301436004411116
64, 37.841775856849004
65, 37.69615364994153
66, 36.51027252705737
67, 36.51027252705737
68, 36.138621999185304
69, 36.138621999185304
70, 35.98610843089316
71, 35.98610843089316
72, 35.81898937714463
73, 35.41186241925155
74, 34.55430508634199
75, 34.55430508634199
76, 34.55430508634199
77, 34.40930106817051
78, 34.36568055487916
79, 34.20526275297414
80, 34.058772731852805
81, 33.406586176980134
82, 33.31666249791537
83, 33.31666249791537
84, 33.1058907144937
85, 33.1058907144937
86, 32.89376840679705
87, 32.89376840679705
88, 32.64965543462902
89, 31.953090617340916
90, 31.796226191169293
91, 31.796226191169293
92, 31.368774282716245
93, 31.368774282716245
94, 31.368774282716245
95, 31.352830813181765
96, 30.659419433511783
97, 30.659419433511783
98, 30.659419433511783
99, 30.331501776206203
100, 30.28200785945344
101, 29.68164415931166
102, 29.13760456866693
103, 29.13760456866693
104, 28.74021572639983
105, 28.74021572639983
106, 28.74021572639983
107, 28.74021572639983
108, 27.76688675382964
109, 27.676705006196094
110, 27.676705006196094
111, 27.676705006196094
112, 27.422618401604176
113, 27.422618401604176
114, 27.422618401604176
115, 26.962937525425527
116, 26.77685567799177
117, 26.77685567799177
118, 26.343879744638983
119, 26.343879744638983
120, 25.903667693977237
121, 25.865034312755125
122, 25.41653005427767
123, 25.41653005427767
124, 25.41653005427767
125, 25.39685019840059
126, 24.979991993593593
127, 24.779023386727733
128, 24.758836806279895
129, 24.49489742783178
130, 24.49489742783178
131, 24.124676163629637
132, 24.124676163629637
133, 24.124676163629637
134, 23.874672772626646
135, 23.874672772626646
136, 23.366642891095847
137, 23.280893453645632
138, 23.280893453645632
139, 23.280893453645632
140, 23.280893453645632
141, 22.825424421026653
142, 22.737634001804146
143, 22.516660498395403
144, 22.516660498395403
145, 22.516660498395403
146, 22.090722034374522
147, 21.6794833886788
148, 21.6794833886788
149, 21.6794833886788
150, 21.6794833886788
151, 21.37755832643195
152, 21.283796653792763
153, 21.283796653792763
154, 21.283796653792763
155, 21.283796653792763
156, 21.2602916254693
157, 21.2602916254693
158, 21.213203435596427
159, 21.071307505705477
160, 20.639767440550294
161, 20.09975124224178
162, 20.09975124224178
163, 19.974984355438178
164, 19.849433241279208
165, 19.595917942265423
166, 19.595917942265423
167, 19.261360284258224
168, 19.261360284258224
169, 19.261360284258224
170, 19.261360284258224
171, 19.261360284258224
172, 19.261360284258224
173, 19.261360284258224
174, 19.183326093250876
175, 18.867962264113206
176, 18.867962264113206
177, 18.547236990991408
178, 18.547236990991408
179, 18.547236990991408
180, 18.547236990991408
181, 18.384776310850235
182, 18.027756377319946
183, 18.027756377319946
184, 17.916472867168917
185, 17.88854381999832
186, 17.69180601295413
187, 17.69180601295413
188, 17.146428199482248
189, 16.76305461424021
190, 16.76305461424021
191, 16.703293088490067
192, 16.703293088490067
193, 16.64331697709324
194, 16.583123951777
195, 16.431676725154983
196, 16.431676725154983
197, 15.620499351813308
198, 15.620499351813308
199, 15.620499351813308
200, 15.588457268119896
201, 15.491933384829668
202, 15.297058540778355
203, 15.297058540778355
204, 15.198684153570664
205, 15.198684153570664
206, 15.198684153570664
207, 15.066519173319364
208, 15.066519173319364
209, 14.89966442575134
210, 14.798648586948742
211, 14.798648586948742
212, 14.798648586948742
213, 14.66287829861518
214, 14.560219778561036
215, 14.422205101855956
216, 13.96424004376894
217, 13.784048752090222
218, 13.638181696985855
219, 13.638181696985855
220, 13.638181696985855
221, 13.638181696985855
222, 13.638181696985855
223, 13.638181696985855
224, 13.379088160259652
225, 13.19090595827292
226, 12.922847983320086
227, 12.68857754044952
228, 12.609520212918492
229, 12.328828005937952
230, 12.328828005937952
231, 12.083045973594572
232, 12.083045973594572
233, 11.61895003862225
234, 11.61895003862225
235, 11.61895003862225
236, 11.61895003862225
237, 11.61895003862225
238, 11.532562594670797
239, 11.180339887498949
240, 11.135528725660043
241, 11.135528725660043
242, 11.135528725660043
243, 11.090536506409418
244, 11.090536506409418
245, 10.954451150103322
246, 10.862780491200215
247, 10.63014581273465
248, 10.344080432788601
249, 10.344080432788601
250, 10.344080432788601
251, 10.344080432788601
252, 10.198039027185569
253, 10.0
254, 9.9498743710662
255, 9.9498743710662
256, 9.899494936611665
257, 9.899494936611665
258, 9.643650760992955
259, 9.643650760992955
260, 9.643650760992955
261, 9.643650760992955
262, 9.591663046625438
263, 9.1104335791443
264, 9.1104335791443
265, 9.1104335791443
266, 8.94427190999916
267, 8.94427190999916
268, 8.94427190999916
269, 8.94427190999916
270, 8.94427190999916
271, 8.54400374531753
272, 8.54400374531753
273, 8.54400374531753
274, 8.54400374531753
275, 8.54400374531753
276, 8.54400374531753
277, 8.54400374531753
278, 8.0
279, 8.0
280, 8.0
281, 8.0
282, 8.0
283, 7.810249675906654
284, 7.810249675906654
285, 7.810249675906654
286, 7.615773105863909
287, 7.615773105863909
288, 7.54983443527075
289, 7.3484692283495345
290, 7.3484692283495345
291, 6.928203230275509
292, 6.855654600401044
293, 6.855654600401044
294, 6.48074069840786
295, 6.48074069840786
296, 6.48074069840786
297, 6.48074069840786
298, 6.48074069840786
299, 6.48074069840786
300, 6.4031242374328485
301, 6.4031242374328485
302, 6.4031242374328485
303, 6.0
304, 6.0
305, 6.0
306, 5.830951894845301
307, 5.830951894845301
308, 5.744562646538029
309, 5.744562646538029
310, 5.744562646538029
311, 5.5677643628300215
312, 5.5677643628300215
313, 5.5677643628300215
314, 5.385164807134504
315, 5.385164807134504
316, 5.196152422706632
317, 5.196152422706632
318, 4.898979485566356
319, 4.898979485566356
320, 4.795831523312719
321, 4.795831523312719
322, 4.795831523312719
323, 4.795831523312719
324, 4.795831523312719
325, 4.58257569495584
326, 4.58257569495584
327, 4.58257569495584
328, 4.47213595499958
329, 4.358898943540674
330, 4.358898943540674
331, 4.358898943540674
332, 4.358898943540674
333, 4.358898943540674
334, 4.358898943540674
335, 4.242640687119285
336, 4.242640687119285
337, 4.0
338, 4.0
339, 4.0
340, 4.0
341, 4.0
342, 3.872983346207417
343, 3.872983346207417
344, 3.872983346207417
345, 3.872983346207417
346, 3.872983346207417
347, 3.872983346207417
348, 3.872983346207417
349, 3.7416573867739413
350, 3.7416573867739413
351, 3.605551275463989
352, 3.4641016151377544
353, 3.4641016151377544
354, 3.3166247903554
355, 3.1622776601683795
356, 3.1622776601683795
357, 3.0
358, 3.0
359, 3.0
360, 3.0
361, 3.0
362, 2.8284271247461903
363, 2.8284271247461903
364, 2.8284271247461903
365, 2.6457513110645907
366, 2.6457513110645907
367, 2.6457513110645907
368, 2.6457513110645907
369, 2.6457513110645907
370, 2.6457513110645907
371, 2.6457513110645907
372, 2.6457513110645907
373, 2.6457513110645907
374, 2.6457513110645907
375, 2.6457513110645907
376, 2.6457513110645907
377, 2.6457513110645907
378, 2.6457513110645907
379, 2.6457513110645907
380, 2.6457513110645907
381, 2.23606797749979
382, 2.23606797749979
383, 2.23606797749979
384, 2.23606797749979
385, 2.23606797749979
386, 2.23606797749979
387, 2.23606797749979
388, 2.23606797749979
389, 2.23606797749979
390, 2.0
391, 2.0
392, 2.0
393, 2.0
394, 2.0
395, 2.0
396, 2.0
397, 2.0
398, 2.0
399, 2.0
400, 2.0
401, 2.0
402, 2.0
403, 2.0
404, 2.0
405, 1.7320508075688772
406, 1.7320508075688772
407, 1.7320508075688772
408, 1.7320508075688772
409, 1.7320508075688772
410, 1.7320508075688772
411, 1.7320508075688772
412, 1.7320508075688772
413, 1.4142135623730951
414, 1.4142135623730951
415, 1.4142135623730951
416, 1.4142135623730951
417, 1.4142135623730951
418, 1.4142135623730951
419, 1.4142135623730951
420, 1.4142135623730951
421, 1.4142135623730951
422, 1.4142135623730951
423, 1.4142135623730951
424, 1.4142135623730951
425, 1.4142135623730951
426, 1.4142135623730951
427, 1.4142135623730951
428, 1.0
429, 1.0
430, 1.0
431, 1.0
432, 1.0
433, 1.0
434, 1.0
435, 1.0
436, 1.0
437, 1.0
438, 1.0
439, 1.0
440, 1.0
441, 1.0
442, 1.0
443, 1.0
444, 1.0
445, 0.0
