1, 249.82794079125736
2, 249.82794079125736
3, 210.1547049199708
4, 202.36847580589225
5, 144.9310180741169
6, 144.9310180741169
7, 139.38794782907166
8, 129.3560976529518
9, 129.3560976529518
10, 125.0799744163709
11, 123.48279232346505
12, 114.84772527133482
13, 111.53026495081951
14, 107.23805294763608
15, 107.23805294763608
16, 106.40958603434186
17, 98.45303448853164
18, 98.45303448853164
19, 95.16827202382105
20, 91.71695590238481
21, 85.08231308562314
22, 81.48005891014071
23, 81.48005891014071
24, 78.46018098373213
25, 75.51158851461145
26, 75.51158851461145
27, 75.51158851461145
28, 73.47108274688756
29, 71.70774016799024
30, 71.70774016799024
31, 71.70774016799024
32, 67.08949247087803
33, 67.08949247087803
34, 64.4437739428721
35, 64.4437739428721
36, 62.984124983998946
37, 62.984124983998946
38, 62.4099351065197
39, 60.67948582511226
40, 60.241181927316134
41, 60.241181927316134
42, 57.57603668193913
43, 57.57603668193913
44, 54.04627646748664
45, 50.12983143797713
46, 50.12983143797713
47, 50.12983143797713
48, 50.12983143797713
49, 50.12983143797713
50, 50.11985634456667
51, 49.23413450036468
52, 49.23413450036468
53, 48.79549159502341
54, 46.314144707637645
55, 46.314144707637645
56, 46.314144707637645
57, 46.314144707637645
58, 44.94441010848846
59, 44.94441010848846
60, 44.94441010848846
61, 44.395945760846224
62, 44.395945760846224
63, 44.294469180700204
64, 41.83300132670378
65, 41.83300132670378
66, 41.83300132670378
67, 41.83300132670378
68, 38.691084244306204
69, 38.691084244306204
70, 38.691084244306204
71, 38.48376280978771
72, 37.94733192202055
73, 37.429934544425805
74, 37.429934544425805
75, 37.429934544425805
76, 37.067505985701274
77, 37.067505985701274
78, 37.067505985701274
79, 37.067505985701274
80, 36.9729630946723
81, 36.9729630946723
82, 36.72873534441391
83, 36.59234892706397
84, 35.45419580247167
85, 35.22782990761707
86, 33.926390907374746
87, 33.926390907374746
88, 33.926390907374746
89, 33.704599092705436
90, 33.704599092705436
91, 33.704599092705436
92, 33.704599092705436
93, 33.45145736735546
94, 33.45145736735546
95, 33.45145736735546
96, 33.34666400106613
97, 33.21144381083123
98, 32.69556544854363
99, 32.69556544854363
100, 32.51153641401772
101, 32.357379374726875
102, 31.400636936215164
103, 31.400636936215164
104, 31.352830813181765
105, 31.160872901765767
106, 30.886890422961002
107, 30.14962686336267
108, 30.14962686336267
109, 30.14962686336267
110, 30.033314835362415
111, 30.033314835362415
112, 29.732137494637012
113, 29.732137494637012
114, 29.732137494637012
115, 29.732137494637012
116, 29.732137494637012
117, 29.647934160747187
118, 28.600699292150182
119, 28.53068523537421
120, 28.53068523537421
121, 28.53068523537421
122, 28.53068523537421
123, 28.513154858766505
124, 28.372521918222215
125, 28.372521918222215
126, 28.372521918222215
127, 26.814175355583846
128, 26.814175355583846
129, 26.814175355583846
130, 26.814175355583846
131, 26.814175355583846
132, 26.814175355583846
133, 26.720778431774775
134, 26.229754097208
135, 25.88435821108957
136, 25.88435821108957
137, 25.88435821108957
138, 25.632011235952593
139, 25.475478405713993
140, 25.219040425836983
141, 25.219040425836983
142, 25.0
143, 24.839484696748443
144, 24.839484696748443
145, 24.79919353527449
146, 24.43358344574123
147, 24.43358344574123
148, 24.1039415863879
149, 23.473389188611005
150, 23.40939982143925
151, 23.40939982143925
152, 23.40939982143925
153, 23.40939982143925
154, 23.40939982143925
155, 23.40939982143925
156, 23.40939982143925
157, 22.494443758403985
158, 22.494443758403985
159, 22.494443758403985
160, 22.494443758403985
161, 22.494443758403985
162, 22.494443758403985
163, 22.494443758403985
164, 22.44994432064365
165, 22.090722034374522
166, 22.090722034374522
167, 21.77154105707724
168, 21.77154105707724
169, 21.77154105707724
170, 21.77154105707724
171, 21.77154105707724
172, 21.77154105707724
173, 21.77154105707724
174, 21.563858652847824
175, 21.42428528562855
176, 21.071307505705477
177, 21.071307505705477
178, 20.92844953645635
179, 20.493901531919196
180, 20.493901531919196
181, 20.0
182, 20.0
183, 20.0
184, 19.8997487421324
185, 19.8997487421324
186, 19.183326093250876
187, 19.183326093250876
188, 18.601075237738275
189, 18.601075237738275
190, 18.601075237738275
191, 18.601075237738275
192, 18.601075237738275
193, 18.601075237738275
194, 18.24828759089466
195, 18.24828759089466
196, 18.138357147217054
197, 17.4928556845359
198, 17.4928556845359
199, 17.4928556845359
200, 17.4928556845359
201, 17.4928556845359
202, 17.320508075688775
203, 17.05872210923198
204, 16.97056274847714
205, 16.881943016134134
206, 16.55294535724685
207, 16.46207763315433
208, 16.401219466856727
209, 16.401219466856727
210, 16.09347693943108
211, 16.09347693943108
212, 16.0312195418814
213, 15.524174696260024
214, 15.524174696260024
215, 15.459624833740307
216, 15.459624833740307
217, 15.459624833740307
218, 15.459624833740307
219, 15.132745950421556
220, 14.866068747318506
221, 14.594519519326424
222, 14.594519519326424
223, 14.594519519326424
224, 14.594519519326424
225, 14.491376746189438
226, 14.491376746189438
227, 14.38749456993816
228, 14.352700094407323
229, 14.352700094407323
230, 14.142135623730951
231, 13.96424004376894
232, 13.892443989449804
233, 13.892443989449804
234, 13.892443989449804
235, 13.74772708486752
236, 13.228756555322953
237, 13.228756555322953
238, 12.96148139681572
239, 12.96148139681572
240, 12.96148139681572
241, 12.96148139681572
242, 12.767145334803704
243, 12.489995996796797
244, 12.409673645990857
245, 12.409673645990857
246, 11.832159566199232
247, 11.832159566199232
248, 11.661903789690601
249, 11.661903789690601
250, 11.532562594670797
251, 11.269427669584644
252, 11.269427669584644
253, 10.770329614269007
254, 10.770329614269007
255, 10.770329614269007
256, 10.770329614269007
257, 10.535653752852738
258, 10.535653752852738
259, 10.14889156509222
260, 10.0
261, 10.0
262, 9.9498743710662
263, 9.591663046625438
264, 9.591663046625438
265, 9.591663046625438
266, 9.591663046625438
267, 9.591663046625438
268, 9.591663046625438
269, 9.38083151964686
270, 9.38083151964686
271, 9.1104335791443
272, 8.831760866327848
273, 8.831760866327848
274, 8.831760866327848
275, 8.831760866327848
276, 8.717797887081348
277, 8.717797887081348
278, 8.717797887081348
279, 8.366600265340756
280, 8.366600265340756
281, 8.366600265340756
282, 8.306623862918075
283, 8.306623862918075
284, 8.18535277187245
285, 8.18535277187245
286, 8.18535277187245
287, 7.874007874011811
288, 7.874007874011811
289, 7.874007874011811
290, 7.874007874011811
291, 7.681145747868608
292, 7.681145747868608
293, 7.681145747868608
294, 7.3484692283495345
295, 7.3484692283495345
296, 7.3484692283495345
297, 6.782329983125268
298, 6.782329983125268
299, 6.782329983125268
300, 6.782329983125268
301, 6.782329983125268
302, 6.782329983125268
303, 6.782329983125268
304, 6.782329983125268
305, 6.557438524302
306, 6.557438524302
307, 6.557438524302
308, 6.324555320336759
309, 6.324555320336759
310, 6.324555320336759
311, 6.164414002968976
312, 6.164414002968976
313, 6.164414002968976
314, 6.082762530298219
315, 6.082762530298219
316, 6.082762530298219
317, 6.082762530298219
318, 6.0
319, 5.744562646538029
320, 5.385164807134504
321, 5.385164807134504
322, 5.385164807134504
323, 5.291502622129181
324, 5.291502622129181
325, 5.291502622129181
326, 5.291502622129181
327, 5.291502622129181
328, 5.291502622129181
329, 5.291502622129181
330, 5.0
331, 5.0
332, 5.0
333, 4.795831523312719
334, 4.795831523312719
335, 4.58257569495584
336, 4.58257569495584
337, 4.58257569495584
338, 4.58257569495584
339, 4.47213595499958
340, 4.47213595499958
341, 4.47213595499958
342, 4.242640687119285
343, 4.242640687119285
344, 4.242640687119285
345, 4.242640687119285
346, 4.242640687119285
347, 4.123105625617661
348, 4.0
349, 4.0
350, 4.0
351, 3.872983346207417
352, 3.872983346207417
353, 3.872983346207417
354, 3.7416573867739413
355, 3.605551275463989
356, 3.4641016151377544
357, 3.4641016151377544
358, 3.1622776601683795
359, 3.1622776601683795
360, 3.1622776601683795
361, 3.1622776601683795
362, 3.1622776601683795
363, 3.1622776601683795
364, 3.1622776601683795
365, 3.0
366, 3.0
367, 3.0
368, 3.0
369, 2.8284271247461903
370, 2.8284271247461903
371, 2.8284271247461903
372, 2.6457513110645907
373, 2.6457513110645907
374, 2.6457513110645907
375, 2.449489742783178
376, 2.449489742783178
377, 2.449489742783178
378, 2.449489742783178
379, 2.449489742783178
380, 2.449489742783178
381, 2.449489742783178
382, 2.23606797749979
383, 2.23606797749979
384, 2.0
385, 2.0
386, 2.0
387, 2.0
388, 2.0
389, 2.0
390, 2.0
391, 2.0
392, 2.0
393, 2.0
394, 2.0
395, 2.0
396, 2.0
397, 1.7320508075688772
398, 1.4142135623730951
399, 1.4142135623730951
400, 1.4142135623730951
401, 1.4142135623730951
402, 1.4142135623730951
403, 1.4142135623730951
404, 1.4142135623730951
405, 1.4142135623730951
406, 1.4142135623730951
407, 1.4142135623730951
408, 1.4142135623730951
409, 1.4142135623730951
410, 1.4142135623730951
411, 1.0
412, 1.0
413, 1.0
414, 1.0
415, 1.0
416, 1.0
417, 1.0
418, 1.0
419, 1.0
420, 1.0
421, 1.0
422, 1.0
423, 1.0
424, 1.0
425, 1.0
426, 1.0
427, 1.0
428, 1.0
429, 1.0
430, 1.0
431, 1.0
432, 1.0
433, 1.0
434, 1.0
435, 1.0
436, 1.0
437, 1.0
438, 1.0
439, 1.0
440, 1.0
441, 1.0
442, 1.0
443, 1.0
444, 1.0
445, 1.0
446, 1.0
447, 1.0
448, 1.0
449, 1.0
450, 1.0
451, 1.0
452, 1.0
453, 1.0
454, 1.0
455, 1.0
456, 1.0
457, 1.0
458, 1.0
459, 1.0
460, 1.0
461, 1.0
462, 1.0
463, 1.0
464, 1.0
465, 1.0
466, 1.0
467, 1.0
468, 1.0
469, 1.0
470, 1.0
471, 1.0
472, 1.0
473, 1.0
474, 1.0
475, 1.0
476, 1.0
477, 1.0
478, 1.0
479, 1.0
480, 1.0
481, 1.0
482, 1.0
483, 1.0
484, 1.0
485, 1.0
486, 1.0
487, 1.0
488, 1.0
489, 1.0
490, 1.0
491, 1.0
492, 1.0
493, 1.0
494, 1.0
495, 1.0
496, 1.0
497, 1.0
498, 1.0
499, 1.0
500, 1.0
501, 1.0
502, 0.0
