1, 286.0524427443332
2, 257.056414041743
3, 245.84954748788942
4, 202.57344347174435
5, 202.57344347174435
6, 202.57344347174435
7, 151.70695435608744
8, 151.70695435608744
9, 141.82735984287376
10, 141.82735984287376
11, 141.82735984287376
12, 122.90646850349252
13, 122.27837094106218
14, 122.27837094106218
15, 118.98319209031165
16, 112.03124564156198
17, 112.03124564156198
18, 109.03210536351209
19, 103.67738422626219
20, 103.67738422626219
21, 103.01456207740729
22, 103.01456207740729
23, 103.01456207740729
24, 101.55786527886454
25, 100.48880534666536
26, 85.15867542417507
27, 85.15867542417507
28, 85.15867542417507
29, 85.15867542417507
30, 85.15867542417507
31, 82.48030067840442
32, 82.48030067840442
33, 81.05553651663777
34, 80.2122185206219
35, 76.39371701913711
36, 76.39371701913711
37, 76.39371701913711
38, 76.39371701913711
39, 73.53910524340094
40, 73.53910524340094
41, 73.21885003194191
42, 68.71681017043792
43, 68.71681017043792
44, 68.2934843158555
45, 67.468511173732
46, 66.16645675869307
47, 65.36053855347276
48, 64.05466415492317
49, 60.88513775955508
50, 59.177698502053964
51, 58.240879114244144
52, 58.240879114244144
53, 56.91221310052878
54, 56.16048432839589
55, 55.68662316930342
56, 55.68662316930342
57, 53.0
58, 52.20153254455275
59, 52.20153254455275
60, 49.35585071701227
61, 49.122296363260546
62, 49.122296363260546
63, 47.031904065219386
64, 45.044422518220834
65, 45.044422518220834
66, 45.044422518220834
67, 45.044422518220834
68, 45.044422518220834
69, 44.31703961232068
70, 43.162483709814474
71, 43.162483709814474
72, 43.162483709814474
73, 43.0
74, 41.340053217188775
75, 41.340053217188775
76, 39.7994974842648
77, 39.56008088970496
78, 39.382737335030434
79, 39.382737335030434
80, 38.87158345115362
81, 38.87158345115362
82, 34.741905532080416
83, 34.741905532080416
84, 34.741905532080416
85, 34.56877203488721
86, 34.56877203488721
87, 34.56877203488721
88, 33.481338085566414
89, 31.368774282716245
90, 31.368774282716245
91, 31.368774282716245
92, 30.643106892089126
93, 30.643106892089126
94, 30.643106892089126
95, 30.44667469527666
96, 29.257477676655586
97, 27.49545416973504
98, 27.49545416973504
99, 27.49545416973504
100, 27.09243436828813
101, 26.627053911388696
102, 26.210684844162312
103, 25.729360660537214
104, 25.592967784139454
105, 25.199206336708304
106, 25.199206336708304
107, 25.199206336708304
108, 25.199206336708304
109, 24.839484696748443
110, 24.758836806279895
111, 24.758836806279895
112, 24.758836806279895
113, 24.61706725018234
114, 23.0
115, 22.293496809607955
116, 22.293496809607955
117, 21.840329667841555
118, 21.840329667841555
119, 21.540659228538015
120, 21.540659228538015
121, 21.540659228538015
122, 21.540659228538015
123, 21.307275752662516
124, 21.236760581595302
125, 21.142374511865974
126, 21.142374511865974
127, 21.071307505705477
128, 21.071307505705477
129, 20.808652046684813
130, 20.591260281974
131, 20.591260281974
132, 20.12461179749811
133, 18.734993995195193
134, 18.734993995195193
135, 18.627936010197157
136, 18.627936010197157
137, 18.627936010197157
138, 18.303005217723125
139, 18.303005217723125
140, 17.578395831246947
141, 17.578395831246947
142, 17.578395831246947
143, 17.578395831246947
144, 17.578395831246947
145, 17.578395831246947
146, 17.291616465790582
147, 17.291616465790582
148, 17.08800749063506
149, 17.08800749063506
150, 16.911534525287763
151, 16.911534525287763
152, 16.911534525287763
153, 16.703293088490067
154, 16.46207763315433
155, 16.34013463836819
156, 16.217274740226856
157, 15.588457268119896
158, 15.588457268119896
159, 15.588457268119896
160, 15.264337522473747
161, 15.264337522473747
162, 15.165750888103101
163, 15.165750888103101
164, 15.165750888103101
165, 15.132745950421556
166, 14.866068747318506
167, 14.594519519326424
168, 14.594519519326424
169, 14.594519519326424
170, 14.560219778561036
171, 14.560219778561036
172, 13.892443989449804
173, 13.711309200802088
174, 13.711309200802088
175, 13.711309200802088
176, 13.711309200802088
177, 13.601470508735444
178, 13.527749258468683
179, 13.527749258468683
180, 13.114877048604
181, 13.114877048604
182, 12.767145334803704
183, 12.767145334803704
184, 12.489995996796797
185, 12.489995996796797
186, 12.489995996796797
187, 12.489995996796797
188, 12.489995996796797
189, 12.489995996796797
190, 12.083045973594572
191, 12.083045973594572
192, 12.083045973594572
193, 11.61895003862225
194, 11.090536506409418
195, 11.090536506409418
196, 11.090536506409418
197, 11.090536506409418
198, 10.677078252031311
199, 10.677078252031311
200, 10.677078252031311
201, 10.488088481701515
202, 10.488088481701515
203, 10.488088481701515
204, 10.198039027185569
205, 10.198039027185569
206, 10.198039027185569
207, 10.198039027185569
208, 10.0
209, 9.899494936611665
210, 9.899494936611665
211, 9.899494936611665
212, 9.591663046625438
213, 9.591663046625438
214, 9.591663046625438
215, 9.591663046625438
216, 9.16515138991168
217, 9.16515138991168
218, 9.16515138991168
219, 9.16515138991168
220, 9.16515138991168
221, 9.16515138991168
222, 9.1104335791443
223, 9.0
224, 9.0
225, 8.94427190999916
226, 8.660254037844387
227, 8.426149773176359
228, 8.426149773176359
229, 8.426149773176359
230, 8.426149773176359
231, 8.426149773176359
232, 8.12403840463596
233, 7.681145747868608
234, 7.681145747868608
235, 7.681145747868608
236, 7.211102550927978
237, 7.211102550927978
238, 7.211102550927978
239, 7.211102550927978
240, 6.782329983125268
241, 6.708203932499369
242, 6.708203932499369
243, 6.708203932499369
244, 6.708203932499369
245, 6.6332495807108
246, 6.6332495807108
247, 6.324555320336759
248, 6.164414002968976
249, 6.082762530298219
250, 5.5677643628300215
251, 5.5677643628300215
252, 5.477225575051661
253, 5.477225575051661
254, 5.477225575051661
255, 5.477225575051661
256, 5.477225575051661
257, 5.477225575051661
258, 5.477225575051661
259, 5.385164807134504
260, 5.385164807134504
261, 5.291502622129181
262, 5.291502622129181
263, 5.291502622129181
264, 5.291502622129181
265, 5.0
266, 5.0
267, 5.0
268, 4.898979485566356
269, 4.898979485566356
270, 4.898979485566356
271, 4.69041575982343
272, 4.58257569495584
273, 4.58257569495584
274, 4.58257569495584
275, 4.58257569495584
276, 4.58257569495584
277, 4.58257569495584
278, 4.58257569495584
279, 3.872983346207417
280, 3.872983346207417
281, 3.605551275463989
282, 3.605551275463989
283, 3.605551275463989
284, 3.605551275463989
285, 3.605551275463989
286, 3.605551275463989
287, 3.605551275463989
288, 3.605551275463989
289, 3.605551275463989
290, 3.4641016151377544
291, 3.4641016151377544
292, 3.4641016151377544
293, 3.4641016151377544
294, 3.3166247903554
295, 3.3166247903554
296, 3.1622776601683795
297, 3.1622776601683795
298, 3.1622776601683795
299, 3.1622776601683795
300, 3.1622776601683795
301, 3.1622776601683795
302, 3.0
303, 3.0
304, 3.0
305, 3.0
306, 3.0
307, 3.0
308, 3.0
309, 2.8284271247461903
310, 2.8284271247461903
311, 2.8284271247461903
312, 2.8284271247461903
313, 2.8284271247461903
314, 2.8284271247461903
315, 2.8284271247461903
316, 2.8284271247461903
317, 2.8284271247461903
318, 2.8284271247461903
319, 2.6457513110645907
320, 2.6457513110645907
321, 2.6457513110645907
322, 2.449489742783178
323, 2.449489742783178
324, 2.449489742783178
325, 2.449489742783178
326, 2.449489742783178
327, 2.449489742783178
328, 2.449489742783178
329, 2.449489742783178
330, 2.449489742783178
331, 2.449489742783178
332, 2.23606797749979
333, 2.23606797749979
334, 2.23606797749979
335, 2.23606797749979
336, 2.23606797749979
337, 2.23606797749979
338, 2.23606797749979
339, 2.23606797749979
340, 2.23606797749979
341, 2.23606797749979
342, 2.0
343, 2.0
344, 2.0
345, 2.0
346, 2.0
347, 2.0
348, 2.0
349, 2.0
350, 2.0
351, 2.0
352, 2.0
353, 2.0
354, 2.0
355, 2.0
356, 2.0
357, 2.0
358, 2.0
359, 2.0
360, 1.7320508075688772
361, 1.7320508075688772
362, 1.7320508075688772
363, 1.7320508075688772
364, 1.7320508075688772
365, 1.7320508075688772
366, 1.7320508075688772
367, 1.7320508075688772
368, 1.7320508075688772
369, 1.7320508075688772
370, 1.7320508075688772
371, 1.7320508075688772
372, 1.7320508075688772
373, 1.4142135623730951
374, 1.4142135623730951
375, 1.4142135623730951
376, 1.4142135623730951
377, 1.4142135623730951
378, 1.4142135623730951
379, 1.4142135623730951
380, 1.4142135623730951
381, 1.4142135623730951
382, 1.4142135623730951
383, 1.4142135623730951
384, 1.4142135623730951
385, 1.4142135623730951
386, 1.4142135623730951
387, 1.0
388, 1.0
389, 1.0
390, 1.0
391, 1.0
392, 1.0
393, 1.0
394, 1.0
395, 1.0
396, 1.0
397, 1.0
398, 1.0
399, 1.0
400, 1.0
401, 1.0
402, 1.0
403, 1.0
404, 1.0
405, 1.0
406, 1.0
407, 1.0
408, 1.0
409, 1.0
410, 1.0
411, 1.0
412, 1.0
413, 1.0
414, 1.0
415, 1.0
416, 1.0
417, 1.0
418, 1.0
419, 1.0
420, 1.0
421, 1.0
422, 1.0
423, 1.0
424, 1.0
425, 1.0
426, 1.0
427, 1.0
428, 1.0
429, 1.0
430, 1.0
431, 1.0
432, 1.0
433, 1.0
434, 1.0
435, 1.0
436, 1.0
437, 1.0
438, 1.0
439, 1.0
440, 1.0
441, 1.0
442, 1.0
443, 1.0
444, 1.0
445, 1.0
446, 1.0
447, 1.0
448, 1.0
449, 1.0
450, 1.0
451, 1.0
452, 1.0
453, 1.0
454, 1.0
455, 1.0
456, 1.0
457, 1.0
458, 1.0
459, 1.0
460, 1.0
461, 1.0
462, 1.0
463, 1.0
464, 1.0
465, 1.0
466, 1.0
467, 1.0
468, 1.0
469, 1.0
470, 1.0
471, 1.0
472, 1.0
473, 1.0
474, 1.0
475, 1.0
476, 1.0
477, 1.0
478, 1.0
479, 1.0
480, 1.0
481, 1.0
482, 1.0
483, 1.0
484, 1.0
485, 1.0
486, 1.0
487, 1.0
488, 1.0
489, 1.0
490, 1.0
491, 1.0
492, 1.0
493, 1.0
494, 1.0
495, 1.0
496, 1.0
497, 1.0
498, 1.0
499, 1.0
500, 1.0
501, 1.0
502, 1.0
503, 1.0
504, 1.0
505, 1.0
506, 1.0
507, 1.0
508, 1.0
509, 1.0
510, 1.0
511, 1.0
512, 1.0
513, 1.0
514, 1.0
515, 1.0
516, 1.0
517, 1.0
518, 1.0
519, 1.0
520, 1.0
521, 1.0
522, 1.0
523, 1.0
524, 1.0
525, 1.0
526, 1.0
527, 0.0
