1, 239.2174742781137
2, 234.76371099469355
3, 224.98444390668436
4, 212.5111761766896
5, 183.9130229211624
6, 177.2596964907703
7, 145.3616180427282
8, 145.3616180427282
9, 145.3616180427282
10, 138.93523671121017
11, 133.6637572418193
12, 130.89690599857585
13, 130.89690599857585
14, 121.66757990524839
15, 113.51651862174069
16, 100.89103032480142
17, 100.89103032480142
18, 100.89103032480142
19, 100.89103032480142
20, 99.45853407325085
21, 92.04890004774636
22, 90.86803618434813
23, 87.91473141629905
24, 70.41306696913578
25, 70.41306696913578
26, 70.41306696913578
27, 70.41306696913578
28, 68.23488843692792
29, 66.89544080129826
30, 65.66582063752801
31, 65.60487786742691
32, 61.163714733492114
33, 61.163714733492114
34, 61.163714733492114
35, 59.21148537234985
36, 59.21148537234985
37, 59.21148537234985
38, 58.855755878248644
39, 58.855755878248644
40, 56.55086206239477
41, 53.36665625650534
42, 50.19960159204453
43, 50.19960159204453
44, 50.19960159204453
45, 49.21381919745713
46, 49.21381919745713
47, 49.21381919745713
48, 45.088801270381985
49, 44.598206241955516
50, 44.53088815642464
51, 44.53088815642464
52, 44.53088815642464
53, 43.88621651498338
54, 42.24926034855522
55, 42.24926034855522
56, 39.191835884530846
57, 39.191835884530846
58, 39.191835884530846
59, 39.191835884530846
60, 39.191835884530846
61, 36.98648401781386
62, 34.85685011586675
63, 34.85685011586675
64, 34.85685011586675
65, 34.85685011586675
66, 34.85685011586675
67, 34.741905532080416
68, 34.741905532080416
69, 34.597687784012386
70, 34.597687784012386
71, 32.357379374726875
72, 32.357379374726875
73, 32.357379374726875
74, 32.357379374726875
75, 32.357379374726875
76, 32.357379374726875
77, 32.357379374726875
78, 31.984371183438952
79, 31.984371183438952
80, 31.064449134018133
81, 31.064449134018133
82, 30.166206257996713
83, 30.166206257996713
84, 30.166206257996713
85, 30.166206257996713
86, 30.166206257996713
87, 30.166206257996713
88, 30.166206257996713
89, 29.614185789921695
90, 29.614185789921695
91, 29.614185789921695
92, 29.597297173897484
93, 29.171904291629644
94, 28.948229652260256
95, 28.948229652260256
96, 28.53068523537421
97, 28.53068523537421
98, 28.53068523537421
99, 28.53068523537421
100, 28.24889378365107
101, 28.24889378365107
102, 28.24889378365107
103, 28.035691537752374
104, 28.035691537752374
105, 27.54995462791182
106, 26.870057685088806
107, 26.870057685088806
108, 26.645825188948457
109, 26.30589287593181
110, 25.865034312755125
111, 25.865034312755125
112, 25.865034312755125
113, 25.436194683953808
114, 24.73863375370596
115, 24.657656011875904
116, 24.657656011875904
117, 24.657656011875904
118, 24.020824298928627
119, 24.020824298928627
120, 23.916521486202797
121, 23.916521486202797
122, 23.83275057562597
123, 23.811761799581316
124, 23.811761799581316
125, 22.869193252058544
126, 22.06807649071391
127, 22.06807649071391
128, 22.02271554554524
129, 21.354156504062622
130, 21.18962010041709
131, 21.18962010041709
132, 20.615528128088304
133, 20.396078054371138
134, 20.149441679609886
135, 20.149441679609886
136, 20.149441679609886
137, 19.6468827043885
138, 19.6468827043885
139, 19.6468827043885
140, 19.6468827043885
141, 19.519221295943137
142, 19.209372712298546
143, 19.1049731745428
144, 19.0
145, 19.0
146, 18.384776310850235
147, 18.16590212458495
148, 18.16590212458495
149, 18.0
150, 18.0
151, 18.0
152, 18.0
153, 18.0
154, 18.0
155, 17.72004514666935
156, 17.435595774162696
157, 17.435595774162696
158, 17.378147196982766
159, 17.378147196982766
160, 17.378147196982766
161, 16.64331697709324
162, 16.64331697709324
163, 16.64331697709324
164, 16.64331697709324
165, 16.431676725154983
166, 16.431676725154983
167, 16.34013463836819
168, 16.34013463836819
169, 15.968719422671311
170, 15.132745950421556
171, 15.132745950421556
172, 15.132745950421556
173, 15.132745950421556
174, 15.132745950421556
175, 15.132745950421556
176, 15.132745950421556
177, 15.132745950421556
178, 15.132745950421556
179, 14.491376746189438
180, 14.491376746189438
181, 14.491376746189438
182, 14.491376746189438
183, 14.035668847618199
184, 14.035668847618199
185, 14.035668847618199
186, 14.035668847618199
187, 14.035668847618199
188, 13.96424004376894
189, 13.96424004376894
190, 13.379088160259652
191, 13.379088160259652
192, 13.341664064126334
193, 12.922847983320086
194, 12.922847983320086
195, 12.922847983320086
196, 12.727922061357855
197, 12.36931687685298
198, 12.36931687685298
199, 12.36931687685298
200, 12.36931687685298
201, 12.36931687685298
202, 12.12435565298214
203, 12.0
204, 11.832159566199232
205, 11.832159566199232
206, 11.704699910719626
207, 11.704699910719626
208, 11.61895003862225
209, 11.532562594670797
210, 11.357816691600547
211, 11.357816691600547
212, 10.770329614269007
213, 10.770329614269007
214, 10.770329614269007
215, 10.535653752852738
216, 10.535653752852738
217, 10.344080432788601
218, 10.344080432788601
219, 10.295630140987
220, 10.14889156509222
221, 10.04987562112089
222, 9.539392014169456
223, 9.16515138991168
224, 9.16515138991168
225, 9.16515138991168
226, 8.888194417315589
227, 8.888194417315589
228, 8.888194417315589
229, 8.888194417315589
230, 8.888194417315589
231, 8.888194417315589
232, 8.426149773176359
233, 8.426149773176359
234, 8.426149773176359
235, 8.426149773176359
236, 8.366600265340756
237, 8.0
238, 8.0
239, 8.0
240, 7.615773105863909
241, 7.615773105863909
242, 7.615773105863909
243, 7.615773105863909
244, 7.615773105863909
245, 7.615773105863909
246, 7.615773105863909
247, 7.615773105863909
248, 7.54983443527075
249, 6.928203230275509
250, 6.928203230275509
251, 6.928203230275509
252, 6.557438524302
253, 6.557438524302
254, 6.557438524302
255, 6.48074069840786
256, 5.916079783099616
257, 5.656854249492381
258, 5.656854249492381
259, 5.656854249492381
260, 5.5677643628300215
261, 5.385164807134504
262, 5.385164807134504
263, 5.385164807134504
264, 5.385164807134504
265, 5.385164807134504
266, 5.385164807134504
267, 5.385164807134504
268, 5.385164807134504
269, 5.291502622129181
270, 5.291502622129181
271, 5.291502622129181
272, 5.0990195135927845
273, 5.0990195135927845
274, 5.0
275, 4.898979485566356
276, 4.898979485566356
277, 4.898979485566356
278, 4.795831523312719
279, 4.358898943540674
280, 4.358898943540674
281, 4.358898943540674
282, 4.358898943540674
283, 4.358898943540674
284, 4.358898943540674
285, 4.358898943540674
286, 4.358898943540674
287, 4.358898943540674
288, 4.123105625617661
289, 4.123105625617661
290, 4.123105625617661
291, 4.0
292, 4.0
293, 4.0
294, 4.0
295, 4.0
296, 4.0
297, 4.0
298, 3.605551275463989
299, 3.605551275463989
300, 3.605551275463989
301, 3.3166247903554
302, 3.3166247903554
303, 3.3166247903554
304, 3.3166247903554
305, 3.3166247903554
306, 3.3166247903554
307, 3.3166247903554
308, 3.3166247903554
309, 3.1622776601683795
310, 3.1622776601683795
311, 3.1622776601683795
312, 3.1622776601683795
313, 3.1622776601683795
314, 3.1622776601683795
315, 3.0
316, 2.6457513110645907
317, 2.6457513110645907
318, 2.6457513110645907
319, 2.6457513110645907
320, 2.6457513110645907
321, 2.6457513110645907
322, 2.6457513110645907
323, 2.6457513110645907
324, 2.449489742783178
325, 2.449489742783178
326, 2.449489742783178
327, 2.449489742783178
328, 2.449489742783178
329, 2.449489742783178
330, 2.449489742783178
331, 2.449489742783178
332, 2.23606797749979
333, 2.23606797749979
334, 2.23606797749979
335, 2.23606797749979
336, 2.23606797749979
337, 2.23606797749979
338, 2.0
339, 2.0
340, 2.0
341, 2.0
342, 2.0
343, 2.0
344, 2.0
345, 2.0
346, 2.0
347, 1.7320508075688772
348, 1.7320508075688772
349, 1.7320508075688772
350, 1.7320508075688772
351, 1.7320508075688772
352, 1.7320508075688772
353, 1.7320508075688772
354, 1.7320508075688772
355, 1.7320508075688772
356, 1.7320508075688772
357, 1.7320508075688772
358, 1.7320508075688772
359, 1.7320508075688772
360, 1.7320508075688772
361, 1.7320508075688772
362, 1.7320508075688772
363, 1.7320508075688772
364, 1.4142135623730951
365, 1.4142135623730951
366, 1.4142135623730951
367, 1.4142135623730951
368, 1.4142135623730951
369, 1.4142135623730951
370, 1.4142135623730951
371, 1.4142135623730951
372, 1.4142135623730951
373, 1.4142135623730951
374, 1.4142135623730951
375, 1.4142135623730951
376, 1.4142135623730951
377, 1.4142135623730951
378, 1.4142135623730951
379, 1.4142135623730951
380, 1.4142135623730951
381, 1.4142135623730951
382, 1.4142135623730951
383, 1.4142135623730951
384, 1.4142135623730951
385, 1.4142135623730951
386, 1.4142135623730951
387, 1.4142135623730951
388, 1.4142135623730951
389, 1.4142135623730951
390, 1.4142135623730951
391, 1.4142135623730951
392, 1.4142135623730951
393, 1.4142135623730951
394, 1.4142135623730951
395, 1.4142135623730951
396, 1.4142135623730951
397, 1.4142135623730951
398, 1.4142135623730951
399, 1.4142135623730951
400, 1.4142135623730951
401, 1.4142135623730951
402, 1.4142135623730951
403, 1.4142135623730951
404, 1.4142135623730951
405, 1.4142135623730951
406, 1.4142135623730951
407, 1.4142135623730951
408, 1.4142135623730951
409, 1.4142135623730951
410, 1.0
411, 1.0
412, 1.0
413, 1.0
414, 1.0
415, 1.0
416, 1.0
417, 1.0
418, 1.0
419, 1.0
420, 1.0
421, 1.0
422, 1.0
423, 1.0
424, 1.0
425, 1.0
426, 1.0
427, 1.0
428, 1.0
429, 1.0
430, 1.0
431, 1.0
432, 1.0
433, 1.0
434, 1.0
435, 1.0
436, 1.0
437, 1.0
438, 1.0
439, 1.0
440, 1.0
441, 1.0
442, 1.0
443, 0.0
