1, 270.1629138131287
2, 235.69683918118207
3, 232.21757039466243
4, 232.21757039466243
5, 166.50525517232182
6, 166.50525517232182
7, 134.03730823916152
8, 127.1927670899568
9, 127.1927670899568
10, 127.1927670899568
11, 127.1927670899568
12, 118.88229472886196
13, 118.88229472886196
14, 108.77959367454909
15, 108.77959367454909
16, 108.3512805646523
17, 96.0572745813663
18, 80.9135340965898
19, 80.9135340965898
20, 77.80102827083971
21, 77.80102827083971
22, 77.80102827083971
23, 77.80102827083971
24, 77.80102827083971
25, 77.3950902835574
26, 74.30343195303969
27, 67.34240862933252
28, 65.56675987114203
29, 64.99230723708769
30, 64.99230723708769
31, 62.976185975335156
32, 61.48983655857283
33, 61.48983655857283
34, 61.48983655857283
35, 60.794736614282655
36, 60.794736614282655
37, 60.794736614282655
38, 56.639209034025185
39, 55.67764362830022
40, 55.67764362830022
41, 55.67764362830022
42, 55.67764362830022
43, 55.67764362830022
44, 53.41348144429457
45, 53.41348144429457
46, 52.278102490430925
47, 50.02999100539596
48, 50.02999100539596
49, 50.02999100539596
50, 50.02999100539596
51, 50.0199960015992
52, 49.03060268852505
53, 46.8187996428785
54, 39.382737335030434
55, 39.382737335030434
56, 39.382737335030434
57, 39.382737335030434
58, 39.382737335030434
59, 39.382737335030434
60, 39.382737335030434
61, 38.781438859330635
62, 37.89459064299283
63, 37.134889255254286
64, 36.373066958946424
65, 36.373066958946424
66, 34.583232931581165
67, 34.583232931581165
68, 34.583232931581165
69, 34.583232931581165
70, 32.802438933713454
71, 32.802438933713454
72, 32.28002478313795
73, 32.28002478313795
74, 32.28002478313795
75, 31.74901573277509
76, 31.22498999199199
77, 31.22498999199199
78, 31.22498999199199
79, 31.22498999199199
80, 31.22498999199199
81, 30.903074280724887
82, 30.903074280724887
83, 30.62678566222711
84, 30.215889859476256
85, 30.083217912982647
86, 30.083217912982647
87, 29.698484809834994
88, 29.698484809834994
89, 29.698484809834994
90, 29.563490998188964
91, 29.563490998188964
92, 29.546573405388315
93, 29.30870177950569
94, 28.982753492378876
95, 28.460498941515414
96, 28.26658805020514
97, 27.40437921208944
98, 27.40437921208944
99, 27.40437921208944
100, 27.40437921208944
101, 27.40437921208944
102, 27.40437921208944
103, 27.313000567495326
104, 27.294688127912362
105, 26.795522013948524
106, 26.476404589747453
107, 26.476404589747453
108, 26.095976701399778
109, 25.298221281347036
110, 25.298221281347036
111, 25.079872407968907
112, 24.879710609249457
113, 24.879710609249457
114, 24.879710609249457
115, 24.351591323771842
116, 24.351591323771842
117, 24.351591323771842
118, 23.53720459187964
119, 23.53720459187964
120, 23.53720459187964
121, 23.53720459187964
122, 23.53720459187964
123, 23.53720459187964
124, 22.869193252058544
125, 22.869193252058544
126, 22.869193252058544
127, 22.869193252058544
128, 22.869193252058544
129, 22.627416997969522
130, 22.627416997969522
131, 22.627416997969522
132, 22.627416997969522
133, 22.627416997969522
134, 22.627416997969522
135, 22.538855339169288
136, 22.271057451320086
137, 21.6794833886788
138, 21.6794833886788
139, 21.6794833886788
140, 21.6794833886788
141, 21.213203435596427
142, 21.213203435596427
143, 20.952326839756964
144, 20.952326839756964
145, 20.8806130178211
146, 20.71231517720798
147, 20.71231517720798
148, 20.71231517720798
149, 20.248456731316587
150, 20.074859899884732
151, 20.074859899884732
152, 20.074859899884732
153, 20.074859899884732
154, 20.074859899884732
155, 20.024984394500787
156, 19.570385790780925
157, 19.570385790780925
158, 19.570385790780925
159, 19.131126469708992
160, 19.131126469708992
161, 19.131126469708992
162, 19.131126469708992
163, 19.131126469708992
164, 18.81488772222678
165, 18.81488772222678
166, 18.81488772222678
167, 18.81488772222678
168, 18.81488772222678
169, 18.65475810617763
170, 18.2208671582886
171, 18.2208671582886
172, 17.663521732655695
173, 17.663521732655695
174, 17.406895185529212
175, 17.233687939614086
176, 17.233687939614086
177, 17.233687939614086
178, 17.233687939614086
179, 17.08800749063506
180, 16.34013463836819
181, 16.34013463836819
182, 16.34013463836819
183, 16.34013463836819
184, 15.84297951775486
185, 15.84297951775486
186, 15.84297951775486
187, 15.7797338380595
188, 15.652475842498529
189, 15.556349186104045
190, 15.524174696260024
191, 15.491933384829668
192, 15.491933384829668
193, 15.264337522473747
194, 15.033296378372908
195, 15.033296378372908
196, 15.033296378372908
197, 14.52583904633395
198, 14.52583904633395
199, 14.52583904633395
200, 14.52583904633395
201, 14.422205101855956
202, 13.92838827718412
203, 13.92838827718412
204, 13.92838827718412
205, 13.564659966250536
206, 13.341664064126334
207, 13.341664064126334
208, 13.341664064126334
209, 12.922847983320086
210, 12.922847983320086
211, 12.529964086141668
212, 12.529964086141668
213, 12.529964086141668
214, 12.083045973594572
215, 12.083045973594572
216, 12.083045973594572
217, 12.083045973594572
218, 12.083045973594572
219, 12.083045973594572
220, 11.532562594670797
221, 11.532562594670797
222, 11.40175425099138
223, 11.40175425099138
224, 11.40175425099138
225, 11.40175425099138
226, 11.180339887498949
227, 10.908712114635714
228, 10.63014581273465
229, 10.63014581273465
230, 10.63014581273465
231, 10.535653752852738
232, 10.04987562112089
233, 10.04987562112089
234, 10.04987562112089
235, 10.04987562112089
236, 10.04987562112089
237, 10.04987562112089
238, 10.04987562112089
239, 9.695359714832659
240, 9.695359714832659
241, 9.695359714832659
242, 9.695359714832659
243, 9.433981132056603
244, 9.433981132056603
245, 9.1104335791443
246, 9.1104335791443
247, 9.1104335791443
248, 9.1104335791443
249, 9.1104335791443
250, 9.0
251, 9.0
252, 8.831760866327848
253, 8.831760866327848
254, 8.831760866327848
255, 8.54400374531753
256, 8.426149773176359
257, 8.246211251235321
258, 8.12403840463596
259, 8.12403840463596
260, 8.12403840463596
261, 7.937253933193772
262, 7.937253933193772
263, 7.937253933193772
264, 7.874007874011811
265, 7.615773105863909
266, 7.615773105863909
267, 7.416198487095663
268, 7.416198487095663
269, 7.416198487095663
270, 7.3484692283495345
271, 7.211102550927978
272, 7.211102550927978
273, 7.0710678118654755
274, 7.0710678118654755
275, 6.928203230275509
276, 6.4031242374328485
277, 6.4031242374328485
278, 6.4031242374328485
279, 6.4031242374328485
280, 6.4031242374328485
281, 6.0
282, 6.0
283, 5.744562646538029
284, 5.744562646538029
285, 5.744562646538029
286, 5.656854249492381
287, 5.5677643628300215
288, 5.385164807134504
289, 5.385164807134504
290, 5.385164807134504
291, 5.385164807134504
292, 5.291502622129181
293, 5.291502622129181
294, 5.291502622129181
295, 4.898979485566356
296, 4.898979485566356
297, 4.898979485566356
298, 4.898979485566356
299, 4.898979485566356
300, 4.898979485566356
301, 4.69041575982343
302, 4.69041575982343
303, 4.69041575982343
304, 4.58257569495584
305, 4.58257569495584
306, 4.58257569495584
307, 4.58257569495584
308, 4.58257569495584
309, 4.123105625617661
310, 4.123105625617661
311, 4.123105625617661
312, 4.123105625617661
313, 4.123105625617661
314, 4.123105625617661
315, 4.123105625617661
316, 3.7416573867739413
317, 3.7416573867739413
318, 3.7416573867739413
319, 3.7416573867739413
320, 3.7416573867739413
321, 3.7416573867739413
322, 3.7416573867739413
323, 3.7416573867739413
324, 3.7416573867739413
325, 3.4641016151377544
326, 3.4641016151377544
327, 3.4641016151377544
328, 3.4641016151377544
329, 3.4641016151377544
330, 3.4641016151377544
331, 3.4641016151377544
332, 3.4641016151377544
333, 3.4641016151377544
334, 3.4641016151377544
335, 3.3166247903554
336, 3.3166247903554
337, 3.3166247903554
338, 3.3166247903554
339, 3.1622776601683795
340, 3.1622776601683795
341, 3.1622776601683795
342, 3.1622776601683795
343, 3.0
344, 3.0
345, 3.0
346, 3.0
347, 3.0
348, 3.0
349, 3.0
350, 2.8284271247461903
351, 2.8284271247461903
352, 2.8284271247461903
353, 2.449489742783178
354, 2.449489742783178
355, 2.449489742783178
356, 2.449489742783178
357, 2.449489742783178
358, 2.449489742783178
359, 2.449489742783178
360, 2.23606797749979
361, 2.23606797749979
362, 2.23606797749979
363, 2.23606797749979
364, 2.23606797749979
365, 2.23606797749979
366, 2.23606797749979
367, 2.23606797749979
368, 2.23606797749979
369, 2.23606797749979
370, 2.23606797749979
371, 2.0
372, 2.0
373, 2.0
374, 2.0
375, 2.0
376, 2.0
377, 2.0
378, 2.0
379, 2.0
380, 2.0
381, 2.0
382, 1.7320508075688772
383, 1.7320508075688772
384, 1.7320508075688772
385, 1.7320508075688772
386, 1.7320508075688772
387, 1.7320508075688772
388, 1.7320508075688772
389, 1.7320508075688772
390, 1.7320508075688772
391, 1.7320508075688772
392, 1.7320508075688772
393, 1.7320508075688772
394, 1.7320508075688772
395, 1.7320508075688772
396, 1.7320508075688772
397, 1.7320508075688772
398, 1.7320508075688772
399, 1.7320508075688772
400, 1.7320508075688772
401, 1.7320508075688772
402, 1.7320508075688772
403, 1.7320508075688772
404, 1.7320508075688772
405, 1.4142135623730951
406, 1.4142135623730951
407, 1.4142135623730951
408, 1.4142135623730951
409, 1.4142135623730951
410, 1.4142135623730951
411, 1.4142135623730951
412, 1.4142135623730951
413, 1.4142135623730951
414, 1.4142135623730951
415, 1.4142135623730951
416, 1.4142135623730951
417, 1.4142135623730951
418, 1.4142135623730951
419, 1.4142135623730951
420, 1.4142135623730951
421, 1.4142135623730951
422, 1.4142135623730951
423, 1.4142135623730951
424, 1.4142135623730951
425, 1.4142135623730951
426, 1.4142135623730951
427, 1.4142135623730951
428, 1.4142135623730951
429, 1.0
430, 1.0
431, 1.0
432, 1.0
433, 1.0
434, 1.0
435, 0.0
