1, 230.11301571184538
2, 228.98034850178738
3, 227.574163735693
4, 193.28993765843063
5, 193.0207242759181
6, 160.6268968759591
7, 160.6268968759591
8, 160.08747608729422
9, 136.63088962602856
10, 136.63088962602856
11, 135.639227364358
12, 124.11285187280163
13, 123.3369368842927
14, 108.00462953040486
15, 108.00462953040486
16, 106.2402936742929
17, 100.4937809021036
18, 100.02999550134949
19, 100.02999550134949
20, 99.91996797437437
21, 93.26842981416596
22, 92.70922284217467
23, 92.70922284217467
24, 84.86459803710851
25, 82.516664983505
26, 74.43117626371358
27, 74.43117626371358
28, 74.43117626371358
29, 69.48381106416083
30, 66.94027188471824
31, 66.94027188471824
32, 66.94027188471824
33, 66.94027188471824
34, 66.94027188471824
35, 66.94027188471824
36, 66.60330322138685
37, 63.419239982831705
38, 63.30086887239384
39, 61.75759062657804
40, 56.24055476255546
41, 55.18151864528558
42, 52.11525688318153
43, 52.11525688318153
44, 52.11525688318153
45, 51.884487084291386
46, 51.884487084291386
47, 51.65268628057983
48, 48.176757881783615
49, 48.176757881783615
50, 48.176757881783615
51, 47.275786614291256
52, 47.275786614291256
53, 47.275786614291256
54, 47.275786614291256
55, 47.275786614291256
56, 45.47526800360829
57, 45.47526800360829
58, 44.31703961232068
59, 42.07136793592526
60, 42.07136793592526
61, 42.07136793592526
62, 42.07136793592526
63, 40.149719799769464
64, 40.149719799769464
65, 40.149719799769464
66, 40.149719799769464
67, 40.149719799769464
68, 40.149719799769464
69, 39.05124837953327
70, 38.93584466786357
71, 38.93584466786357
72, 38.93584466786357
73, 38.301436004411116
74, 38.301436004411116
75, 36.71511950137164
76, 36.60601043544625
77, 36.359317925395686
78, 35.24202037341219
79, 35.24202037341219
80, 33.71943060017473
81, 33.71943060017473
82, 32.77193921634788
83, 32.77193921634788
84, 32.264531609803356
85, 32.264531609803356
86, 32.0
87, 29.9833287011299
88, 29.9833287011299
89, 29.9833287011299
90, 29.9833287011299
91, 29.9833287011299
92, 29.223278392404914
93, 29.223278392404914
94, 29.223278392404914
95, 29.068883707497267
96, 28.77498913987632
97, 28.548204847240395
98, 28.548204847240395
99, 28.495613697550013
100, 28.142494558940577
101, 28.124722220850465
102, 28.124722220850465
103, 27.730849247724095
104, 27.147743920996454
105, 26.19160170741759
106, 26.19160170741759
107, 26.19160170741759
108, 26.19160170741759
109, 26.19160170741759
110, 25.942243542145693
111, 25.748786379167466
112, 25.748786379167466
113, 25.748786379167466
114, 24.73863375370596
115, 24.73863375370596
116, 24.73863375370596
117, 24.657656011875904
118, 24.576411454889016
119, 24.331050121192877
120, 22.516660498395403
121, 22.181073012818835
122, 22.181073012818835
123, 21.18962010041709
124, 21.18962010041709
125, 21.18962010041709
126, 21.18962010041709
127, 21.18962010041709
128, 21.18962010041709
129, 21.18962010041709
130, 21.18962010041709
131, 20.71231517720798
132, 20.639767440550294
133, 20.445048300260872
134, 19.183326093250876
135, 19.183326093250876
136, 19.183326093250876
137, 18.2208671582886
138, 18.2208671582886
139, 18.2208671582886
140, 18.2208671582886
141, 18.2208671582886
142, 18.2208671582886
143, 17.776388834631177
144, 17.776388834631177
145, 17.776388834631177
146, 17.776388834631177
147, 17.635192088548397
148, 17.378147196982766
149, 17.349351572897472
150, 16.881943016134134
151, 16.881943016134134
152, 16.76305461424021
153, 16.431676725154983
154, 16.431676725154983
155, 16.431676725154983
156, 16.24807680927192
157, 15.937377450509228
158, 15.937377450509228
159, 15.937377450509228
160, 15.716233645501712
161, 15.716233645501712
162, 15.716233645501712
163, 15.716233645501712
164, 15.716233645501712
165, 15.716233645501712
166, 15.329709716755891
167, 15.329709716755891
168, 15.132745950421556
169, 15.0
170, 15.0
171, 15.0
172, 14.66287829861518
173, 14.66287829861518
174, 14.594519519326424
175, 14.52583904633395
176, 14.52583904633395
177, 13.96424004376894
178, 13.711309200802088
179, 13.711309200802088
180, 13.564659966250536
181, 13.490737563232042
182, 13.490737563232042
183, 13.490737563232042
184, 13.2664991614216
185, 13.076696830622021
186, 13.076696830622021
187, 12.328828005937952
188, 12.328828005937952
189, 11.916375287812984
190, 11.916375287812984
191, 11.916375287812984
192, 11.916375287812984
193, 11.661903789690601
194, 11.575836902790225
195, 11.575836902790225
196, 11.575836902790225
197, 11.313708498984761
198, 11.313708498984761
199, 11.269427669584644
200, 11.269427669584644
201, 11.269427669584644
202, 11.180339887498949
203, 11.180339887498949
204, 10.677078252031311
205, 10.677078252031311
206, 10.677078252031311
207, 10.677078252031311
208, 10.63014581273465
209, 10.535653752852738
210, 10.535653752852738
211, 10.392304845413264
212, 10.344080432788601
213, 9.9498743710662
214, 9.219544457292887
215, 9.219544457292887
216, 9.219544457292887
217, 9.219544457292887
218, 9.219544457292887
219, 9.219544457292887
220, 9.219544457292887
221, 9.219544457292887
222, 9.055385138137417
223, 8.660254037844387
224, 8.48528137423857
225, 8.48528137423857
226, 8.366600265340756
227, 8.366600265340756
228, 8.306623862918075
229, 8.18535277187245
230, 7.810249675906654
231, 7.810249675906654
232, 7.810249675906654
233, 7.416198487095663
234, 7.416198487095663
235, 7.416198487095663
236, 7.3484692283495345
237, 7.3484692283495345
238, 7.0710678118654755
239, 7.0710678118654755
240, 7.0
241, 6.855654600401044
242, 6.6332495807108
243, 6.6332495807108
244, 6.48074069840786
245, 5.916079783099616
246, 5.916079783099616
247, 5.5677643628300215
248, 5.5677643628300215
249, 5.5677643628300215
250, 5.5677643628300215
251, 5.5677643628300215
252, 5.5677643628300215
253, 5.5677643628300215
254, 5.5677643628300215
255, 5.477225575051661
256, 5.477225575051661
257, 5.477225575051661
258, 5.196152422706632
259, 5.0
260, 5.0
261, 5.0
262, 5.0
263, 4.898979485566356
264, 4.69041575982343
265, 4.69041575982343
266, 4.69041575982343
267, 4.47213595499958
268, 4.47213595499958
269, 4.358898943540674
270, 4.123105625617661
271, 4.0
272, 4.0
273, 4.0
274, 3.872983346207417
275, 3.7416573867739413
276, 3.7416573867739413
277, 3.7416573867739413
278, 3.605551275463989
279, 3.605551275463989
280, 3.605551275463989
281, 3.605551275463989
282, 3.3166247903554
283, 3.3166247903554
284, 3.3166247903554
285, 3.3166247903554
286, 3.3166247903554
287, 3.3166247903554
288, 3.1622776601683795
289, 3.1622776601683795
290, 3.1622776601683795
291, 3.0
292, 3.0
293, 3.0
294, 3.0
295, 3.0
296, 3.0
297, 2.8284271247461903
298, 2.8284271247461903
299, 2.8284271247461903
300, 2.8284271247461903
301, 2.8284271247461903
302, 2.449489742783178
303, 2.449489742783178
304, 2.449489742783178
305, 2.449489742783178
306, 2.449489742783178
307, 2.449489742783178
308, 2.449489742783178
309, 2.449489742783178
310, 2.0
311, 2.0
312, 2.0
313, 2.0
314, 2.0
315, 1.7320508075688772
316, 1.7320508075688772
317, 1.7320508075688772
318, 1.7320508075688772
319, 1.7320508075688772
320, 1.7320508075688772
321, 1.7320508075688772
322, 1.7320508075688772
323, 1.7320508075688772
324, 1.7320508075688772
325, 1.7320508075688772
326, 1.7320508075688772
327, 1.7320508075688772
328, 1.7320508075688772
329, 1.7320508075688772
330, 1.7320508075688772
331, 1.7320508075688772
332, 1.7320508075688772
333, 1.7320508075688772
334, 1.0
335, 1.0
336, 1.0
337, 1.0
338, 1.0
339, 1.0
340, 1.0
341, 1.0
342, 1.0
343, 1.0
344, 1.0
345, 1.0
346, 1.0
347, 1.0
348, 1.0
349, 1.0
350, 1.0
351, 1.0
352, 1.0
353, 1.0
354, 1.0
355, 1.0
356, 1.0
357, 1.0
358, 1.0
359, 1.0
360, 1.0
361, 1.0
362, 0.0
