1, 280.06249302611013
2, 265.0999811391921
3, 224.82659984975086
4, 224.82659984975086
5, 192.25503894566717
6, 156.13775968675867
7, 153.36883646947317
8, 144.01388821915754
9, 144.01388821915754
10, 144.01388821915754
11, 133.75350462698165
12, 128.47957036042735
13, 128.47957036042735
14, 122.22111110606056
15, 110.07724560507498
16, 101.36567466356647
17, 97.02061636580135
18, 96.91233151668574
19, 96.91233151668574
20, 89.47625383307015
21, 85.02940667792525
22, 84.62269199216011
23, 84.21995013059554
24, 84.21995013059554
25, 84.21995013059554
26, 81.42481194328913
27, 80.1373820385967
28, 74.31016081263719
29, 74.31016081263719
30, 74.31016081263719
31, 69.79971346646059
32, 69.79971346646059
33, 69.79971346646059
34, 69.79971346646059
35, 69.65629906907199
36, 64.22616289332565
37, 63.631753079732135
38, 63.45864795282043
39, 63.079315151640635
40, 59.02541825349483
41, 59.02541825349483
42, 58.61740355901138
43, 55.40758070878027
44, 55.40758070878027
45, 50.269274910227224
46, 50.269274910227224
47, 50.269274910227224
48, 50.269274910227224
49, 50.269274910227224
50, 50.19960159204453
51, 48.80573736764972
52, 48.80573736764972
53, 48.80573736764972
54, 45.760244754590204
55, 44.19275958796871
56, 44.19275958796871
57, 44.15880433163923
58, 43.485629810317796
59, 42.09513035969837
60, 42.09513035969837
61, 42.09513035969837
62, 41.10960958218893
63, 41.10960958218893
64, 40.91454509095757
65, 40.91454509095757
66, 40.70626487409524
67, 40.34848200366403
68, 40.34848200366403
69, 39.56008088970496
70, 37.69615364994153
71, 37.69615364994153
72, 37.69615364994153
73, 36.90528417449187
74, 36.90528417449187
75, 36.069377593742864
76, 36.069377593742864
77, 35.98610843089316
78, 35.888716889852724
79, 34.64101615137755
80, 34.64101615137755
81, 34.26368339802363
82, 34.161381705077446
83, 33.015148038438355
84, 33.015148038438355
85, 32.43454948045371
86, 32.43454948045371
87, 31.76476034853718
88, 31.76476034853718
89, 31.76476034853718
90, 31.63858403911275
91, 31.368774282716245
92, 30.62678566222711
93, 30.62678566222711
94, 30.577769702841312
95, 30.364452901377952
96, 30.04995840263344
97, 29.88310559496787
98, 29.46183972531247
99, 29.24038303442689
100, 29.24038303442689
101, 29.24038303442689
102, 29.24038303442689
103, 28.53068523537421
104, 26.814175355583846
105, 26.814175355583846
106, 26.814175355583846
107, 26.419689627245813
108, 26.419689627245813
109, 26.419689627245813
110, 26.419689627245813
111, 26.324893162176366
112, 26.210684844162312
113, 26.038433132583073
114, 26.038433132583073
115, 25.84569596664017
116, 24.269322199023193
117, 24.269322199023193
118, 24.269322199023193
119, 24.24871130596428
120, 23.748684174075834
121, 23.68543856465402
122, 22.58317958127243
123, 22.44994432064365
124, 22.44994432064365
125, 22.20360331117452
126, 21.702534414210707
127, 21.702534414210707
128, 21.307275752662516
129, 20.322401432901575
130, 20.322401432901575
131, 20.322401432901575
132, 20.322401432901575
133, 20.322401432901575
134, 20.149441679609886
135, 19.924858845171276
136, 19.4164878389476
137, 19.235384061671343
138, 19.235384061671343
139, 18.841443681416774
140, 18.841443681416774
141, 18.24828759089466
142, 18.24828759089466
143, 18.05547008526779
144, 17.88854381999832
145, 17.663521732655695
146, 17.175564037317667
147, 17.175564037317667
148, 17.175564037317667
149, 17.175564037317667
150, 17.175564037317667
151, 16.583123951777
152, 15.937377450509228
153, 15.937377450509228
154, 15.937377450509228
155, 15.937377450509228
156, 15.937377450509228
157, 15.937377450509228
158, 15.905973720586866
159, 15.905973720586866
160, 15.620499351813308
161, 15.556349186104045
162, 15.264337522473747
163, 14.7648230602334
164, 14.7648230602334
165, 14.7648230602334
166, 14.7648230602334
167, 14.7648230602334
168, 14.491376746189438
169, 14.491376746189438
170, 14.491376746189438
171, 14.491376746189438
172, 14.491376746189438
173, 13.96424004376894
174, 13.96424004376894
175, 13.96424004376894
176, 13.74772708486752
177, 13.74772708486752
178, 13.341664064126334
179, 13.30413469565007
180, 12.68857754044952
181, 12.68857754044952
182, 12.68857754044952
183, 12.68857754044952
184, 12.68857754044952
185, 12.083045973594572
186, 12.083045973594572
187, 12.083045973594572
188, 11.832159566199232
189, 11.180339887498949
190, 11.180339887498949
191, 11.180339887498949
192, 11.180339887498949
193, 11.180339887498949
194, 11.180339887498949
195, 11.180339887498949
196, 11.180339887498949
197, 11.180339887498949
198, 11.045361017187261
199, 10.908712114635714
200, 10.770329614269007
201, 10.63014581273465
202, 10.488088481701515
203, 10.344080432788601
204, 10.344080432788601
205, 10.0
206, 10.0
207, 10.0
208, 9.539392014169456
209, 9.539392014169456
210, 9.486832980505138
211, 9.433981132056603
212, 9.273618495495704
213, 9.273618495495704
214, 9.1104335791443
215, 9.055385138137417
216, 9.055385138137417
217, 9.0
218, 8.602325267042627
219, 8.602325267042627
220, 8.602325267042627
221, 8.12403840463596
222, 8.12403840463596
223, 7.810249675906654
224, 7.810249675906654
225, 7.810249675906654
226, 7.14142842854285
227, 7.14142842854285
228, 7.0710678118654755
229, 7.0710678118654755
230, 7.0710678118654755
231, 7.0710678118654755
232, 6.855654600401044
233, 6.855654600401044
234, 6.855654600401044
235, 6.708203932499369
236, 6.708203932499369
237, 6.708203932499369
238, 6.708203932499369
239, 6.6332495807108
240, 6.557438524302
241, 6.557438524302
242, 6.557438524302
243, 6.48074069840786
244, 6.244997998398398
245, 6.244997998398398
246, 6.244997998398398
247, 6.244997998398398
248, 6.244997998398398
249, 6.164414002968976
250, 6.0
251, 6.0
252, 5.5677643628300215
253, 5.5677643628300215
254, 5.5677643628300215
255, 5.5677643628300215
256, 5.196152422706632
257, 5.196152422706632
258, 5.196152422706632
259, 5.196152422706632
260, 5.196152422706632
261, 5.0990195135927845
262, 5.0990195135927845
263, 5.0990195135927845
264, 4.795831523312719
265, 4.795831523312719
266, 4.795831523312719
267, 4.69041575982343
268, 4.69041575982343
269, 4.47213595499958
270, 4.358898943540674
271, 4.358898943540674
272, 4.358898943540674
273, 4.358898943540674
274, 4.358898943540674
275, 4.123105625617661
276, 4.0
277, 4.0
278, 3.872983346207417
279, 3.872983346207417
280, 3.872983346207417
281, 3.872983346207417
282, 3.7416573867739413
283, 3.7416573867739413
284, 3.3166247903554
285, 3.3166247903554
286, 3.3166247903554
287, 3.3166247903554
288, 3.3166247903554
289, 3.3166247903554
290, 3.3166247903554
291, 3.3166247903554
292, 3.1622776601683795
293, 3.1622776601683795
294, 3.1622776601683795
295, 3.1622776601683795
296, 3.0
297, 3.0
298, 3.0
299, 3.0
300, 3.0
301, 3.0
302, 3.0
303, 3.0
304, 3.0
305, 3.0
306, 3.0
307, 3.0
308, 2.8284271247461903
309, 2.8284271247461903
310, 2.8284271247461903
311, 2.8284271247461903
312, 2.8284271247461903
313, 2.8284271247461903
314, 2.8284271247461903
315, 2.8284271247461903
316, 2.8284271247461903
317, 2.449489742783178
318, 2.449489742783178
319, 2.449489742783178
320, 2.449489742783178
321, 2.449489742783178
322, 2.449489742783178
323, 2.449489742783178
324, 2.449489742783178
325, 2.449489742783178
326, 2.23606797749979
327, 2.23606797749979
328, 2.23606797749979
329, 2.23606797749979
330, 2.23606797749979
331, 2.23606797749979
332, 2.23606797749979
333, 2.23606797749979
334, 2.0
335, 2.0
336, 2.0
337, 2.0
338, 2.0
339, 2.0
340, 2.0
341, 1.4142135623730951
342, 1.4142135623730951
343, 1.4142135623730951
344, 1.0
345, 1.0
346, 1.0
347, 1.0
348, 1.0
349, 1.0
350, 1.0
351, 1.0
352, 1.0
353, 1.0
354, 1.0
355, 1.0
356, 1.0
357, 1.0
358, 1.0
359, 1.0
360, 1.0
361, 1.0
362, 1.0
363, 1.0
364, 1.0
365, 1.0
366, 1.0
367, 1.0
368, 1.0
369, 1.0
370, 1.0
371, 1.0
372, 1.0
373, 1.0
374, 1.0
375, 1.0
376, 1.0
377, 1.0
378, 1.0
379, 1.0
380, 0.0
