1, 250.01599948803278
2, 209.65686251587377
3, 209.65686251587377
4, 186.6815470259447
5, 186.6815470259447
6, 178.14600753314681
7, 163.08586695357755
8, 143.49912891721678
9, 143.49912891721678
10, 143.49912891721678
11, 135.2959718543017
12, 129.7882891481354
13, 119.2895636675732
14, 119.2895636675732
15, 114.07453703609758
16, 110.03635762783135
17, 102.96601381038309
18, 102.96601381038309
19, 102.34744745229361
20, 100.98514742277698
21, 97.23168207945392
22, 90.4599358832406
23, 83.79140767405688
24, 83.79140767405688
25, 83.55836283700154
26, 80.56674251823763
27, 75.64390259630977
28, 74.47147104764348
29, 74.47147104764348
30, 70.09279563550022
31, 70.09279563550022
32, 70.09279563550022
33, 65.25335240430181
34, 62.13694553162394
35, 62.13694553162394
36, 58.9915248150105
37, 55.91958512006326
38, 55.91958512006326
39, 53.28226721902888
40, 53.28226721902888
41, 53.28226721902888
42, 53.28226721902888
43, 52.44044240850758
44, 52.364109846344185
45, 49.93996395673509
46, 49.93996395673509
47, 49.93996395673509
48, 49.93996395673509
49, 49.90991885387112
50, 49.90991885387112
51, 49.90991885387112
52, 49.82971001320397
53, 49.82971001320397
54, 49.82971001320397
55, 48.65182422068057
56, 48.65182422068057
57, 47.74934554525329
58, 47.23346271447817
59, 45.5411901469428
60, 45.5411901469428
61, 44.53088815642464
62, 43.965895873961216
63, 43.243496620879306
64, 43.243496620879306
65, 41.24318125460256
66, 40.90232267243512
67, 40.90232267243512
68, 40.90232267243512
69, 40.24922359499622
70, 40.24922359499622
71, 39.1279950930277
72, 37.78888725538237
73, 37.36308338453881
74, 37.36308338453881
75, 35.832945734337834
76, 35.832945734337834
77, 35.832945734337834
78, 35.832945734337834
79, 35.832945734337834
80, 35.832945734337834
81, 35.832945734337834
82, 35.81898937714463
83, 35.81898937714463
84, 35.81898937714463
85, 35.552777669262355
86, 34.828149534535996
87, 34.307433596816885
88, 34.307433596816885
89, 32.61901286060018
90, 32.61901286060018
91, 32.61901286060018
92, 32.61901286060018
93, 32.38826948140329
94, 32.38826948140329
95, 31.701734968294716
96, 31.272991542223778
97, 31.272991542223778
98, 31.272991542223778
99, 31.272991542223778
100, 31.176914536239792
101, 31.176914536239792
102, 30.298514815086232
103, 29.206163733020468
104, 29.206163733020468
105, 29.0516780926679
106, 29.0516780926679
107, 29.0516780926679
108, 28.337254630609507
109, 28.24889378365107
110, 28.24889378365107
111, 28.178005607210743
112, 28.178005607210743
113, 27.03701166919155
114, 27.03701166919155
115, 27.03701166919155
116, 26.457513110645905
117, 25.80697580112788
118, 25.80697580112788
119, 25.80697580112788
120, 25.80697580112788
121, 25.15949125081825
122, 25.15949125081825
123, 24.879710609249457
124, 24.879710609249457
125, 24.331050121192877
126, 24.331050121192877
127, 24.331050121192877
128, 24.331050121192877
129, 24.331050121192877
130, 24.331050121192877
131, 23.874672772626646
132, 23.874672772626646
133, 23.430749027719962
134, 23.430749027719962
135, 23.430749027719962
136, 23.430749027719962
137, 23.430749027719962
138, 23.430749027719962
139, 23.366642891095847
140, 23.280893453645632
141, 22.24859546128699
142, 22.24859546128699
143, 22.24859546128699
144, 22.24859546128699
145, 22.24859546128699
146, 21.97726097583591
147, 21.97726097583591
148, 21.97726097583591
149, 20.952326839756964
150, 20.952326839756964
151, 20.952326839756964
152, 20.952326839756964
153, 20.952326839756964
154, 20.952326839756964
155, 20.952326839756964
156, 20.346989949375804
157, 20.346989949375804
158, 19.72308292331602
159, 19.4164878389476
160, 19.4164878389476
161, 18.973665961010276
162, 18.973665961010276
163, 17.435595774162696
164, 17.435595774162696
165, 17.435595774162696
166, 15.7797338380595
167, 15.7797338380595
168, 15.7797338380595
169, 15.7797338380595
170, 15.7797338380595
171, 15.7797338380595
172, 15.7797338380595
173, 15.459624833740307
174, 15.459624833740307
175, 15.459624833740307
176, 15.459624833740307
177, 15.459624833740307
178, 15.297058540778355
179, 15.066519173319364
180, 15.066519173319364
181, 14.730919862656235
182, 14.730919862656235
183, 14.730919862656235
184, 14.730919862656235
185, 14.422205101855956
186, 14.422205101855956
187, 14.352700094407323
188, 14.352700094407323
189, 14.317821063276353
190, 13.856406460551018
191, 13.601470508735444
192, 13.0
193, 13.0
194, 13.0
195, 13.0
196, 13.0
197, 13.0
198, 12.68857754044952
199, 12.68857754044952
200, 12.68857754044952
201, 12.68857754044952
202, 12.68857754044952
203, 12.68857754044952
204, 12.609520212918492
205, 12.569805089976535
206, 12.36931687685298
207, 11.269427669584644
208, 11.269427669584644
209, 11.180339887498949
210, 11.180339887498949
211, 11.0
212, 11.0
213, 11.0
214, 10.908712114635714
215, 10.908712114635714
216, 10.908712114635714
217, 10.908712114635714
218, 10.908712114635714
219, 10.908712114635714
220, 10.908712114635714
221, 10.908712114635714
222, 10.908712114635714
223, 10.535653752852738
224, 10.488088481701515
225, 10.14889156509222
226, 9.797958971132712
227, 9.797958971132712
228, 9.797958971132712
229, 9.746794344808963
230, 9.38083151964686
231, 9.38083151964686
232, 9.1104335791443
233, 9.1104335791443
234, 8.831760866327848
235, 8.831760866327848
236, 8.831760866327848
237, 8.774964387392123
238, 8.774964387392123
239, 8.660254037844387
240, 8.660254037844387
241, 8.602325267042627
242, 8.54400374531753
243, 7.810249675906654
244, 7.745966692414834
245, 7.745966692414834
246, 7.745966692414834
247, 7.745966692414834
248, 7.615773105863909
249, 7.615773105863909
250, 7.615773105863909
251, 7.54983443527075
252, 7.416198487095663
253, 7.416198487095663
254, 7.416198487095663
255, 7.14142842854285
256, 7.14142842854285
257, 6.928203230275509
258, 6.855654600401044
259, 6.855654600401044
260, 6.855654600401044
261, 6.855654600401044
262, 6.164414002968976
263, 6.164414002968976
264, 6.164414002968976
265, 6.164414002968976
266, 6.164414002968976
267, 6.164414002968976
268, 6.164414002968976
269, 6.082762530298219
270, 6.082762530298219
271, 6.082762530298219
272, 6.082762530298219
273, 6.082762530298219
274, 5.830951894845301
275, 5.744562646538029
276, 5.744562646538029
277, 5.656854249492381
278, 5.656854249492381
279, 5.656854249492381
280, 5.385164807134504
281, 5.385164807134504
282, 5.385164807134504
283, 5.385164807134504
284, 5.385164807134504
285, 5.196152422706632
286, 5.0990195135927845
287, 5.0990195135927845
288, 5.0990195135927845
289, 5.0990195135927845
290, 4.898979485566356
291, 4.898979485566356
292, 4.795831523312719
293, 4.795831523312719
294, 4.795831523312719
295, 4.795831523312719
296, 4.69041575982343
297, 4.47213595499958
298, 4.47213595499958
299, 4.47213595499958
300, 4.47213595499958
301, 4.358898943540674
302, 4.358898943540674
303, 4.123105625617661
304, 4.123105625617661
305, 4.123105625617661
306, 3.872983346207417
307, 3.872983346207417
308, 3.872983346207417
309, 3.872983346207417
310, 3.872983346207417
311, 3.872983346207417
312, 3.872983346207417
313, 3.872983346207417
314, 3.605551275463989
315, 3.605551275463989
316, 3.605551275463989
317, 3.605551275463989
318, 3.605551275463989
319, 3.605551275463989
320, 3.605551275463989
321, 3.605551275463989
322, 3.605551275463989
323, 3.605551275463989
324, 3.605551275463989
325, 3.4641016151377544
326, 3.4641016151377544
327, 3.1622776601683795
328, 3.1622776601683795
329, 3.1622776601683795
330, 3.1622776601683795
331, 3.1622776601683795
332, 3.1622776601683795
333, 3.1622776601683795
334, 3.1622776601683795
335, 3.1622776601683795
336, 3.1622776601683795
337, 3.0
338, 3.0
339, 3.0
340, 3.0
341, 2.8284271247461903
342, 2.8284271247461903
343, 2.8284271247461903
344, 2.8284271247461903
345, 2.8284271247461903
346, 2.8284271247461903
347, 2.8284271247461903
348, 2.6457513110645907
349, 2.6457513110645907
350, 2.6457513110645907
351, 2.6457513110645907
352, 2.6457513110645907
353, 2.6457513110645907
354, 2.449489742783178
355, 2.449489742783178
356, 2.449489742783178
357, 2.449489742783178
358, 2.449489742783178
359, 2.449489742783178
360, 2.449489742783178
361, 2.449489742783178
362, 2.449489742783178
363, 2.449489742783178
364, 2.449489742783178
365, 2.23606797749979
366, 2.23606797749979
367, 2.23606797749979
368, 2.23606797749979
369, 2.23606797749979
370, 2.0
371, 2.0
372, 2.0
373, 2.0
374, 2.0
375, 2.0
376, 2.0
377, 2.0
378, 2.0
379, 2.0
380, 1.4142135623730951
381, 1.4142135623730951
382, 1.4142135623730951
383, 1.4142135623730951
384, 1.4142135623730951
385, 1.4142135623730951
386, 1.4142135623730951
387, 1.4142135623730951
388, 1.4142135623730951
389, 1.4142135623730951
390, 1.4142135623730951
391, 1.0
392, 1.0
393, 1.0
394, 1.0
395, 1.0
396, 1.0
397, 1.0
398, 1.0
399, 1.0
400, 1.0
401, 1.0
402, 1.0
403, 1.0
404, 1.0
405, 1.0
406, 1.0
407, 1.0
408, 1.0
409, 1.0
410, 1.0
411, 1.0
412, 1.0
413, 1.0
414, 1.0
415, 1.0
416, 1.0
417, 1.0
418, 1.0
419, 1.0
420, 1.0
421, 1.0
422, 1.0
423, 1.0
424, 1.0
425, 1.0
426, 1.0
427, 1.0
428, 1.0
429, 1.0
430, 1.0
431, 1.0
432, 1.0
433, 1.0
434, 1.0
435, 1.0
436, 1.0
437, 1.0
438, 1.0
439, 1.0
440, 1.0
441, 1.0
442, 1.0
443, 1.0
444, 1.0
445, 1.0
446, 1.0
447, 1.0
448, 1.0
449, 1.0
450, 1.0
451, 1.0
452, 1.0
453, 1.0
454, 1.0
455, 1.0
456, 1.0
457, 1.0
458, 1.0
459, 1.0
460, 1.0
461, 1.0
462, 1.0
463, 1.0
464, 1.0
465, 1.0
466, 1.0
467, 1.0
468, 1.0
469, 1.0
470, 1.0
471, 1.0
472, 1.0
473, 1.0
474, 1.0
475, 1.0
476, 1.0
477, 0.0
