1, 261.50334605889844
2, 184.366482854124
3, 184.366482854124
4, 163.99085340347492
5, 144.59944674859582
6, 122.50714264890844
7, 122.50714264890844
8, 122.50714264890844
9, 117.88977903109328
10, 117.88977903109328
11, 95.1367436903324
12, 91.62423260251624
13, 87.94316346368261
14, 87.94316346368261
15, 87.94316346368261
16, 87.94316346368261
17, 87.42997197757758
18, 87.42997197757758
19, 87.42997197757758
20, 87.42997197757758
21, 84.2140130857092
22, 83.72574275573791
23, 81.57818335805229
24, 81.57818335805229
25, 76.99350621968063
26, 71.97221686178632
27, 71.97221686178632
28, 71.97221686178632
29, 71.97221686178632
30, 71.97221686178632
31, 67.42403132415029
32, 66.31741852635702
33, 66.31741852635702
34, 64.87680633323437
35, 64.87680633323437
36, 64.50581369148055
37, 64.50581369148055
38, 61.26989472816156
39, 58.33523806414096
40, 56.43580423808985
41, 56.43580423808985
42, 51.62363799656123
43, 51.62363799656123
44, 51.62363799656123
45, 51.62363799656123
46, 50.38849074937649
47, 50.38849074937649
48, 50.38849074937649
49, 50.38849074937649
50, 50.38849074937649
51, 50.38849074937649
52, 48.60041152089147
53, 48.60041152089147
54, 48.35286961494633
55, 48.35286961494633
56, 48.11444689487763
57, 46.54030511288038
58, 46.0
59, 46.0
60, 45.574115460423364
61, 44.53088815642464
62, 44.53088815642464
63, 44.53088815642464
64, 44.48595283907045
65, 44.05678154382138
66, 42.941821107167776
67, 42.08325082500163
68, 42.08325082500163
69, 42.08325082500163
70, 41.65333119931706
71, 40.4103947023535
72, 40.33608806019741
73, 40.33608806019741
74, 40.33608806019741
75, 40.19950248448356
76, 39.67366884975475
77, 39.67366884975475
78, 39.59797974644666
79, 38.39270764090493
80, 37.57658845611187
81, 36.565010597564445
82, 35.59494346111537
83, 35.59494346111537
84, 35.59494346111537
85, 35.12833614050059
86, 34.219877264537345
87, 34.219877264537345
88, 34.11744421846396
89, 34.11744421846396
90, 34.11744421846396
91, 34.11744421846396
92, 33.67491648096547
93, 33.67491648096547
94, 32.63433774416144
95, 32.63433774416144
96, 32.63433774416144
97, 32.63433774416144
98, 32.63433774416144
99, 32.63433774416144
100, 32.49615361854384
101, 32.43454948045371
102, 32.218007387174026
103, 31.937438845342623
104, 31.701734968294716
105, 31.701734968294716
106, 31.63858403911275
107, 31.20897306865447
108, 31.20897306865447
109, 31.20897306865447
110, 30.199337741083
111, 30.199337741083
112, 30.199337741083
113, 30.199337741083
114, 30.199337741083
115, 29.93325909419153
116, 29.93325909419153
117, 29.13760456866693
118, 29.13760456866693
119, 29.13760456866693
120, 29.13760456866693
121, 29.13760456866693
122, 27.910571473905726
123, 27.910571473905726
124, 27.910571473905726
125, 27.910571473905726
126, 26.962937525425527
127, 26.962937525425527
128, 26.962937525425527
129, 26.758176320519304
130, 25.98076211353316
131, 25.98076211353316
132, 25.98076211353316
133, 25.98076211353316
134, 25.534290669607408
135, 23.727621035409346
136, 23.62202362203543
137, 23.62202362203543
138, 23.62202362203543
139, 23.62202362203543
140, 23.62202362203543
141, 23.62202362203543
142, 23.302360395462088
143, 23.2163735324878
144, 23.108440016582687
145, 23.108440016582687
146, 22.516660498395403
147, 22.516660498395403
148, 22.40535650240808
149, 21.42428528562855
150, 21.42428528562855
151, 21.42428528562855
152, 21.166010488516726
153, 20.760539492026695
154, 20.346989949375804
155, 19.82422760159901
156, 19.82422760159901
157, 19.672315572906
158, 18.384776310850235
159, 18.384776310850235
160, 18.384776310850235
161, 18.384776310850235
162, 17.944358444926362
163, 17.663521732655695
164, 17.663521732655695
165, 17.578395831246947
166, 16.792855623746664
167, 16.792855623746664
168, 16.792855623746664
169, 16.792855623746664
170, 16.673332000533065
171, 16.673332000533065
172, 16.673332000533065
173, 16.186414056238647
174, 16.186414056238647
175, 16.0312195418814
176, 16.0312195418814
177, 15.716233645501712
178, 15.716233645501712
179, 15.716233645501712
180, 15.684387141358123
181, 15.684387141358123
182, 15.427248620541512
183, 15.297058540778355
184, 14.966629547095765
185, 14.966629547095765
186, 14.798648586948742
187, 14.798648586948742
188, 14.730919862656235
189, 14.0
190, 14.0
191, 13.856406460551018
192, 13.856406460551018
193, 13.674794331177344
194, 13.674794331177344
195, 13.19090595827292
196, 13.19090595827292
197, 13.19090595827292
198, 13.19090595827292
199, 13.19090595827292
200, 13.038404810405298
201, 13.038404810405298
202, 12.922847983320086
203, 12.84523257866513
204, 12.569805089976535
205, 12.24744871391589
206, 12.0
207, 12.0
208, 11.874342087037917
209, 11.532562594670797
210, 11.532562594670797
211, 11.445523142259598
212, 11.445523142259598
213, 11.40175425099138
214, 11.40175425099138
215, 11.224972160321824
216, 11.224972160321824
217, 11.224972160321824
218, 11.224972160321824
219, 11.180339887498949
220, 11.090536506409418
221, 10.908712114635714
222, 10.770329614269007
223, 10.677078252031311
224, 10.677078252031311
225, 10.488088481701515
226, 10.0
227, 9.797958971132712
228, 9.797958971132712
229, 9.797958971132712
230, 9.797958971132712
231, 9.797958971132712
232, 9.797958971132712
233, 9.16515138991168
234, 9.16515138991168
235, 9.16515138991168
236, 9.055385138137417
237, 9.055385138137417
238, 8.94427190999916
239, 8.94427190999916
240, 8.94427190999916
241, 8.602325267042627
242, 8.602325267042627
243, 8.602325267042627
244, 8.426149773176359
245, 8.426149773176359
246, 8.426149773176359
247, 8.426149773176359
248, 8.426149773176359
249, 8.426149773176359
250, 8.306623862918075
251, 8.306623862918075
252, 8.306623862918075
253, 8.18535277187245
254, 8.18535277187245
255, 8.18535277187245
256, 8.0
257, 7.681145747868608
258, 7.681145747868608
259, 7.681145747868608
260, 6.928203230275509
261, 6.928203230275509
262, 6.928203230275509
263, 6.928203230275509
264, 6.928203230275509
265, 6.928203230275509
266, 6.928203230275509
267, 6.928203230275509
268, 6.928203230275509
269, 6.928203230275509
270, 6.928203230275509
271, 6.928203230275509
272, 6.244997998398398
273, 6.244997998398398
274, 6.244997998398398
275, 6.244997998398398
276, 6.244997998398398
277, 6.244997998398398
278, 6.164414002968976
279, 6.082762530298219
280, 6.082762530298219
281, 5.744562646538029
282, 5.744562646538029
283, 5.744562646538029
284, 5.744562646538029
285, 5.744562646538029
286, 5.656854249492381
287, 5.656854249492381
288, 5.656854249492381
289, 5.656854249492381
290, 5.5677643628300215
291, 5.5677643628300215
292, 5.5677643628300215
293, 5.385164807134504
294, 5.385164807134504
295, 5.0990195135927845
296, 5.0990195135927845
297, 5.0990195135927845
298, 5.0990195135927845
299, 5.0
300, 5.0
301, 4.69041575982343
302, 4.69041575982343
303, 4.69041575982343
304, 4.47213595499958
305, 4.47213595499958
306, 4.47213595499958
307, 4.47213595499958
308, 4.47213595499958
309, 4.47213595499958
310, 4.358898943540674
311, 4.358898943540674
312, 4.358898943540674
313, 4.358898943540674
314, 4.358898943540674
315, 4.358898943540674
316, 4.242640687119285
317, 4.242640687119285
318, 4.242640687119285
319, 4.0
320, 3.872983346207417
321, 3.872983346207417
322, 3.872983346207417
323, 3.7416573867739413
324, 3.7416573867739413
325, 3.7416573867739413
326, 3.7416573867739413
327, 3.7416573867739413
328, 3.605551275463989
329, 3.605551275463989
330, 3.4641016151377544
331, 3.4641016151377544
332, 3.4641016151377544
333, 3.3166247903554
334, 3.3166247903554
335, 3.3166247903554
336, 3.3166247903554
337, 3.1622776601683795
338, 3.1622776601683795
339, 3.1622776601683795
340, 3.1622776601683795
341, 3.0
342, 3.0
343, 2.8284271247461903
344, 2.8284271247461903
345, 2.8284271247461903
346, 2.8284271247461903
347, 2.8284271247461903
348, 2.8284271247461903
349, 2.8284271247461903
350, 2.6457513110645907
351, 2.6457513110645907
352, 2.6457513110645907
353, 2.6457513110645907
354, 2.6457513110645907
355, 2.6457513110645907
356, 2.6457513110645907
357, 2.6457513110645907
358, 2.449489742783178
359, 2.449489742783178
360, 2.449489742783178
361, 2.23606797749979
362, 2.23606797749979
363, 2.23606797749979
364, 2.23606797749979
365, 2.23606797749979
366, 2.23606797749979
367, 2.23606797749979
368, 2.23606797749979
369, 2.23606797749979
370, 2.23606797749979
371, 2.23606797749979
372, 2.23606797749979
373, 2.23606797749979
374, 2.0
375, 1.4142135623730951
376, 1.4142135623730951
377, 1.4142135623730951
378, 1.4142135623730951
379, 1.4142135623730951
380, 1.4142135623730951
381, 1.4142135623730951
382, 1.4142135623730951
383, 1.4142135623730951
384, 1.0
385, 1.0
386, 1.0
387, 1.0
388, 1.0
389, 1.0
390, 1.0
391, 1.0
392, 1.0
393, 1.0
394, 1.0
395, 1.0
396, 1.0
397, 1.0
398, 1.0
399, 1.0
400, 1.0
401, 1.0
402, 1.0
403, 1.0
404, 1.0
405, 1.0
406, 1.0
407, 1.0
408, 1.0
409, 1.0
410, 1.0
411, 1.0
412, 1.0
413, 1.0
414, 1.0
415, 1.0
416, 1.0
417, 1.0
418, 1.0
419, 1.0
420, 1.0
421, 1.0
422, 1.0
423, 1.0
424, 1.0
425, 1.0
426, 0.0
