1, 274.5068305161094
2, 253.2962692184786
3, 221.78367838955148
4, 194.4710775411089
5, 194.4710775411089
6, 176.21010186706096
7, 176.21010186706096
8, 175.99715906798042
9, 166.45119404798513
10, 162.41613220366997
11, 160.80111939908875
12, 144.11106827721457
13, 144.11106827721457
14, 124.07658925034973
15, 124.07658925034973
16, 124.07658925034973
17, 124.07658925034973
18, 109.99545445153632
19, 109.99545445153632
20, 109.99545445153632
21, 103.42630226397925
22, 103.42630226397925
23, 102.46462804304713
24, 99.30256794262674
25, 99.0
26, 95.27853903162034
27, 79.3536388579629
28, 79.3536388579629
29, 79.3536388579629
30, 78.08969202141856
31, 75.8946638440411
32, 71.77046746399246
33, 68.17624219623724
34, 67.47592163134935
35, 67.47592163134935
36, 67.47592163134935
37, 63.26136261573884
38, 61.14736298484179
39, 61.14736298484179
40, 53.9351462406472
41, 53.9351462406472
42, 53.9351462406472
43, 53.9351462406472
44, 53.9351462406472
45, 51.95190083144215
46, 51.526692111953004
47, 51.526692111953004
48, 51.526692111953004
49, 51.526692111953004
50, 51.526692111953004
51, 50.32891812864648
52, 50.32891812864648
53, 49.8196748283246
54, 49.8196748283246
55, 49.8196748283246
56, 45.902069670114
57, 45.902069670114
58, 45.902069670114
59, 45.902069670114
60, 45.28796749689701
61, 45.28796749689701
62, 45.28796749689701
63, 43.69210454990696
64, 43.69210454990696
65, 43.69210454990696
66, 42.8485705712571
67, 42.34383071948026
68, 42.23742416388575
69, 41.92851058647326
70, 40.681691213615984
71, 40.681691213615984
72, 40.47221268969612
73, 38.87158345115362
74, 38.87158345115362
75, 38.45776904605882
76, 38.45776904605882
77, 38.45776904605882
78, 38.45776904605882
79, 38.2099463490856
80, 37.080992435478315
81, 37.080992435478315
82, 36.64696440361739
83, 36.4417343165772
84, 36.30426972134269
85, 35.81898937714463
86, 35.45419580247167
87, 35.21363372331802
88, 35.21363372331802
89, 34.713109915419565
90, 34.713109915419565
91, 34.249087579087416
92, 34.219877264537345
93, 34.219877264537345
94, 34.11744421846396
95, 33.25657829663178
96, 32.63433774416144
97, 32.48076353782343
98, 32.48076353782343
99, 32.38826948140329
100, 32.07802986469088
101, 32.01562118716424
102, 32.01562118716424
103, 31.85906464414798
104, 30.870698080866262
105, 30.870698080866262
106, 30.14962686336267
107, 30.14962686336267
108, 30.14962686336267
109, 30.14962686336267
110, 28.879058156387302
111, 28.42534080710379
112, 28.42534080710379
113, 27.477263328068172
114, 26.739483914241877
115, 26.739483914241877
116, 26.267851073127396
117, 25.65151067676132
118, 25.65151067676132
119, 25.65151067676132
120, 25.65151067676132
121, 25.65151067676132
122, 25.41653005427767
123, 24.839484696748443
124, 24.454038521274967
125, 24.454038521274967
126, 24.24871130596428
127, 24.24871130596428
128, 24.24871130596428
129, 24.24871130596428
130, 24.24871130596428
131, 24.186773244895647
132, 24.186773244895647
133, 23.895606290697042
134, 23.790754506740637
135, 23.748684174075834
136, 22.58317958127243
137, 22.58317958127243
138, 20.92844953645635
139, 20.92844953645635
140, 20.73644135332772
141, 20.73644135332772
142, 20.73644135332772
143, 20.73644135332772
144, 20.71231517720798
145, 20.615528128088304
146, 20.445048300260872
147, 20.37154878746336
148, 20.049937655763422
149, 20.049937655763422
150, 20.049937655763422
151, 19.519221295943137
152, 19.519221295943137
153, 19.493588689617926
154, 19.493588689617926
155, 19.493588689617926
156, 19.493588689617926
157, 18.920887928424502
158, 18.920887928424502
159, 18.601075237738275
160, 18.520259177452136
161, 18.138357147217054
162, 17.944358444926362
163, 17.72004514666935
164, 16.881943016134134
165, 16.881943016134134
166, 16.881943016134134
167, 16.881943016134134
168, 16.881943016134134
169, 16.881943016134134
170, 16.61324772583615
171, 16.24807680927192
172, 15.394804318340652
173, 15.394804318340652
174, 15.394804318340652
175, 15.394804318340652
176, 15.394804318340652
177, 15.362291495737216
178, 15.362291495737216
179, 14.933184523068078
180, 14.933184523068078
181, 14.866068747318506
182, 14.52583904633395
183, 14.52583904633395
184, 14.52583904633395
185, 14.52583904633395
186, 14.142135623730951
187, 14.142135623730951
188, 14.035668847618199
189, 14.035668847618199
190, 14.035668847618199
191, 13.490737563232042
192, 13.490737563232042
193, 13.45362404707371
194, 13.30413469565007
195, 12.806248474865697
196, 12.806248474865697
197, 12.806248474865697
198, 12.806248474865697
199, 12.806248474865697
200, 12.0
201, 11.874342087037917
202, 11.74734012447073
203, 11.74734012447073
204, 11.74734012447073
205, 11.704699910719626
206, 11.661903789690601
207, 11.61895003862225
208, 11.489125293076057
209, 11.489125293076057
210, 11.489125293076057
211, 11.489125293076057
212, 11.224972160321824
213, 11.224972160321824
214, 11.180339887498949
215, 11.180339887498949
216, 10.908712114635714
217, 10.908712114635714
218, 10.908712114635714
219, 10.583005244258363
220, 10.583005244258363
221, 10.488088481701515
222, 10.488088481701515
223, 10.488088481701515
224, 10.488088481701515
225, 10.295630140987
226, 10.198039027185569
227, 10.0
228, 10.0
229, 9.695359714832659
230, 9.695359714832659
231, 9.433981132056603
232, 8.94427190999916
233, 8.94427190999916
234, 8.94427190999916
235, 8.660254037844387
236, 8.660254037844387
237, 8.660254037844387
238, 8.426149773176359
239, 8.426149773176359
240, 8.426149773176359
241, 8.426149773176359
242, 8.18535277187245
243, 8.18535277187245
244, 7.483314773547883
245, 7.483314773547883
246, 7.483314773547883
247, 7.483314773547883
248, 7.280109889280518
249, 7.211102550927978
250, 7.211102550927978
251, 7.0710678118654755
252, 6.928203230275509
253, 6.928203230275509
254, 6.324555320336759
255, 6.324555320336759
256, 6.324555320336759
257, 6.324555320336759
258, 6.324555320336759
259, 6.324555320336759
260, 6.164414002968976
261, 6.164414002968976
262, 6.082762530298219
263, 6.082762530298219
264, 6.082762530298219
265, 6.0
266, 5.916079783099616
267, 5.744562646538029
268, 5.5677643628300215
269, 5.477225575051661
270, 5.291502622129181
271, 5.291502622129181
272, 5.291502622129181
273, 5.196152422706632
274, 5.0
275, 4.898979485566356
276, 4.898979485566356
277, 4.898979485566356
278, 4.898979485566356
279, 4.898979485566356
280, 4.69041575982343
281, 4.58257569495584
282, 4.358898943540674
283, 4.0
284, 4.0
285, 4.0
286, 4.0
287, 4.0
288, 3.7416573867739413
289, 3.605551275463989
290, 3.605551275463989
291, 3.605551275463989
292, 3.3166247903554
293, 3.3166247903554
294, 3.3166247903554
295, 3.3166247903554
296, 3.3166247903554
297, 3.3166247903554
298, 3.3166247903554
299, 3.1622776601683795
300, 3.1622776601683795
301, 3.0
302, 3.0
303, 3.0
304, 3.0
305, 3.0
306, 3.0
307, 3.0
308, 3.0
309, 2.8284271247461903
310, 2.8284271247461903
311, 2.6457513110645907
312, 2.449489742783178
313, 2.449489742783178
314, 2.449489742783178
315, 2.449489742783178
316, 2.449489742783178
317, 2.449489742783178
318, 2.449489742783178
319, 2.23606797749979
320, 2.23606797749979
321, 2.23606797749979
322, 2.23606797749979
323, 2.0
324, 2.0
325, 2.0
326, 2.0
327, 2.0
328, 2.0
329, 2.0
330, 2.0
331, 1.4142135623730951
332, 1.4142135623730951
333, 1.4142135623730951
334, 1.4142135623730951
335, 1.4142135623730951
336, 1.4142135623730951
337, 1.4142135623730951
338, 1.4142135623730951
339, 1.4142135623730951
340, 1.4142135623730951
341, 1.4142135623730951
342, 1.4142135623730951
343, 1.4142135623730951
344, 1.4142135623730951
345, 1.4142135623730951
346, 1.4142135623730951
347, 1.4142135623730951
348, 1.4142135623730951
349, 1.4142135623730951
350, 1.0
351, 1.0
352, 1.0
353, 1.0
354, 1.0
355, 1.0
356, 1.0
357, 1.0
358, 1.0
359, 1.0
360, 1.0
361, 1.0
362, 1.0
363, 1.0
364, 1.0
365, 1.0
366, 1.0
367, 1.0
368, 1.0
369, 1.0
370, 1.0
371, 1.0
372, 0.0
