1, 273.79006556118867
2, 191.29035521949348
3, 180.91158061329295
4, 161.8486947738535
5, 151.4562643141577
6, 151.4562643141577
7, 151.4562643141577
8, 151.4562643141577
9, 151.4562643141577
10, 130.75167302944922
11, 130.75167302944922
12, 123.5677951571525
13, 123.5677951571525
14, 115.6676272774712
15, 112.70758625753636
16, 110.74746046749786
17, 99.06563480844405
18, 99.06563480844405
19, 96.43132271207318
20, 87.98295289429652
21, 85.17041739947034
22, 85.17041739947034
23, 74.68600939935136
24, 74.68600939935136
25, 74.68600939935136
26, 74.68600939935136
27, 74.68600939935136
28, 72.6773692424265
29, 71.31619731870173
30, 71.31619731870173
31, 70.8942874990644
32, 70.8942874990644
33, 70.8942874990644
34, 65.84831053261732
35, 65.84831053261732
36, 65.75712889109438
37, 65.0384501660364
38, 62.30569797378086
39, 57.323642591866054
40, 57.323642591866054
41, 57.323642591866054
42, 57.02630971753301
43, 57.02630971753301
44, 57.02630971753301
45, 55.49774770204643
46, 51.69139193328034
47, 51.69139193328034
48, 50.08991914547278
49, 50.08991914547278
50, 48.98979485566356
51, 48.08326112068523
52, 46.97871858618538
53, 46.97871858618538
54, 46.97871858618538
55, 45.110974274559844
56, 45.110974274559844
57, 45.110974274559844
58, 44.799553569204235
59, 44.799553569204235
60, 44.799553569204235
61, 44.24929377967517
62, 42.649736224272246
63, 42.649736224272246
64, 40.74309757492672
65, 37.589892258425
66, 33.481338085566414
67, 33.481338085566414
68, 33.481338085566414
69, 33.481338085566414
70, 33.481338085566414
71, 33.481338085566414
72, 33.481338085566414
73, 33.15116890850155
74, 33.15116890850155
75, 33.1058907144937
76, 33.1058907144937
77, 32.58834147360065
78, 32.58834147360065
79, 32.31098884280702
80, 30.95157508108432
81, 30.166206257996713
82, 30.166206257996713
83, 29.782545223670862
84, 28.635642126552707
85, 28.635642126552707
86, 28.548204847240395
87, 28.407745422683583
88, 27.459060435491963
89, 27.459060435491963
90, 27.459060435491963
91, 27.459060435491963
92, 27.459060435491963
93, 26.962937525425527
94, 26.962937525425527
95, 26.664583251946766
96, 26.49528259898354
97, 26.49528259898354
98, 26.0
99, 26.0
100, 25.709920264364882
101, 25.709920264364882
102, 25.278449319529077
103, 25.278449319529077
104, 25.278449319529077
105, 25.278449319529077
106, 24.145392935299274
107, 23.874672772626646
108, 23.706539182259394
109, 23.2379000772445
110, 23.2379000772445
111, 21.283796653792763
112, 21.283796653792763
113, 20.73644135332772
114, 20.73644135332772
115, 20.73644135332772
116, 20.73644135332772
117, 20.688160865577203
118, 19.570385790780925
119, 19.570385790780925
120, 19.544820285692065
121, 19.544820285692065
122, 19.390719429665317
123, 18.973665961010276
124, 18.973665961010276
125, 17.944358444926362
126, 17.944358444926362
127, 17.944358444926362
128, 17.663521732655695
129, 17.663521732655695
130, 17.52141546793523
131, 17.52141546793523
132, 17.46424919657298
133, 17.46424919657298
134, 17.378147196982766
135, 17.378147196982766
136, 16.792855623746664
137, 16.792855623746664
138, 16.792855623746664
139, 16.673332000533065
140, 16.673332000533065
141, 16.46207763315433
142, 16.46207763315433
143, 15.905973720586866
144, 15.684387141358123
145, 15.684387141358123
146, 15.684387141358123
147, 15.652475842498529
148, 15.066519173319364
149, 14.560219778561036
150, 14.560219778561036
151, 14.560219778561036
152, 14.352700094407323
153, 14.317821063276353
154, 14.317821063276353
155, 14.177446878757825
156, 14.106735979665885
157, 14.106735979665885
158, 14.106735979665885
159, 13.856406460551018
160, 13.74772708486752
161, 13.490737563232042
162, 13.076696830622021
163, 13.076696830622021
164, 13.076696830622021
165, 12.409673645990857
166, 12.12435565298214
167, 12.12435565298214
168, 12.12435565298214
169, 12.12435565298214
170, 11.661903789690601
171, 11.661903789690601
172, 11.661903789690601
173, 11.575836902790225
174, 11.575836902790225
175, 11.575836902790225
176, 11.532562594670797
177, 11.489125293076057
178, 11.40175425099138
179, 11.090536506409418
180, 11.090536506409418
181, 11.090536506409418
182, 10.63014581273465
183, 10.63014581273465
184, 10.535653752852738
185, 10.295630140987
186, 10.04987562112089
187, 10.04987562112089
188, 9.9498743710662
189, 9.848857801796104
190, 9.848857801796104
191, 9.327379053088816
192, 9.16515138991168
193, 9.16515138991168
194, 9.16515138991168
195, 9.16515138991168
196, 9.16515138991168
197, 9.16515138991168
198, 9.1104335791443
199, 8.54400374531753
200, 8.366600265340756
201, 8.18535277187245
202, 8.0
203, 7.810249675906654
204, 7.810249675906654
205, 7.810249675906654
206, 7.615773105863909
207, 7.615773105863909
208, 7.280109889280518
209, 7.280109889280518
210, 7.280109889280518
211, 7.280109889280518
212, 7.280109889280518
213, 7.280109889280518
214, 7.280109889280518
215, 6.928203230275509
216, 6.928203230275509
217, 6.928203230275509
218, 6.782329983125268
219, 6.6332495807108
220, 6.6332495807108
221, 6.48074069840786
222, 6.164414002968976
223, 6.164414002968976
224, 6.0
225, 6.0
226, 5.830951894845301
227, 5.291502622129181
228, 5.291502622129181
229, 5.291502622129181
230, 5.291502622129181
231, 5.291502622129181
232, 5.291502622129181
233, 5.291502622129181
234, 5.0990195135927845
235, 5.0990195135927845
236, 5.0990195135927845
237, 5.0990195135927845
238, 4.898979485566356
239, 4.898979485566356
240, 4.898979485566356
241, 4.795831523312719
242, 4.795831523312719
243, 4.242640687119285
244, 4.123105625617661
245, 4.123105625617661
246, 4.123105625617661
247, 3.872983346207417
248, 3.872983346207417
249, 3.872983346207417
250, 3.872983346207417
251, 3.605551275463989
252, 3.605551275463989
253, 3.605551275463989
254, 3.605551275463989
255, 3.605551275463989
256, 3.605551275463989
257, 3.605551275463989
258, 3.605551275463989
259, 3.605551275463989
260, 3.605551275463989
261, 3.605551275463989
262, 3.4641016151377544
263, 3.4641016151377544
264, 3.4641016151377544
265, 3.1622776601683795
266, 3.1622776601683795
267, 3.1622776601683795
268, 3.0
269, 3.0
270, 3.0
271, 2.8284271247461903
272, 2.8284271247461903
273, 2.8284271247461903
274, 2.8284271247461903
275, 2.6457513110645907
276, 2.6457513110645907
277, 2.6457513110645907
278, 2.6457513110645907
279, 2.449489742783178
280, 2.449489742783178
281, 2.449489742783178
282, 2.449489742783178
283, 2.449489742783178
284, 2.449489742783178
285, 2.449489742783178
286, 2.449489742783178
287, 2.449489742783178
288, 2.23606797749979
289, 2.23606797749979
290, 2.23606797749979
291, 2.23606797749979
292, 2.23606797749979
293, 2.23606797749979
294, 2.23606797749979
295, 2.23606797749979
296, 2.0
297, 2.0
298, 2.0
299, 2.0
300, 2.0
301, 2.0
302, 2.0
303, 2.0
304, 2.0
305, 2.0
306, 1.7320508075688772
307, 1.7320508075688772
308, 1.7320508075688772
309, 1.7320508075688772
310, 1.7320508075688772
311, 1.7320508075688772
312, 1.7320508075688772
313, 1.7320508075688772
314, 1.7320508075688772
315, 1.7320508075688772
316, 1.7320508075688772
317, 1.7320508075688772
318, 1.0
319, 1.0
320, 1.0
321, 1.0
322, 1.0
323, 1.0
324, 1.0
325, 1.0
326, 1.0
327, 1.0
328, 1.0
329, 1.0
330, 1.0
331, 1.0
332, 1.0
333, 1.0
334, 1.0
335, 1.0
336, 1.0
337, 1.0
338, 1.0
339, 1.0
340, 1.0
341, 1.0
342, 1.0
343, 1.0
344, 1.0
345, 1.0
346, 1.0
347, 1.0
348, 1.0
349, 1.0
350, 1.0
351, 1.0
352, 1.0
353, 1.0
354, 1.0
355, 1.0
356, 1.0
357, 1.0
358, 1.0
359, 1.0
360, 1.0
361, 1.0
362, 1.0
363, 1.0
364, 1.0
365, 1.0
366, 1.0
367, 1.0
368, 1.0
369, 1.0
370, 1.0
371, 1.0
372, 1.0
373, 1.0
374, 1.0
375, 1.0
376, 1.0
377, 1.0
378, 0.0
