1, 219.91361940543837
2, 219.91361940543837
3, 216.85709580274286
4, 196.34408572707252
5, 196.34408572707252
6, 196.34408572707252
7, 171.65080832900264
8, 171.65080832900264
9, 148.70104236352884
10, 147.94255641971313
11, 146.2942240828393
12, 124.74373731775074
13, 124.74373731775074
14, 124.42266674525185
15, 118.50738373620439
16, 118.50738373620439
17, 118.50738373620439
18, 114.21033228215387
19, 114.21033228215387
20, 101.33114032714721
21, 101.33114032714721
22, 101.33114032714721
23, 99.86490875177326
24, 95.89056262218926
25, 93.1289428695505
26, 93.1289428695505
27, 92.94622100978609
28, 90.85703054799887
29, 88.53247991556545
30, 88.53247991556545
31, 84.94704232638121
32, 78.17928114276826
33, 70.0
34, 70.0
35, 70.0
36, 66.332495807108
37, 61.237243569579455
38, 60.18305409332431
39, 60.18305409332431
40, 58.66856057549052
41, 54.18486873657626
42, 53.32916650389353
43, 53.32916650389353
44, 50.78385570237849
45, 50.78385570237849
46, 50.78385570237849
47, 50.78385570237849
48, 50.78385570237849
49, 50.78385570237849
50, 49.69909455915671
51, 47.82258880487337
52, 47.82258880487337
53, 47.06378650300037
54, 46.021733996015406
55, 46.021733996015406
56, 44.93328387732194
57, 44.93328387732194
58, 43.86342439892262
59, 43.78355855797927
60, 42.02380277890139
61, 42.02380277890139
62, 41.677331968349414
63, 41.677331968349414
64, 41.677331968349414
65, 39.761790704142086
66, 39.761790704142086
67, 39.293765408777
68, 39.05124837953327
69, 39.05124837953327
70, 38.43175770115127
71, 38.27531841800928
72, 37.72267222772003
73, 36.810324638611924
74, 36.810324638611924
75, 36.810324638611924
76, 36.810324638611924
77, 34.219877264537345
78, 34.219877264537345
79, 34.219877264537345
80, 34.058772731852805
81, 34.0
82, 34.0
83, 33.27160951922825
84, 31.272991542223778
85, 31.272991542223778
86, 31.272991542223778
87, 31.272991542223778
88, 30.967725134404045
89, 30.967725134404045
90, 30.967725134404045
91, 29.916550603303182
92, 29.782545223670862
93, 29.631064780058107
94, 29.614185789921695
95, 28.792360097775937
96, 28.319604517012593
97, 28.319604517012593
98, 28.319604517012593
99, 28.319604517012593
100, 28.26658805020514
101, 27.16615541441225
102, 26.739483914241877
103, 26.739483914241877
104, 26.739483914241877
105, 26.739483914241877
106, 26.514147167125703
107, 26.514147167125703
108, 24.859605789312106
109, 24.859605789312106
110, 24.859605789312106
111, 24.859605789312106
112, 24.859605789312106
113, 24.859605789312106
114, 24.20743687382041
115, 24.20743687382041
116, 24.20743687382041
117, 24.20743687382041
118, 24.041630560342615
119, 24.041630560342615
120, 23.021728866442675
121, 23.021728866442675
122, 23.021728866442675
123, 23.021728866442675
124, 23.021728866442675
125, 22.759613353482084
126, 22.64950330581225
127, 22.64950330581225
128, 22.64950330581225
129, 22.64950330581225
130, 22.494443758403985
131, 22.315913604421397
132, 22.11334438749598
133, 21.517434791350013
134, 21.517434791350013
135, 21.517434791350013
136, 21.517434791350013
137, 21.470910553583888
138, 20.952326839756964
139, 20.952326839756964
140, 20.663978319771825
141, 20.663978319771825
142, 20.663978319771825
143, 20.615528128088304
144, 20.615528128088304
145, 20.615528128088304
146, 20.615528128088304
147, 19.8997487421324
148, 19.8997487421324
149, 19.8997487421324
150, 19.849433241279208
151, 19.849433241279208
152, 19.77371993328519
153, 19.77371993328519
154, 19.313207915827967
155, 19.313207915827967
156, 18.841443681416774
157, 18.841443681416774
158, 18.411952639521967
159, 18.411952639521967
160, 18.275666882497067
161, 18.110770276274835
162, 18.110770276274835
163, 18.05547008526779
164, 17.86057109949175
165, 17.86057109949175
166, 17.663521732655695
167, 17.549928774784245
168, 17.11724276862369
169, 17.08800749063506
170, 17.05872210923198
171, 16.97056274847714
172, 16.97056274847714
173, 16.55294535724685
174, 15.620499351813308
175, 15.620499351813308
176, 15.620499351813308
177, 15.362291495737216
178, 15.362291495737216
179, 15.362291495737216
180, 15.362291495737216
181, 15.198684153570664
182, 15.066519173319364
183, 15.066519173319364
184, 15.066519173319364
185, 14.933184523068078
186, 14.7648230602334
187, 14.7648230602334
188, 14.422205101855956
189, 14.422205101855956
190, 14.177446878757825
191, 14.177446878757825
192, 14.0
193, 13.92838827718412
194, 13.92838827718412
195, 13.856406460551018
196, 13.856406460551018
197, 13.416407864998739
198, 13.379088160259652
199, 13.379088160259652
200, 13.30413469565007
201, 13.0
202, 12.922847983320086
203, 12.767145334803704
204, 12.206555615733702
205, 12.206555615733702
206, 12.206555615733702
207, 12.206555615733702
208, 12.12435565298214
209, 12.12435565298214
210, 12.12435565298214
211, 11.958260743101398
212, 11.958260743101398
213, 11.661903789690601
214, 11.661903789690601
215, 11.40175425099138
216, 11.40175425099138
217, 10.862780491200215
218, 10.862780491200215
219, 10.862780491200215
220, 10.770329614269007
221, 10.344080432788601
222, 10.344080432788601
223, 10.198039027185569
224, 10.198039027185569
225, 10.198039027185569
226, 10.04987562112089
227, 10.04987562112089
228, 10.0
229, 9.695359714832659
230, 9.273618495495704
231, 9.273618495495704
232, 9.1104335791443
233, 8.888194417315589
234, 8.426149773176359
235, 8.426149773176359
236, 8.426149773176359
237, 8.246211251235321
238, 7.937253933193772
239, 7.937253933193772
240, 7.937253933193772
241, 7.681145747868608
242, 7.681145747868608
243, 7.681145747868608
244, 7.681145747868608
245, 7.681145747868608
246, 7.416198487095663
247, 7.416198487095663
248, 7.416198487095663
249, 7.416198487095663
250, 7.3484692283495345
251, 7.0710678118654755
252, 7.0710678118654755
253, 6.928203230275509
254, 6.928203230275509
255, 6.708203932499369
256, 6.557438524302
257, 6.557438524302
258, 6.557438524302
259, 6.557438524302
260, 6.48074069840786
261, 6.0
262, 6.0
263, 6.0
264, 6.0
265, 5.744562646538029
266, 5.744562646538029
267, 5.656854249492381
268, 5.656854249492381
269, 5.656854249492381
270, 5.385164807134504
271, 5.291502622129181
272, 5.291502622129181
273, 5.291502622129181
274, 5.291502622129181
275, 5.291502622129181
276, 5.291502622129181
277, 5.291502622129181
278, 5.196152422706632
279, 5.196152422706632
280, 5.196152422706632
281, 5.196152422706632
282, 5.0990195135927845
283, 5.0990195135927845
284, 5.0990195135927845
285, 5.0990195135927845
286, 5.0
287, 4.69041575982343
288, 4.47213595499958
289, 4.47213595499958
290, 4.47213595499958
291, 4.47213595499958
292, 4.358898943540674
293, 4.242640687119285
294, 4.242640687119285
295, 3.872983346207417
296, 3.872983346207417
297, 3.872983346207417
298, 3.872983346207417
299, 3.872983346207417
300, 3.872983346207417
301, 3.872983346207417
302, 3.872983346207417
303, 3.872983346207417
304, 3.7416573867739413
305, 3.605551275463989
306, 3.605551275463989
307, 3.605551275463989
308, 3.4641016151377544
309, 3.4641016151377544
310, 3.4641016151377544
311, 3.4641016151377544
312, 3.4641016151377544
313, 3.4641016151377544
314, 3.4641016151377544
315, 3.3166247903554
316, 3.3166247903554
317, 3.3166247903554
318, 3.3166247903554
319, 3.3166247903554
320, 3.3166247903554
321, 3.3166247903554
322, 3.3166247903554
323, 3.1622776601683795
324, 3.1622776601683795
325, 3.1622776601683795
326, 3.1622776601683795
327, 3.1622776601683795
328, 3.1622776601683795
329, 3.1622776601683795
330, 3.1622776601683795
331, 3.1622776601683795
332, 3.1622776601683795
333, 2.8284271247461903
334, 2.8284271247461903
335, 2.8284271247461903
336, 2.8284271247461903
337, 2.8284271247461903
338, 2.8284271247461903
339, 2.8284271247461903
340, 2.8284271247461903
341, 2.8284271247461903
342, 2.6457513110645907
343, 2.6457513110645907
344, 2.6457513110645907
345, 2.6457513110645907
346, 2.6457513110645907
347, 2.6457513110645907
348, 2.6457513110645907
349, 2.6457513110645907
350, 2.6457513110645907
351, 2.23606797749979
352, 2.23606797749979
353, 2.23606797749979
354, 2.23606797749979
355, 2.23606797749979
356, 2.0
357, 2.0
358, 2.0
359, 2.0
360, 2.0
361, 2.0
362, 2.0
363, 2.0
364, 1.7320508075688772
365, 1.7320508075688772
366, 1.7320508075688772
367, 1.7320508075688772
368, 1.7320508075688772
369, 1.7320508075688772
370, 1.7320508075688772
371, 1.7320508075688772
372, 1.7320508075688772
373, 1.7320508075688772
374, 1.7320508075688772
375, 1.7320508075688772
376, 1.7320508075688772
377, 1.7320508075688772
378, 1.7320508075688772
379, 1.7320508075688772
380, 1.7320508075688772
381, 1.7320508075688772
382, 1.7320508075688772
383, 1.7320508075688772
384, 1.7320508075688772
385, 1.7320508075688772
386, 1.7320508075688772
387, 1.7320508075688772
388, 1.7320508075688772
389, 1.7320508075688772
390, 1.7320508075688772
391, 1.7320508075688772
392, 1.7320508075688772
393, 1.7320508075688772
394, 1.7320508075688772
395, 1.7320508075688772
396, 1.7320508075688772
397, 1.7320508075688772
398, 1.7320508075688772
399, 1.7320508075688772
400, 1.7320508075688772
401, 1.7320508075688772
402, 1.7320508075688772
403, 1.7320508075688772
404, 1.7320508075688772
405, 1.7320508075688772
406, 1.7320508075688772
407, 1.7320508075688772
408, 1.7320508075688772
409, 1.4142135623730951
410, 1.4142135623730951
411, 1.4142135623730951
412, 1.4142135623730951
413, 1.4142135623730951
414, 1.0
415, 1.0
416, 1.0
417, 1.0
418, 1.0
419, 1.0
420, 1.0
421, 1.0
422, 1.0
423, 1.0
424, 1.0
425, 1.0
426, 1.0
427, 1.0
428, 1.0
429, 1.0
430, 1.0
431, 1.0
432, 1.0
433, 1.0
434, 1.0
435, 0.0
