1, 265.8965964430534
2, 264.2763704911962
3, 193.32356297151156
4, 183.09833423600554
5, 183.09833423600554
6, 175.04285189632853
7, 162.28678319567493
8, 157.8448605435096
9, 150.70169209401732
10, 150.70169209401732
11, 135.84918107960755
12, 135.84918107960755
13, 117.14520903562382
14, 117.14520903562382
15, 117.14520903562382
16, 96.44687656943589
17, 94.38749917229505
18, 94.38749917229505
19, 89.9166280506559
20, 89.9166280506559
21, 89.9166280506559
22, 86.66025617317318
23, 86.66025617317318
24, 86.20904824900923
25, 84.6640419540669
26, 82.42572413997951
27, 81.02468759581859
28, 80.11242100947892
29, 78.43468620451031
30, 77.87168933572714
31, 75.38567503179898
32, 70.2993598832877
33, 65.33758489567853
34, 65.33758489567853
35, 65.33758489567853
36, 57.40209055426466
37, 57.40209055426466
38, 55.24490926773253
39, 55.24490926773253
40, 55.24490926773253
41, 55.24490926773253
42, 55.24490926773253
43, 55.09990925582364
44, 55.09990925582364
45, 54.97272050753901
46, 54.84523680320835
47, 54.506880299646575
48, 53.91660226683428
49, 49.82971001320397
50, 49.678969393496885
51, 49.678969393496885
52, 47.56048780237646
53, 45.14421336118285
54, 45.14421336118285
55, 45.14421336118285
56, 43.81780460041329
57, 42.638011210655684
58, 42.638011210655684
59, 42.5205832509386
60, 36.89173349139343
61, 36.89173349139343
62, 36.810324638611924
63, 35.552777669262355
64, 35.397740040855716
65, 33.71943060017473
66, 32.64965543462902
67, 31.448370387032774
68, 30.967725134404045
69, 30.967725134404045
70, 30.967725134404045
71, 30.967725134404045
72, 30.166206257996713
73, 30.166206257996713
74, 30.166206257996713
75, 29.664793948382652
76, 29.664793948382652
77, 29.13760456866693
78, 29.13760456866693
79, 29.13760456866693
80, 28.809720581775867
81, 28.687976575562104
82, 28.687976575562104
83, 28.687976575562104
84, 28.337254630609507
85, 28.337254630609507
86, 28.337254630609507
87, 27.622454633866266
88, 27.622454633866266
89, 26.057628441590765
90, 26.057628441590765
91, 26.057628441590765
92, 25.0
93, 24.95996794869737
94, 24.899799195977465
95, 24.43358344574123
96, 24.43358344574123
97, 24.186773244895647
98, 23.366642891095847
99, 23.366642891095847
100, 23.366642891095847
101, 23.366642891095847
102, 23.366642891095847
103, 23.366642891095847
104, 22.715633383201094
105, 22.090722034374522
106, 22.090722034374522
107, 22.090722034374522
108, 21.908902300206645
109, 21.908902300206645
110, 21.908902300206645
111, 21.908902300206645
112, 21.77154105707724
113, 21.517434791350013
114, 21.330729007701542
115, 21.236760581595302
116, 21.071307505705477
117, 21.071307505705477
118, 20.396078054371138
119, 20.396078054371138
120, 20.396078054371138
121, 20.248456731316587
122, 19.949937343260004
123, 19.82422760159901
124, 19.313207915827967
125, 19.313207915827967
126, 17.46424919657298
127, 17.46424919657298
128, 17.46424919657298
129, 17.46424919657298
130, 17.46424919657298
131, 17.46424919657298
132, 17.320508075688775
133, 16.76305461424021
134, 16.76305461424021
135, 16.76305461424021
136, 16.76305461424021
137, 16.24807680927192
138, 16.1245154965971
139, 16.1245154965971
140, 15.132745950421556
141, 15.132745950421556
142, 15.132745950421556
143, 15.132745950421556
144, 15.132745950421556
145, 15.132745950421556
146, 15.132745950421556
147, 15.132745950421556
148, 15.132745950421556
149, 15.066519173319364
150, 14.966629547095765
151, 14.89966442575134
152, 14.66287829861518
153, 14.66287829861518
154, 14.352700094407323
155, 14.071247279470288
156, 14.071247279470288
157, 14.071247279470288
158, 13.784048752090222
159, 13.784048752090222
160, 13.784048752090222
161, 12.84523257866513
162, 12.84523257866513
163, 12.84523257866513
164, 12.84523257866513
165, 12.806248474865697
166, 12.806248474865697
167, 12.806248474865697
168, 12.806248474865697
169, 12.806248474865697
170, 12.806248474865697
171, 12.806248474865697
172, 12.449899597988733
173, 12.449899597988733
174, 12.449899597988733
175, 12.12435565298214
176, 12.041594578792296
177, 12.041594578792296
178, 11.789826122551595
179, 11.789826122551595
180, 11.704699910719626
181, 11.704699910719626
182, 11.532562594670797
183, 11.532562594670797
184, 11.532562594670797
185, 11.090536506409418
186, 11.090536506409418
187, 11.090536506409418
188, 11.090536506409418
189, 10.954451150103322
190, 10.723805294763608
191, 10.583005244258363
192, 10.04987562112089
193, 10.04987562112089
194, 10.04987562112089
195, 9.899494936611665
196, 9.899494936611665
197, 9.899494936611665
198, 9.899494936611665
199, 9.899494936611665
200, 9.797958971132712
201, 9.746794344808963
202, 9.746794344808963
203, 9.539392014169456
204, 9.539392014169456
205, 9.1104335791443
206, 9.1104335791443
207, 9.1104335791443
208, 9.1104335791443
209, 8.831760866327848
210, 8.831760866327848
211, 8.831760866327848
212, 8.831760866327848
213, 8.602325267042627
214, 8.246211251235321
215, 8.246211251235321
216, 8.12403840463596
217, 7.745966692414834
218, 7.745966692414834
219, 7.745966692414834
220, 7.745966692414834
221, 7.745966692414834
222, 7.745966692414834
223, 7.416198487095663
224, 7.416198487095663
225, 7.416198487095663
226, 7.416198487095663
227, 7.14142842854285
228, 7.0710678118654755
229, 6.782329983125268
230, 6.782329983125268
231, 6.6332495807108
232, 6.324555320336759
233, 6.324555320336759
234, 6.324555320336759
235, 6.324555320336759
236, 6.244997998398398
237, 6.244997998398398
238, 6.082762530298219
239, 6.082762530298219
240, 6.082762530298219
241, 6.082762530298219
242, 6.082762530298219
243, 6.0
244, 5.916079783099616
245, 5.916079783099616
246, 5.916079783099616
247, 5.656854249492381
248, 5.656854249492381
249, 5.5677643628300215
250, 5.5677643628300215
251, 5.5677643628300215
252, 5.5677643628300215
253, 5.5677643628300215
254, 5.477225575051661
255, 5.477225575051661
256, 5.477225575051661
257, 5.477225575051661
258, 5.196152422706632
259, 5.196152422706632
260, 5.0990195135927845
261, 5.0990195135927845
262, 5.0990195135927845
263, 4.898979485566356
264, 4.898979485566356
265, 4.898979485566356
266, 4.898979485566356
267, 4.898979485566356
268, 4.898979485566356
269, 4.795831523312719
270, 4.795831523312719
271, 4.58257569495584
272, 4.58257569495584
273, 4.358898943540674
274, 4.358898943540674
275, 4.242640687119285
276, 4.242640687119285
277, 4.242640687119285
278, 4.242640687119285
279, 4.242640687119285
280, 3.872983346207417
281, 3.872983346207417
282, 3.872983346207417
283, 3.872983346207417
284, 3.872983346207417
285, 3.872983346207417
286, 3.872983346207417
287, 3.872983346207417
288, 3.872983346207417
289, 3.872983346207417
290, 3.872983346207417
291, 3.872983346207417
292, 3.872983346207417
293, 3.7416573867739413
294, 3.7416573867739413
295, 3.7416573867739413
296, 3.7416573867739413
297, 3.7416573867739413
298, 3.0
299, 3.0
300, 3.0
301, 3.0
302, 3.0
303, 3.0
304, 3.0
305, 3.0
306, 3.0
307, 3.0
308, 3.0
309, 2.8284271247461903
310, 2.8284271247461903
311, 2.8284271247461903
312, 2.8284271247461903
313, 2.6457513110645907
314, 2.6457513110645907
315, 2.449489742783178
316, 2.449489742783178
317, 2.449489742783178
318, 2.449489742783178
319, 2.449489742783178
320, 2.449489742783178
321, 2.449489742783178
322, 2.449489742783178
323, 2.23606797749979
324, 2.23606797749979
325, 2.23606797749979
326, 2.23606797749979
327, 2.23606797749979
328, 1.7320508075688772
329, 1.7320508075688772
330, 1.7320508075688772
331, 1.7320508075688772
332, 1.7320508075688772
333, 1.7320508075688772
334, 1.7320508075688772
335, 1.7320508075688772
336, 1.7320508075688772
337, 1.4142135623730951
338, 1.4142135623730951
339, 1.4142135623730951
340, 1.4142135623730951
341, 1.0
342, 1.0
343, 1.0
344, 1.0
345, 1.0
346, 1.0
347, 1.0
348, 1.0
349, 1.0
350, 1.0
351, 1.0
352, 1.0
353, 1.0
354, 1.0
355, 1.0
356, 1.0
357, 1.0
358, 1.0
359, 1.0
360, 1.0
361, 1.0
362, 1.0
363, 1.0
364, 0.0
