1, 246.34122675670835
2, 212.0518804443856
3, 206.42674245358813
4, 198.7133614028005
5, 169.637849550152
6, 169.637849550152
7, 169.637849550152
8, 164.17064292984907
9, 161.4806489954756
10, 155.43165700718757
11, 152.97385397511562
12, 151.15554902152948
13, 125.8729518204765
14, 124.33020550131815
15, 124.33020550131815
16, 106.36258740741502
17, 106.36258740741502
18, 106.36258740741502
19, 106.36258740741502
20, 100.13490899781155
21, 100.13490899781155
22, 96.8039255402383
23, 96.8039255402383
24, 93.31130692472375
25, 90.00555538409837
26, 90.00555538409837
27, 85.69130644353604
28, 85.69130644353604
29, 83.1324244804637
30, 75.03332592921628
31, 73.5187051028512
32, 72.131823767322
33, 69.31089380465383
34, 65.27633568147036
35, 57.16642371182581
36, 57.16642371182581
37, 57.16642371182581
38, 56.621550667568265
39, 52.78257288158659
40, 52.78257288158659
41, 52.78257288158659
42, 48.48711168960263
43, 48.48711168960263
44, 48.48711168960263
45, 47.989582202807306
46, 47.989582202807306
47, 47.989582202807306
48, 47.989582202807306
49, 47.75981574503821
50, 47.75981574503821
51, 47.10626285325551
52, 46.04345773288535
53, 46.04345773288535
54, 45.78209256903839
55, 45.574115460423364
56, 45.574115460423364
57, 43.58898943540674
58, 43.58898943540674
59, 43.58898943540674
60, 43.58898943540674
61, 43.289721643826724
62, 43.289721643826724
63, 42.638011210655684
64, 42.638011210655684
65, 42.49705872175156
66, 42.15447781671598
67, 42.15447781671598
68, 42.15447781671598
69, 41.98809355043403
70, 40.70626487409524
71, 40.3732584763727
72, 40.27406113120453
73, 39.54743986657038
74, 39.54743986657038
75, 39.01281840626232
76, 39.01281840626232
77, 39.01281840626232
78, 39.01281840626232
79, 39.0
80, 38.54867053479276
81, 38.09199390948182
82, 38.09199390948182
83, 37.8021163428716
84, 37.080992435478315
85, 37.080992435478315
86, 37.080992435478315
87, 37.080992435478315
88, 37.080992435478315
89, 37.027017163147235
90, 37.027017163147235
91, 36.53765181289022
92, 35.94440151122286
93, 35.94440151122286
94, 32.17141588429082
95, 32.17141588429082
96, 32.17141588429082
97, 32.17141588429082
98, 31.827660925679098
99, 30.199337741083
100, 30.199337741083
101, 29.899832775452108
102, 29.899832775452108
103, 29.899832775452108
104, 29.899832775452108
105, 27.94637722496424
106, 27.94637722496424
107, 27.94637722496424
108, 27.94637722496424
109, 27.94637722496424
110, 27.94637722496424
111, 27.892651361962706
112, 27.54995462791182
113, 27.53179979587241
114, 27.53179979587241
115, 27.53179979587241
116, 27.440845468024488
117, 26.49528259898354
118, 26.095976701399778
119, 26.095976701399778
120, 26.095976701399778
121, 25.942243542145693
122, 25.92296279363144
123, 25.92296279363144
124, 25.199206336708304
125, 25.199206336708304
126, 25.13961017995307
127, 25.13961017995307
128, 24.145392935299274
129, 24.145392935299274
130, 23.979157616563597
131, 23.790754506740637
132, 23.68543856465402
133, 23.108440016582687
134, 23.108440016582687
135, 22.135943621178654
136, 22.135943621178654
137, 21.330729007701542
138, 21.330729007701542
139, 21.330729007701542
140, 21.330729007701542
141, 21.330729007701542
142, 21.047565179849187
143, 21.047565179849187
144, 21.047565179849187
145, 21.047565179849187
146, 21.0
147, 20.322401432901575
148, 20.322401432901575
149, 20.322401432901575
150, 19.949937343260004
151, 19.949937343260004
152, 19.078784028338912
153, 19.078784028338912
154, 19.078784028338912
155, 19.078784028338912
156, 19.078784028338912
157, 18.57417562100671
158, 18.57417562100671
159, 18.57417562100671
160, 18.33030277982336
161, 18.33030277982336
162, 18.303005217723125
163, 18.083141320025124
164, 17.69180601295413
165, 17.69180601295413
166, 17.52141546793523
167, 17.204650534085253
168, 17.204650534085253
169, 17.204650534085253
170, 16.881943016134134
171, 16.881943016134134
172, 16.673332000533065
173, 16.673332000533065
174, 16.522711641858304
175, 16.522711641858304
176, 16.522711641858304
177, 16.3707055437449
178, 16.3707055437449
179, 16.217274740226856
180, 16.06237840420901
181, 15.811388300841896
182, 15.652475842498529
183, 15.491933384829668
184, 14.491376746189438
185, 14.491376746189438
186, 14.491376746189438
187, 14.247806848775006
188, 14.071247279470288
189, 13.416407864998739
190, 13.416407864998739
191, 13.416407864998739
192, 13.416407864998739
193, 13.416407864998739
194, 13.416407864998739
195, 13.0
196, 12.727922061357855
197, 12.649110640673518
198, 12.649110640673518
199, 12.649110640673518
200, 12.649110640673518
201, 12.649110640673518
202, 12.569805089976535
203, 12.569805089976535
204, 12.569805089976535
205, 12.206555615733702
206, 12.083045973594572
207, 12.083045973594572
208, 11.61895003862225
209, 11.61895003862225
210, 11.61895003862225
211, 11.61895003862225
212, 11.61895003862225
213, 11.269427669584644
214, 11.269427669584644
215, 11.269427669584644
216, 11.269427669584644
217, 11.224972160321824
218, 11.224972160321824
219, 11.090536506409418
220, 10.816653826391969
221, 10.44030650891055
222, 10.44030650891055
223, 10.44030650891055
224, 10.44030650891055
225, 10.44030650891055
226, 10.44030650891055
227, 10.44030650891055
228, 10.14889156509222
229, 10.14889156509222
230, 9.899494936611665
231, 9.899494936611665
232, 9.695359714832659
233, 9.695359714832659
234, 9.38083151964686
235, 9.219544457292887
236, 8.888194417315589
237, 8.888194417315589
238, 8.888194417315589
239, 8.831760866327848
240, 8.54400374531753
241, 8.54400374531753
242, 8.48528137423857
243, 8.426149773176359
244, 8.246211251235321
245, 8.06225774829855
246, 8.06225774829855
247, 8.06225774829855
248, 7.937253933193772
249, 7.745966692414834
250, 7.745966692414834
251, 7.615773105863909
252, 7.14142842854285
253, 7.14142842854285
254, 7.14142842854285
255, 7.14142842854285
256, 6.928203230275509
257, 6.928203230275509
258, 6.928203230275509
259, 6.928203230275509
260, 6.324555320336759
261, 6.244997998398398
262, 6.244997998398398
263, 6.082762530298219
264, 6.082762530298219
265, 6.082762530298219
266, 6.082762530298219
267, 5.830951894845301
268, 5.656854249492381
269, 5.656854249492381
270, 5.656854249492381
271, 5.656854249492381
272, 5.656854249492381
273, 5.0
274, 5.0
275, 5.0
276, 5.0
277, 5.0
278, 5.0
279, 5.0
280, 4.898979485566356
281, 4.898979485566356
282, 4.898979485566356
283, 4.898979485566356
284, 4.898979485566356
285, 4.47213595499958
286, 4.47213595499958
287, 4.47213595499958
288, 4.47213595499958
289, 4.358898943540674
290, 4.358898943540674
291, 4.358898943540674
292, 4.242640687119285
293, 4.242640687119285
294, 4.242640687119285
295, 3.605551275463989
296, 3.605551275463989
297, 3.605551275463989
298, 3.605551275463989
299, 3.605551275463989
300, 3.3166247903554
301, 3.3166247903554
302, 3.3166247903554
303, 3.3166247903554
304, 3.3166247903554
305, 3.3166247903554
306, 3.3166247903554
307, 3.3166247903554
308, 3.1622776601683795
309, 3.1622776601683795
310, 3.1622776601683795
311, 3.1622776601683795
312, 3.1622776601683795
313, 3.1622776601683795
314, 3.1622776601683795
315, 3.1622776601683795
316, 3.1622776601683795
317, 3.1622776601683795
318, 3.0
319, 3.0
320, 3.0
321, 3.0
322, 3.0
323, 3.0
324, 3.0
325, 3.0
326, 3.0
327, 3.0
328, 3.0
329, 3.0
330, 3.0
331, 3.0
332, 3.0
333, 2.8284271247461903
334, 2.8284271247461903
335, 2.8284271247461903
336, 2.8284271247461903
337, 2.8284271247461903
338, 2.8284271247461903
339, 2.8284271247461903
340, 2.8284271247461903
341, 2.8284271247461903
342, 2.8284271247461903
343, 2.8284271247461903
344, 2.8284271247461903
345, 2.8284271247461903
346, 2.6457513110645907
347, 2.6457513110645907
348, 2.6457513110645907
349, 2.6457513110645907
350, 2.6457513110645907
351, 2.6457513110645907
352, 2.6457513110645907
353, 2.6457513110645907
354, 2.6457513110645907
355, 2.449489742783178
356, 2.449489742783178
357, 2.449489742783178
358, 2.449489742783178
359, 2.449489742783178
360, 2.449489742783178
361, 2.23606797749979
362, 2.23606797749979
363, 2.23606797749979
364, 2.23606797749979
365, 2.23606797749979
366, 2.23606797749979
367, 2.23606797749979
368, 2.23606797749979
369, 2.23606797749979
370, 2.23606797749979
371, 2.0
372, 2.0
373, 2.0
374, 2.0
375, 2.0
376, 2.0
377, 2.0
378, 2.0
379, 2.0
380, 2.0
381, 2.0
382, 2.0
383, 2.0
384, 1.7320508075688772
385, 1.7320508075688772
386, 1.4142135623730951
387, 1.4142135623730951
388, 1.0
389, 1.0
390, 1.0
391, 1.0
392, 1.0
393, 1.0
394, 1.0
395, 1.0
396, 1.0
397, 1.0
398, 1.0
399, 1.0
400, 1.0
401, 1.0
402, 1.0
403, 1.0
404, 1.0
405, 1.0
406, 1.0
407, 0.0
