1, 241.48291865057453
2, 211.59395076419364
3, 211.59395076419364
4, 193.93039988614473
5, 193.93039988614473
6, 183.8015233886814
7, 163.19926470422593
8, 163.19926470422593
9, 163.19926470422593
10, 149.83324063771698
11, 140.82613393827157
12, 138.60735911198944
13, 129.67266481413884
14, 129.67266481413884
15, 122.82507887235408
16, 117.06835610018618
17, 104.64224768228175
18, 95.65563234854496
19, 93.48796714016194
20, 93.48796714016194
21, 88.34591105421914
22, 86.90799733051038
23, 74.72616676907762
24, 74.72616676907762
25, 74.42445834535849
26, 73.13685801290619
27, 71.50524456289902
28, 71.50524456289902
29, 71.50524456289902
30, 71.50524456289902
31, 70.39176088151227
32, 69.75672010638115
33, 66.37770710110436
34, 66.30987860040162
35, 63.324560795950255
36, 63.324560795950255
37, 63.324560795950255
38, 62.44197306299666
39, 60.73713855624086
40, 60.73713855624086
41, 59.0592922409336
42, 58.43800133474792
43, 58.43800133474792
44, 55.937465083787984
45, 55.937465083787984
46, 54.56189146281496
47, 54.56189146281496
48, 54.56189146281496
49, 54.17564028232615
50, 53.54437412091022
51, 51.99038372622383
52, 51.99038372622383
53, 50.37856687124
54, 49.95998398718719
55, 49.95998398718719
56, 49.90991885387112
57, 49.02040391510457
58, 49.02040391510457
59, 49.02040391510457
60, 45.46427168667722
61, 45.46427168667722
62, 45.332107826572546
63, 44.94441010848846
64, 44.94441010848846
65, 44.94441010848846
66, 44.51965857910413
67, 44.384682042344295
68, 43.71498598878879
69, 43.71498598878879
70, 42.89522117905443
71, 42.871902220452036
72, 42.871902220452036
73, 42.871902220452036
74, 42.2729227756965
75, 42.118879377305376
76, 42.118879377305376
77, 42.118879377305376
78, 41.7492514902962
79, 41.737273509418415
80, 40.47221268969612
81, 40.08740450565489
82, 40.08740450565489
83, 40.08740450565489
84, 40.08740450565489
85, 39.153543900903784
86, 39.153543900903784
87, 39.153543900903784
88, 38.948684188300895
89, 37.20215047547655
90, 36.76955262170047
91, 36.76955262170047
92, 36.76955262170047
93, 36.0416425818802
94, 36.0416425818802
95, 36.0416425818802
96, 36.0416425818802
97, 36.0416425818802
98, 36.0416425818802
99, 35.93048844644336
100, 35.21363372331802
101, 35.04283093587046
102, 34.161381705077446
103, 34.161381705077446
104, 34.044089061098404
105, 34.044089061098404
106, 34.044089061098404
107, 32.41913015489465
108, 32.41913015489465
109, 32.41913015489465
110, 32.41913015489465
111, 31.874754901018456
112, 31.874754901018456
113, 31.827660925679098
114, 31.0
115, 30.59411708155671
116, 30.59411708155671
117, 30.59411708155671
118, 30.479501308256342
119, 29.816103031751148
120, 29.647934160747187
121, 29.13760456866693
122, 29.13760456866693
123, 28.74021572639983
124, 28.74021572639983
125, 28.035691537752374
126, 28.035691537752374
127, 28.035691537752374
128, 28.035691537752374
129, 27.80287754891569
130, 27.80287754891569
131, 27.712812921102035
132, 27.110883423451916
133, 26.19160170741759
134, 26.19160170741759
135, 26.19160170741759
136, 26.19160170741759
137, 26.19160170741759
138, 26.19160170741759
139, 26.19160170741759
140, 24.657656011875904
141, 24.657656011875904
142, 24.657656011875904
143, 24.657656011875904
144, 24.657656011875904
145, 24.657656011875904
146, 24.06241883103193
147, 24.06241883103193
148, 23.790754506740637
149, 23.600847442411894
150, 23.600847442411894
151, 23.2379000772445
152, 23.0
153, 22.869193252058544
154, 22.22611077089287
155, 22.22611077089287
156, 22.22611077089287
157, 22.22611077089287
158, 22.22611077089287
159, 22.22611077089287
160, 22.22611077089287
161, 22.22611077089287
162, 22.22611077089287
163, 22.22611077089287
164, 22.02271554554524
165, 21.93171219946131
166, 21.93171219946131
167, 21.517434791350013
168, 21.447610589527216
169, 21.447610589527216
170, 21.447610589527216
171, 20.346989949375804
172, 20.346989949375804
173, 20.346989949375804
174, 20.346989949375804
175, 20.346989949375804
176, 20.346989949375804
177, 20.248456731316587
178, 20.223748416156685
179, 19.77371993328519
180, 19.77371993328519
181, 19.748417658131498
182, 19.544820285692065
183, 18.973665961010276
184, 18.973665961010276
185, 18.973665961010276
186, 18.973665961010276
187, 18.49324200890693
188, 18.49324200890693
189, 18.49324200890693
190, 18.411952639521967
191, 18.411952639521967
192, 17.97220075561143
193, 17.97220075561143
194, 17.88854381999832
195, 17.88854381999832
196, 17.88854381999832
197, 17.88854381999832
198, 17.08800749063506
199, 17.08800749063506
200, 17.08800749063506
201, 16.911534525287763
202, 16.911534525287763
203, 16.73320053068151
204, 16.492422502470642
205, 16.492422502470642
206, 15.748015748023622
207, 15.748015748023622
208, 15.748015748023622
209, 15.748015748023622
210, 15.748015748023622
211, 15.748015748023622
212, 15.748015748023622
213, 15.033296378372908
214, 15.033296378372908
215, 15.033296378372908
216, 15.033296378372908
217, 15.0
218, 14.422205101855956
219, 14.422205101855956
220, 14.422205101855956
221, 14.422205101855956
222, 14.317821063276353
223, 14.142135623730951
224, 14.142135623730951
225, 14.142135623730951
226, 13.784048752090222
227, 13.638181696985855
228, 13.228756555322953
229, 13.152946437965905
230, 13.152946437965905
231, 12.884098726725126
232, 12.649110640673518
233, 12.649110640673518
234, 12.529964086141668
235, 12.529964086141668
236, 12.36931687685298
237, 12.288205727444508
238, 12.24744871391589
239, 12.083045973594572
240, 12.083045973594572
241, 11.958260743101398
242, 11.958260743101398
243, 11.958260743101398
244, 11.661903789690601
245, 11.661903789690601
246, 11.661903789690601
247, 11.445523142259598
248, 11.135528725660043
249, 11.135528725660043
250, 11.135528725660043
251, 10.954451150103322
252, 10.723805294763608
253, 10.723805294763608
254, 10.392304845413264
255, 10.392304845413264
256, 10.14889156509222
257, 10.14889156509222
258, 10.0
259, 10.0
260, 9.695359714832659
261, 9.539392014169456
262, 9.539392014169456
263, 9.38083151964686
264, 9.38083151964686
265, 9.219544457292887
266, 9.219544457292887
267, 9.0
268, 8.94427190999916
269, 8.94427190999916
270, 8.94427190999916
271, 8.94427190999916
272, 8.831760866327848
273, 8.831760866327848
274, 8.831760866327848
275, 8.660254037844387
276, 8.54400374531753
277, 7.937253933193772
278, 7.937253933193772
279, 7.937253933193772
280, 7.937253933193772
281, 7.937253933193772
282, 7.937253933193772
283, 7.810249675906654
284, 7.810249675906654
285, 7.810249675906654
286, 7.681145747868608
287, 7.681145747868608
288, 7.416198487095663
289, 7.416198487095663
290, 7.416198487095663
291, 7.280109889280518
292, 7.14142842854285
293, 7.0710678118654755
294, 6.928203230275509
295, 6.557438524302
296, 6.557438524302
297, 6.4031242374328485
298, 6.324555320336759
299, 6.324555320336759
300, 6.324555320336759
301, 6.324555320336759
302, 6.244997998398398
303, 6.244997998398398
304, 6.164414002968976
305, 5.916079783099616
306, 5.916079783099616
307, 5.916079783099616
308, 5.916079783099616
309, 5.830951894845301
310, 5.830951894845301
311, 5.830951894845301
312, 5.830951894845301
313, 5.744562646538029
314, 5.5677643628300215
315, 5.5677643628300215
316, 5.5677643628300215
317, 5.196152422706632
318, 5.196152422706632
319, 5.196152422706632
320, 5.196152422706632
321, 5.196152422706632
322, 5.196152422706632
323, 5.196152422706632
324, 4.795831523312719
325, 4.795831523312719
326, 4.795831523312719
327, 4.795831523312719
328, 4.795831523312719
329, 4.795831523312719
330, 4.795831523312719
331, 4.795831523312719
332, 4.69041575982343
333, 4.69041575982343
334, 4.69041575982343
335, 4.47213595499958
336, 4.47213595499958
337, 4.47213595499958
338, 4.47213595499958
339, 4.47213595499958
340, 4.47213595499958
341, 4.358898943540674
342, 4.358898943540674
343, 4.358898943540674
344, 4.123105625617661
345, 4.123105625617661
346, 4.0
347, 4.0
348, 3.872983346207417
349, 3.872983346207417
350, 3.872983346207417
351, 3.872983346207417
352, 3.872983346207417
353, 3.3166247903554
354, 3.3166247903554
355, 3.3166247903554
356, 3.3166247903554
357, 3.3166247903554
358, 3.3166247903554
359, 3.3166247903554
360, 3.3166247903554
361, 3.3166247903554
362, 3.1622776601683795
363, 3.1622776601683795
364, 3.1622776601683795
365, 3.1622776601683795
366, 3.1622776601683795
367, 3.1622776601683795
368, 3.1622776601683795
369, 3.1622776601683795
370, 3.1622776601683795
371, 3.0
372, 3.0
373, 3.0
374, 2.6457513110645907
375, 2.6457513110645907
376, 2.6457513110645907
377, 2.6457513110645907
378, 2.6457513110645907
379, 2.6457513110645907
380, 2.6457513110645907
381, 2.449489742783178
382, 2.449489742783178
383, 2.449489742783178
384, 2.449489742783178
385, 2.449489742783178
386, 2.23606797749979
387, 2.23606797749979
388, 2.23606797749979
389, 2.23606797749979
390, 2.23606797749979
391, 2.23606797749979
392, 2.23606797749979
393, 2.23606797749979
394, 2.0
395, 2.0
396, 2.0
397, 2.0
398, 2.0
399, 2.0
400, 2.0
401, 2.0
402, 2.0
403, 2.0
404, 1.7320508075688772
405, 1.7320508075688772
406, 1.7320508075688772
407, 1.7320508075688772
408, 1.7320508075688772
409, 1.7320508075688772
410, 1.4142135623730951
411, 1.4142135623730951
412, 1.4142135623730951
413, 1.4142135623730951
414, 1.4142135623730951
415, 1.4142135623730951
416, 1.4142135623730951
417, 1.4142135623730951
418, 1.4142135623730951
419, 1.4142135623730951
420, 1.4142135623730951
421, 1.4142135623730951
422, 1.4142135623730951
423, 1.4142135623730951
424, 1.4142135623730951
425, 1.4142135623730951
426, 1.4142135623730951
427, 1.4142135623730951
428, 1.4142135623730951
429, 1.0
430, 1.0
431, 1.0
432, 1.0
433, 1.0
434, 1.0
435, 1.0
436, 1.0
437, 1.0
438, 1.0
439, 1.0
440, 1.0
441, 1.0
442, 1.0
443, 1.0
444, 1.0
445, 1.0
446, 1.0
447, 1.0
448, 1.0
449, 1.0
450, 1.0
451, 1.0
452, 1.0
453, 1.0
454, 1.0
455, 1.0
456, 1.0
457, 1.0
458, 1.0
459, 1.0
460, 1.0
461, 1.0
462, 1.0
463, 1.0
464, 1.0
465, 1.0
466, 1.0
467, 1.0
468, 1.0
469, 1.0
470, 1.0
471, 1.0
472, 0.0
