1, 276.10505247097524
2, 263.9981060538124
3, 205.8616039964714
4, 202.97044119772713
5, 199.2234925906079
6, 192.4525915647799
7, 174.13500509662038
8, 155.4541733116226
9, 148.0135128966271
10, 131.9280106724876
11, 131.9280106724876
12, 122.90646850349252
13, 122.90646850349252
14, 122.90646850349252
15, 118.29623831720095
16, 108.56334556377672
17, 108.56334556377672
18, 100.45894683899488
19, 100.45894683899488
20, 92.33634170791044
21, 92.33634170791044
22, 92.33634170791044
23, 92.33634170791044
24, 85.63293758829018
25, 85.63293758829018
26, 83.21658488546619
27, 78.7210264160726
28, 78.7210264160726
29, 75.79577824654879
30, 75.79577824654879
31, 75.79577824654879
32, 75.79577824654879
33, 74.17546764261078
34, 74.17546764261078
35, 74.17546764261078
36, 72.44998274671983
37, 72.44998274671983
38, 72.11102550927978
39, 72.11102550927978
40, 70.50531894828929
41, 66.74578638386096
42, 66.74578638386096
43, 66.74578638386096
44, 66.4981202741852
45, 66.4981202741852
46, 66.4981202741852
47, 64.09368143584827
48, 64.09368143584827
49, 64.09368143584827
50, 63.85922016435841
51, 61.63602842493991
52, 61.54673021371647
53, 60.174745533321534
54, 60.174745533321534
55, 60.174745533321534
56, 59.648973168026956
57, 58.9406481131655
58, 58.39520528262573
59, 57.5065213693195
60, 57.5065213693195
61, 57.5065213693195
62, 57.14017850864661
63, 57.14017850864661
64, 55.87486017879597
65, 55.87486017879597
66, 53.85164807134504
67, 53.23532661682466
68, 51.73973328110612
69, 51.73973328110612
70, 49.02040391510457
71, 48.579831205964474
72, 48.579831205964474
73, 48.579831205964474
74, 48.579831205964474
75, 48.579831205964474
76, 47.791212581394085
77, 47.791212581394085
78, 46.636895265444075
79, 44.77722635447622
80, 44.77722635447622
81, 44.77722635447622
82, 44.77722635447622
83, 42.9767378938886
84, 42.9767378938886
85, 42.9767378938886
86, 42.9767378938886
87, 42.790185790669334
88, 42.74342054632502
89, 42.74342054632502
90, 42.50882261366456
91, 42.21374183841087
92, 41.54515615568198
93, 41.47288270665544
94, 40.70626487409524
95, 40.70626487409524
96, 40.26164427839479
97, 39.824615503479755
98, 39.81205847478876
99, 39.6232255123179
100, 38.691084244306204
101, 38.691084244306204
102, 38.691084244306204
103, 38.691084244306204
104, 36.98648401781386
105, 36.05551275463989
106, 36.05551275463989
107, 36.05551275463989
108, 36.05551275463989
109, 36.05551275463989
110, 36.02776706930364
111, 36.02776706930364
112, 35.94440151122286
113, 33.94112549695428
114, 32.41913015489465
115, 32.41913015489465
116, 32.4037034920393
117, 31.73326330524486
118, 31.73326330524486
119, 31.68595903550972
120, 31.400636936215164
121, 31.144823004794873
122, 30.919249667480614
123, 30.919249667480614
124, 30.099833886584822
125, 29.715315916207253
126, 29.715315916207253
127, 29.698484809834994
128, 29.5296461204668
129, 29.359836511806396
130, 28.722813232690143
131, 28.24889378365107
132, 28.24889378365107
133, 28.24889378365107
134, 27.586228448267445
135, 26.92582403567252
136, 26.92582403567252
137, 26.92582403567252
138, 26.92582403567252
139, 26.664583251946766
140, 26.589471600616662
141, 26.589471600616662
142, 26.324893162176366
143, 26.324893162176366
144, 26.019223662515376
145, 26.019223662515376
146, 25.37715508089904
147, 25.37715508089904
148, 25.37715508089904
149, 24.535688292770594
150, 24.535688292770594
151, 24.535688292770594
152, 24.535688292770594
153, 24.0
154, 24.0
155, 24.0
156, 24.0
157, 24.0
158, 24.0
159, 23.68543856465402
160, 22.20360331117452
161, 22.20360331117452
162, 22.20360331117452
163, 22.20360331117452
164, 22.20360331117452
165, 22.20360331117452
166, 22.20360331117452
167, 21.97726097583591
168, 21.72556098240043
169, 21.72556098240043
170, 21.72556098240043
171, 21.72556098240043
172, 21.72556098240043
173, 21.587033144922902
174, 21.071307505705477
175, 21.071307505705477
176, 21.071307505705477
177, 20.54263858417414
178, 20.049937655763422
179, 20.049937655763422
180, 20.049937655763422
181, 20.049937655763422
182, 20.049937655763422
183, 20.049937655763422
184, 19.79898987322333
185, 19.544820285692065
186, 19.544820285692065
187, 19.261360284258224
188, 19.261360284258224
189, 19.261360284258224
190, 18.867962264113206
191, 18.788294228055936
192, 18.734993995195193
193, 18.16590212458495
194, 18.16590212458495
195, 17.97220075561143
196, 17.88854381999832
197, 17.88854381999832
198, 17.378147196982766
199, 17.378147196982766
200, 17.233687939614086
201, 17.233687939614086
202, 17.233687939614086
203, 17.233687939614086
204, 16.61324772583615
205, 16.61324772583615
206, 16.583123951777
207, 16.583123951777
208, 16.583123951777
209, 16.583123951777
210, 16.34013463836819
211, 16.278820596099706
212, 16.06237840420901
213, 15.84297951775486
214, 15.84297951775486
215, 15.84297951775486
216, 15.491933384829668
217, 15.427248620541512
218, 15.132745950421556
219, 15.132745950421556
220, 15.066519173319364
221, 14.66287829861518
222, 14.66287829861518
223, 14.66287829861518
224, 14.66287829861518
225, 14.035668847618199
226, 13.856406460551018
227, 13.856406460551018
228, 13.856406460551018
229, 13.856406460551018
230, 13.856406460551018
231, 13.490737563232042
232, 13.490737563232042
233, 13.490737563232042
234, 13.19090595827292
235, 13.19090595827292
236, 12.96148139681572
237, 12.884098726725126
238, 12.884098726725126
239, 12.727922061357855
240, 12.649110640673518
241, 12.569805089976535
242, 12.569805089976535
243, 12.12435565298214
244, 12.12435565298214
245, 11.661903789690601
246, 11.40175425099138
247, 11.40175425099138
248, 11.40175425099138
249, 11.40175425099138
250, 11.40175425099138
251, 11.180339887498949
252, 11.045361017187261
253, 10.816653826391969
254, 10.677078252031311
255, 10.677078252031311
256, 10.583005244258363
257, 10.198039027185569
258, 10.198039027185569
259, 10.198039027185569
260, 10.198039027185569
261, 10.14889156509222
262, 10.14889156509222
263, 10.14889156509222
264, 10.14889156509222
265, 10.14889156509222
266, 9.643650760992955
267, 9.591663046625438
268, 9.591663046625438
269, 9.591663046625438
270, 9.486832980505138
271, 9.486832980505138
272, 9.0
273, 8.54400374531753
274, 8.54400374531753
275, 8.54400374531753
276, 8.0
277, 8.0
278, 7.937253933193772
279, 7.937253933193772
280, 7.745966692414834
281, 7.745966692414834
282, 7.745966692414834
283, 7.416198487095663
284, 7.416198487095663
285, 7.3484692283495345
286, 7.3484692283495345
287, 6.782329983125268
288, 6.782329983125268
289, 6.782329983125268
290, 6.782329983125268
291, 6.782329983125268
292, 6.708203932499369
293, 6.48074069840786
294, 6.244997998398398
295, 6.244997998398398
296, 6.244997998398398
297, 6.244997998398398
298, 6.244997998398398
299, 6.244997998398398
300, 6.244997998398398
301, 5.830951894845301
302, 5.830951894845301
303, 5.830951894845301
304, 5.830951894845301
305, 5.830951894845301
306, 5.830951894845301
307, 5.656854249492381
308, 5.656854249492381
309, 5.656854249492381
310, 5.656854249492381
311, 5.656854249492381
312, 5.656854249492381
313, 5.656854249492381
314, 5.291502622129181
315, 5.196152422706632
316, 5.196152422706632
317, 5.196152422706632
318, 5.196152422706632
319, 5.196152422706632
320, 5.196152422706632
321, 5.196152422706632
322, 5.196152422706632
323, 5.196152422706632
324, 5.0
325, 5.0
326, 5.0
327, 5.0
328, 4.795831523312719
329, 4.58257569495584
330, 4.58257569495584
331, 4.58257569495584
332, 4.58257569495584
333, 4.58257569495584
334, 4.58257569495584
335, 4.47213595499958
336, 4.47213595499958
337, 4.47213595499958
338, 4.47213595499958
339, 4.47213595499958
340, 4.47213595499958
341, 4.47213595499958
342, 4.242640687119285
343, 4.242640687119285
344, 4.123105625617661
345, 4.123105625617661
346, 4.123105625617661
347, 4.123105625617661
348, 3.872983346207417
349, 3.872983346207417
350, 3.872983346207417
351, 3.872983346207417
352, 3.7416573867739413
353, 3.7416573867739413
354, 3.4641016151377544
355, 3.4641016151377544
356, 3.4641016151377544
357, 3.4641016151377544
358, 3.4641016151377544
359, 3.4641016151377544
360, 3.1622776601683795
361, 3.0
362, 3.0
363, 3.0
364, 3.0
365, 3.0
366, 3.0
367, 3.0
368, 3.0
369, 3.0
370, 3.0
371, 3.0
372, 3.0
373, 3.0
374, 2.8284271247461903
375, 2.8284271247461903
376, 2.8284271247461903
377, 2.6457513110645907
378, 2.6457513110645907
379, 2.6457513110645907
380, 2.6457513110645907
381, 2.23606797749979
382, 2.23606797749979
383, 2.23606797749979
384, 2.23606797749979
385, 2.23606797749979
386, 2.23606797749979
387, 2.23606797749979
388, 2.23606797749979
389, 2.23606797749979
390, 2.23606797749979
391, 2.23606797749979
392, 2.23606797749979
393, 2.23606797749979
394, 2.23606797749979
395, 2.0
396, 2.0
397, 2.0
398, 2.0
399, 2.0
400, 1.7320508075688772
401, 1.7320508075688772
402, 1.7320508075688772
403, 1.0
404, 1.0
405, 1.0
406, 1.0
407, 1.0
408, 1.0
409, 1.0
410, 1.0
411, 1.0
412, 1.0
413, 1.0
414, 1.0
415, 1.0
416, 1.0
417, 1.0
418, 1.0
419, 1.0
420, 1.0
421, 1.0
422, 1.0
423, 1.0
424, 1.0
425, 1.0
426, 1.0
427, 1.0
428, 1.0
429, 1.0
430, 1.0
431, 1.0
432, 1.0
433, 0.0
