Energy,Flux
20000000,0.0
17333000,0.0
15683000,0.0
14550000.0,22936000000.0
13840000.0,95708000000.0
12840000.0,703005000000.0
10000000.0,3090340000000.0
8187300.0,8590170000000.0
6434000.0,29068300000000.0
4800000.0,17564600000000.0
4304000.0,83096400000000.0
3000000.0,65469700000000.0
2479000.0,22988800000000.0
2354000.0,94098600000000.0
1850000.0,86574300000000.0
1500000.0,28854700000000.0
1400000.0,13059800000000.0
1356000.0,12806300000000.0
1317000.0,20186100000000.0
1250000.0,16460400000000.0
1200000.0,32683900000000.0
1100000.0,31649800000000.0
1010000.0,31359200000000.0
920000.0,8222220000000.0
900000.0,9987860000000.0
875000.0,5470140000000.0
861100.0,17636500000000.0
820000.0,35960300000000.0
750000.0,42388100000000.0
679000.0,5575370000000.0
670000.0,38177800000000.0
600000.0,15876100000000.0
573000.0,13055000000000.0
550000.0,30911000000000.0
499520.0,18422400000000.0
470000.0,16367400000000.0
440000.0,9986560000000.0
420000.0,11914300000000.0
400000.0,52080600000000.0
330000.0,46337800000000.0
270000.0,61469900000000.0
200000.0,51373200000000.0
150000.0,32772500000000.0
128300.0,43043200000000.0
100000.0,15661900000000.0
85000.0,4370730000000.0
82000.0,16594900000000.0
75000.0,5312570000000.0
73000.0,31062100000000.0
60000.0,18598900000000.0
52000.0,4604240000000.0
50000.0,13301700000000.0
45000.0,42675500000000.0
30000.0,27621200000000.0
25000.0,44114600000000.0
17000.0,31028900000000.0
13000.0,34012400000000.0
9500.0,17745800000000.0
8030.0,30698900000000.0
6000.0,45376200000000.0
3900.0,4560480000000.0
3740.0,24059500000000.0
3000.0,15686100000000.0
2580.0,12172200000000.0
2290.0,4606800000000.0
2200.0,20983900000000.0
1800.0,15731900000000.0
1550.0,3216030000000.0
1500.0,27775100000000.0
1150.0,19857200000000.0
950.0,35179900000000.0
683.0,2002400000000.0
670.0,21119500000000.0
550.0,63351000000000.0
305.0,7941040000000.0
285.0,18542200000000.0
240.0,14734400000000.0
210.0,1820250000000.0
207.5,7020880000000.0
192.5,3997800000000.0
186.0,47512300000000.0
122.0,2654010000000.0
119.0,4320980000000.0
115.0,6130050000000.0
108.0,8024000000000.0
100.0,11710800000000.0
90.0,10533500000000.0
82.0,2925580000000.0
80.0,4954390000000.0
76.0,5645220000000.0
72.0,6193450000000.0
67.5,4005860000000.0
65.0,7534650000000.0
61.0,3485180000000.0
59.0,11521200000000.0
53.4,2554070000000.0
52.0,2631550000000.0
50.6,3019840000000.0
49.2,2003100000000.0
48.3,2800530000000.0
47.0,4800290000000.0
45.2,2518620000000.0
44.0,4077680000000.0
42.4,3633140000000.0
41.0,3421870000000.0
39.6,1792960000000.0
39.1,3188830000000.0
38.0,3385340000000.0
37.0,4263930000000.0
35.5,3268850000000.0
34.6,3670070000000.0
33.75,1497190000000.0
33.25,5244860000000.0
31.75,1587060000000.0
31.25,4190940000000.0
30.0,9626760000000.0
27.5,10563100000000.0
25.0,11925900000000.0
22.5,7511710000000.0
21.0,5989460000000.0
20.0,5281460000000.0
19.0,2629620000000.0
18.5,9443850000000.0
17.0,6611510000000.0
16.0,5475700000000.0
15.1,4546540000000.0
14.4,5193270000000.0
13.75,7621550000000.0
12.9,8032330000000.0
11.9,3494530000000.0
11.5,14142200000000.0
10.0,9585600000000.0
9.1,12909200000000.0
8.1,13752500000000.0
7.15,1895770000000.0
7.0,3696580000000.0
6.75,4063370000000.0
6.5,4370210000000.0
6.25,4292020000000.0
6.0,11340600000000.0
5.4,8473680000000.0
5.0,5630870000000.0
4.75,18606800000000.0
4.0,7668450000000.0
3.73,6729360000000.0
3.5,10963500000000.0
3.15,3672580000000.0
3.05,2029170000000.0
3.0,1438560000000.0
2.97,3997050000000.0
2.87,3969640000000.0
2.77,4521290000000.0
2.67,4180080000000.0
2.57,4111870000000.0
2.47,4345670000000.0
2.38,3713890000000.0
2.3,4042970000000.0
2.21,4484310000000.0
2.12,5776230000000.0
2.0,2749630000000.0
1.94,4759780000000.0
1.86,5550570000000.0
1.77,5853640000000.0
1.68,6035700000000.0
1.59,6629020000000.0
1.5,3540570000000.0
1.45,3377530000000.0
1.4,4100380000000.0
1.35,4147790000000.0
1.3,4692010000000.0
1.25,2161100000000.0
1.225,2692390000000.0
1.2,2509750000000.0
1.175,2405400000000.0
1.15,996162000000.0
1.14,974809000000.0
1.13,1227300000000.0
1.12,1224210000000.0
1.11,1090990000000.0
1.1,1220030000000.0
1.09,1280750000000.0
1.08,1052510000000.0
1.07,1096860000000.0
1.06,1328150000000.0
1.05,963658000000.0
1.04,1348610000000.0
1.03,1209470000000.0
1.02,1080320000000.0
1.01,1108110000000.0
1.0,3227550000000.0
0.975,2672930000000.0
0.95,3421170000000.0
0.925,3939570000000.0
0.9,6239210000000.0
0.85,6205630000000.0
0.8,7347480000000.0
0.75,9375750000000.0
0.7,8081370000000.0
0.65,5092570000000.0
0.625,4910560000000.0
0.6,10896700000000.0
0.55,11886500000000.0
0.5,14419900000000.0
0.45,15878800000000.0
0.4,8397630000000.0
0.375,8427480000000.0
0.35,9632120000000.0
0.325,10587000000000.0
0.3,12821000000000.0
0.275,14209700000000.0
0.25,16670800000000.0
0.225,22051900000000.0
0.2,27817800000000.0
0.175,43787700000000.0
0.15,71680600000000.0
0.125,133281000000000.0
0.1,80470600000000.0
0.09,100773000000000.0
0.08,130295000000000.0
0.07,155507000000000.0
0.06,194258000000000.0
0.05,235193000000000.0
0.04,259583000000000.0
0.03,129992000000000.0
0.0253,381822000000000.0
0.01,43573200000000.0
0.0075,35711100000000.0
0.005,10010100000000.0
0.004,9108850000000.0
0.003,3960460000000.0
0.0025,2770740000000.0
0.002,1817750000000.0
0.0015,1215670000000.0
0.0012,606084000000.0
0.001,737829000000.0
0.00075,330984000000.0
0.0005,209735000000.0
0.0001,0.0