1, 291.68133296458996
2, 281.10496260293945
3, 246.67590072806058
4, 218.00917411888886
5, 215.20920054681676
6, 186.4483842783305
7, 155.82361823549087
8, 155.82361823549087
9, 152.1873844968761
10, 133.34541611919025
11, 133.34541611919025
12, 133.34541611919025
13, 133.16906547693424
14, 133.16906547693424
15, 133.16906547693424
16, 116.61046265237096
17, 113.18568814121333
18, 108.78419002777932
19, 108.6830253535482
20, 103.4842983258813
21, 96.6126285741155
22, 96.6126285741155
23, 88.30628516702534
24, 88.30628516702534
25, 88.30628516702534
26, 88.17028978062848
27, 87.34414691323055
28, 78.15369473031969
29, 78.15369473031969
30, 78.15369473031969
31, 77.32399368889322
32, 70.4769465853906
33, 70.4769465853906
34, 70.4769465853906
35, 70.4769465853906
36, 66.18156843109719
37, 66.18156843109719
38, 64.8074069840786
39, 64.8074069840786
40, 62.13694553162394
41, 60.975404877704584
42, 59.016946718718
43, 57.88782255362521
44, 55.154328932550705
45, 54.27706698044764
46, 51.84592558726288
47, 51.44900387762624
48, 51.234753829797995
49, 49.57822102496216
50, 48.75448697299562
51, 48.75448697299562
52, 48.744230427815765
53, 48.65182422068057
54, 45.967379738244816
55, 45.40925015897091
56, 43.02324952859791
57, 41.27953488110059
58, 41.27953488110059
59, 41.12177038990418
60, 41.12177038990418
61, 40.82891132518721
62, 40.82891132518721
63, 40.82891132518721
64, 40.66939881532551
65, 40.66939881532551
66, 40.64480286580315
67, 40.2119385257662
68, 40.2119385257662
69, 40.2119385257662
70, 39.84971769034255
71, 39.84971769034255
72, 39.496835316262995
73, 39.496835316262995
74, 39.1279950930277
75, 39.1279950930277
76, 39.08964057138413
77, 39.08964057138413
78, 37.469987990390386
79, 36.565010597564445
80, 36.565010597564445
81, 36.4417343165772
82, 36.05551275463989
83, 36.0
84, 35.4964786985977
85, 35.4964786985977
86, 35.482389998420345
87, 34.713109915419565
88, 34.438350715445125
89, 34.438350715445125
90, 34.438350715445125
91, 34.39476704383968
92, 34.17601498127012
93, 33.80828300875393
94, 33.645207682521445
95, 33.645207682521445
96, 31.559467676119
97, 31.559467676119
98, 30.757112998459398
99, 30.757112998459398
100, 29.816103031751148
101, 28.160255680657446
102, 28.160255680657446
103, 28.160255680657446
104, 28.160255680657446
105, 27.964262908219126
106, 27.784887978899608
107, 27.349588662354687
108, 26.90724809414742
109, 26.90724809414742
110, 26.90724809414742
111, 26.90724809414742
112, 26.627053911388696
113, 26.627053911388696
114, 26.514147167125703
115, 25.80697580112788
116, 25.495097567963924
117, 25.495097567963924
118, 25.495097567963924
119, 24.351591323771842
120, 24.351591323771842
121, 24.331050121192877
122, 24.1039415863879
123, 23.979157616563597
124, 23.57965224510319
125, 23.57965224510319
126, 23.57965224510319
127, 23.57965224510319
128, 23.57965224510319
129, 23.388031127053
130, 22.737634001804146
131, 22.737634001804146
132, 22.60530911091463
133, 22.315913604421397
134, 22.315913604421397
135, 22.090722034374522
136, 21.400934559032695
137, 21.071307505705477
138, 20.85665361461421
139, 20.83266665599966
140, 20.591260281974
141, 20.199009876724155
142, 20.049937655763422
143, 19.924858845171276
144, 19.364916731037084
145, 19.364916731037084
146, 19.261360284258224
147, 19.183326093250876
148, 18.76166303929372
149, 18.627936010197157
150, 18.627936010197157
151, 18.627936010197157
152, 18.466185312619388
153, 18.16590212458495
154, 18.16590212458495
155, 18.138357147217054
156, 18.138357147217054
157, 17.320508075688775
158, 17.320508075688775
159, 17.26267650163207
160, 17.08800749063506
161, 16.97056274847714
162, 16.792855623746664
163, 16.64331697709324
164, 16.46207763315433
165, 16.24807680927192
166, 15.874507866387544
167, 15.874507866387544
168, 15.684387141358123
169, 15.684387141358123
170, 15.684387141358123
171, 15.132745950421556
172, 15.132745950421556
173, 15.132745950421556
174, 14.696938456699069
175, 14.696938456699069
176, 14.696938456699069
177, 14.696938456699069
178, 14.491376746189438
179, 14.2828568570857
180, 14.177446878757825
181, 14.106735979665885
182, 14.106735979665885
183, 13.892443989449804
184, 13.564659966250536
185, 13.527749258468683
186, 13.379088160259652
187, 13.0
188, 12.569805089976535
189, 12.569805089976535
190, 12.449899597988733
191, 12.449899597988733
192, 12.449899597988733
193, 12.449899597988733
194, 12.041594578792296
195, 11.958260743101398
196, 11.958260743101398
197, 11.958260743101398
198, 11.958260743101398
199, 11.789826122551595
200, 11.61895003862225
201, 11.61895003862225
202, 11.224972160321824
203, 11.224972160321824
204, 10.908712114635714
205, 10.862780491200215
206, 10.862780491200215
207, 10.583005244258363
208, 10.583005244258363
209, 10.344080432788601
210, 10.344080432788601
211, 10.198039027185569
212, 10.198039027185569
213, 10.0
214, 10.0
215, 10.0
216, 9.746794344808963
217, 9.1104335791443
218, 9.1104335791443
219, 9.1104335791443
220, 9.1104335791443
221, 9.1104335791443
222, 9.1104335791443
223, 8.54400374531753
224, 8.06225774829855
225, 8.06225774829855
226, 8.06225774829855
227, 8.06225774829855
228, 8.06225774829855
229, 8.06225774829855
230, 8.06225774829855
231, 7.3484692283495345
232, 7.3484692283495345
233, 7.3484692283495345
234, 7.3484692283495345
235, 7.0710678118654755
236, 7.0710678118654755
237, 6.855654600401044
238, 6.855654600401044
239, 6.855654600401044
240, 6.855654600401044
241, 6.855654600401044
242, 6.855654600401044
243, 6.855654600401044
244, 6.782329983125268
245, 6.6332495807108
246, 6.6332495807108
247, 6.557438524302
248, 6.557438524302
249, 6.48074069840786
250, 6.244997998398398
251, 6.244997998398398
252, 6.244997998398398
253, 5.744562646538029
254, 5.744562646538029
255, 5.744562646538029
256, 5.744562646538029
257, 5.744562646538029
258, 5.477225575051661
259, 5.477225575051661
260, 5.0990195135927845
261, 5.0990195135927845
262, 5.0990195135927845
263, 5.0990195135927845
264, 4.795831523312719
265, 4.795831523312719
266, 4.795831523312719
267, 4.69041575982343
268, 4.69041575982343
269, 4.69041575982343
270, 4.69041575982343
271, 4.69041575982343
272, 4.69041575982343
273, 4.58257569495584
274, 4.58257569495584
275, 4.358898943540674
276, 4.242640687119285
277, 4.242640687119285
278, 4.123105625617661
279, 4.123105625617661
280, 4.123105625617661
281, 4.0
282, 4.0
283, 4.0
284, 3.7416573867739413
285, 3.7416573867739413
286, 3.7416573867739413
287, 3.605551275463989
288, 3.3166247903554
289, 3.3166247903554
290, 3.3166247903554
291, 3.3166247903554
292, 3.3166247903554
293, 3.3166247903554
294, 3.1622776601683795
295, 3.1622776601683795
296, 2.8284271247461903
297, 2.8284271247461903
298, 2.8284271247461903
299, 2.8284271247461903
300, 2.8284271247461903
301, 2.6457513110645907
302, 2.6457513110645907
303, 2.6457513110645907
304, 2.6457513110645907
305, 2.6457513110645907
306, 2.449489742783178
307, 2.449489742783178
308, 2.23606797749979
309, 2.23606797749979
310, 2.23606797749979
311, 2.23606797749979
312, 2.23606797749979
313, 2.23606797749979
314, 2.0
315, 2.0
316, 2.0
317, 2.0
318, 2.0
319, 2.0
320, 1.7320508075688772
321, 1.7320508075688772
322, 1.7320508075688772
323, 1.7320508075688772
324, 1.7320508075688772
325, 1.7320508075688772
326, 1.7320508075688772
327, 1.7320508075688772
328, 1.7320508075688772
329, 1.7320508075688772
330, 1.7320508075688772
331, 1.0
332, 1.0
333, 1.0
334, 1.0
335, 1.0
336, 1.0
337, 1.0
338, 1.0
339, 1.0
340, 1.0
341, 1.0
342, 1.0
343, 1.0
344, 1.0
345, 1.0
346, 1.0
347, 1.0
348, 1.0
349, 1.0
350, 1.0
351, 1.0
352, 1.0
353, 1.0
354, 1.0
355, 1.0
356, 1.0
357, 1.0
358, 1.0
359, 1.0
360, 1.0
361, 1.0
362, 1.0
363, 1.0
364, 1.0
365, 1.0
366, 1.0
367, 1.0
368, 1.0
369, 1.0
370, 1.0
371, 1.0
372, 1.0
373, 1.0
374, 1.0
375, 0.0
1, 291.68133296458996
2, 281.10496260293945
3, 246.67590072806058
4, 218.00917411888886
5, 215.20920054681676
6, 186.4483842783305
7, 155.82361823549087
8, 155.82361823549087
9, 152.1873844968761
10, 133.34541611919025
11, 133.34541611919025
12, 133.34541611919025
13, 133.16906547693424
14, 133.16906547693424
15, 133.16906547693424
16, 116.61046265237096
17, 113.18568814121333
18, 108.78419002777932
19, 108.6830253535482
20, 103.4842983258813
21, 96.6126285741155
22, 96.6126285741155
23, 88.30628516702534
24, 88.30628516702534
25, 88.30628516702534
26, 88.17028978062848
27, 87.34414691323055
28, 78.15369473031969
29, 78.15369473031969
30, 78.15369473031969
31, 77.32399368889322
32, 70.4769465853906
33, 70.4769465853906
34, 70.4769465853906
35, 70.4769465853906
36, 66.18156843109719
37, 66.18156843109719
38, 64.8074069840786
39, 64.8074069840786
40, 62.13694553162394
41, 60.975404877704584
42, 59.016946718718
43, 57.88782255362521
44, 55.154328932550705
45, 54.27706698044764
46, 51.84592558726288
47, 51.44900387762624
48, 51.234753829797995
49, 49.57822102496216
50, 48.75448697299562
51, 48.75448697299562
52, 48.744230427815765
53, 48.65182422068057
54, 45.967379738244816
55, 45.40925015897091
56, 43.02324952859791
57, 41.27953488110059
58, 41.27953488110059
59, 41.12177038990418
60, 41.12177038990418
61, 40.82891132518721
62, 40.82891132518721
63, 40.82891132518721
64, 40.66939881532551
65, 40.66939881532551
66, 40.64480286580315
67, 40.2119385257662
68, 40.2119385257662
69, 40.2119385257662
70, 39.84971769034255
71, 39.84971769034255
72, 39.496835316262995
73, 39.496835316262995
74, 39.1279950930277
75, 39.1279950930277
76, 39.08964057138413
77, 39.08964057138413
78, 37.469987990390386
79, 36.565010597564445
80, 36.565010597564445
81, 36.4417343165772
82, 36.05551275463989
83, 36.0
84, 35.4964786985977
85, 35.4964786985977
86, 35.482389998420345
87, 34.713109915419565
88, 34.438350715445125
89, 34.438350715445125
90, 34.438350715445125
91, 34.39476704383968
92, 34.17601498127012
93, 33.80828300875393
94, 33.645207682521445
95, 33.645207682521445
96, 31.559467676119
97, 31.559467676119
98, 30.757112998459398
99, 30.757112998459398
100, 29.816103031751148
101, 28.160255680657446
102, 28.160255680657446
103, 28.160255680657446
104, 28.160255680657446
105, 27.964262908219126
106, 27.784887978899608
107, 27.349588662354687
108, 26.90724809414742
109, 26.90724809414742
110, 26.90724809414742
111, 26.90724809414742
112, 26.627053911388696
113, 26.627053911388696
114, 26.514147167125703
115, 25.80697580112788
116, 25.495097567963924
117, 25.495097567963924
118, 25.495097567963924
119, 24.351591323771842
120, 24.351591323771842
121, 24.331050121192877
122, 24.1039415863879
123, 23.979157616563597
124, 23.57965224510319
125, 23.57965224510319
126, 23.57965224510319
127, 23.57965224510319
128, 23.57965224510319
129, 23.388031127053
130, 22.737634001804146
131, 22.737634001804146
132, 22.60530911091463
133, 22.315913604421397
134, 22.315913604421397
135, 22.090722034374522
136, 21.400934559032695
137, 21.071307505705477
138, 20.85665361461421
139, 20.83266665599966
140, 20.591260281974
141, 20.199009876724155
142, 20.049937655763422
143, 19.924858845171276
144, 19.364916731037084
145, 19.364916731037084
146, 19.261360284258224
147, 19.183326093250876
148, 18.76166303929372
149, 18.627936010197157
150, 18.627936010197157
151, 18.627936010197157
152, 18.466185312619388
153, 18.16590212458495
154, 18.16590212458495
155, 18.138357147217054
156, 18.138357147217054
157, 17.320508075688775
158, 17.320508075688775
159, 17.26267650163207
160, 17.08800749063506
161, 16.97056274847714
162, 16.792855623746664
163, 16.64331697709324
164, 16.46207763315433
165, 16.24807680927192
166, 15.874507866387544
167, 15.874507866387544
168, 15.684387141358123
169, 15.684387141358123
170, 15.684387141358123
171, 15.132745950421556
172, 15.132745950421556
173, 15.132745950421556
174, 14.696938456699069
175, 14.696938456699069
176, 14.696938456699069
177, 14.696938456699069
178, 14.491376746189438
179, 14.2828568570857
180, 14.177446878757825
181, 14.106735979665885
182, 14.106735979665885
183, 13.892443989449804
184, 13.564659966250536
185, 13.527749258468683
186, 13.379088160259652
187, 13.0
188, 12.569805089976535
189, 12.569805089976535
190, 12.449899597988733
191, 12.449899597988733
192, 12.449899597988733
193, 12.449899597988733
194, 12.041594578792296
195, 11.958260743101398
196, 11.958260743101398
197, 11.958260743101398
198, 11.958260743101398
199, 11.789826122551595
200, 11.61895003862225
201, 11.61895003862225
202, 11.224972160321824
203, 11.224972160321824
204, 10.908712114635714
205, 10.862780491200215
206, 10.862780491200215
207, 10.583005244258363
208, 10.583005244258363
209, 10.344080432788601
210, 10.344080432788601
211, 10.198039027185569
212, 10.198039027185569
213, 10.0
214, 10.0
215, 10.0
216, 9.746794344808963
217, 9.1104335791443
218, 9.1104335791443
219, 9.1104335791443
220, 9.1104335791443
221, 9.1104335791443
222, 9.1104335791443
223, 8.54400374531753
224, 8.06225774829855
225, 8.06225774829855
226, 8.06225774829855
227, 8.06225774829855
228, 8.06225774829855
229, 8.06225774829855
230, 8.06225774829855
231, 7.3484692283495345
232, 7.3484692283495345
233, 7.3484692283495345
234, 7.3484692283495345
235, 7.0710678118654755
236, 7.0710678118654755
237, 6.855654600401044
238, 6.855654600401044
239, 6.855654600401044
240, 6.855654600401044
241, 6.855654600401044
242, 6.855654600401044
243, 6.855654600401044
244, 6.782329983125268
245, 6.6332495807108
246, 6.6332495807108
247, 6.557438524302
248, 6.557438524302
249, 6.48074069840786
250, 6.244997998398398
251, 6.244997998398398
252, 6.244997998398398
253, 5.744562646538029
254, 5.744562646538029
255, 5.744562646538029
256, 5.744562646538029
257, 5.744562646538029
258, 5.477225575051661
259, 5.477225575051661
260, 5.0990195135927845
261, 5.0990195135927845
262, 5.0990195135927845
263, 5.0990195135927845
264, 4.795831523312719
265, 4.795831523312719
266, 4.795831523312719
267, 4.69041575982343
268, 4.69041575982343
269, 4.69041575982343
270, 4.69041575982343
271, 4.69041575982343
272, 4.69041575982343
273, 4.58257569495584
274, 4.58257569495584
275, 4.358898943540674
276, 4.242640687119285
277, 4.242640687119285
278, 4.123105625617661
279, 4.123105625617661
280, 4.123105625617661
281, 4.0
282, 4.0
283, 4.0
284, 3.7416573867739413
285, 3.7416573867739413
286, 3.7416573867739413
287, 3.605551275463989
288, 3.3166247903554
289, 3.3166247903554
290, 3.3166247903554
291, 3.3166247903554
292, 3.3166247903554
293, 3.3166247903554
294, 3.1622776601683795
295, 3.1622776601683795
296, 2.8284271247461903
297, 2.8284271247461903
298, 2.8284271247461903
299, 2.8284271247461903
300, 2.8284271247461903
301, 2.6457513110645907
302, 2.6457513110645907
303, 2.6457513110645907
304, 2.6457513110645907
305, 2.6457513110645907
306, 2.449489742783178
307, 2.449489742783178
308, 2.23606797749979
309, 2.23606797749979
310, 2.23606797749979
311, 2.23606797749979
312, 2.23606797749979
313, 2.23606797749979
314, 2.0
315, 2.0
316, 2.0
317, 2.0
318, 2.0
319, 2.0
320, 1.7320508075688772
321, 1.7320508075688772
322, 1.7320508075688772
323, 1.7320508075688772
324, 1.7320508075688772
325, 1.7320508075688772
326, 1.7320508075688772
327, 1.7320508075688772
328, 1.7320508075688772
329, 1.7320508075688772
330, 1.7320508075688772
331, 1.0
332, 1.0
333, 1.0
334, 1.0
335, 1.0
336, 1.0
337, 1.0
338, 1.0
339, 1.0
340, 1.0
341, 1.0
342, 1.0
343, 1.0
344, 1.0
345, 1.0
346, 1.0
347, 1.0
348, 1.0
349, 1.0
350, 1.0
351, 1.0
352, 1.0
353, 1.0
354, 1.0
355, 1.0
356, 1.0
357, 1.0
358, 1.0
359, 1.0
360, 1.0
361, 1.0
362, 1.0
363, 1.0
364, 1.0
365, 1.0
366, 1.0
367, 1.0
368, 1.0
369, 1.0
370, 1.0
371, 1.0
372, 1.0
373, 1.0
374, 1.0
375, 0.0
