1, 210.22606879262145
2, 210.22606879262145
3, 210.22606879262145
4, 210.22606879262145
5, 206.99275349634829
6, 173.67498380595865
7, 173.67498380595865
8, 151.56516750229915
9, 150.4725888658795
10, 144.3433406846329
11, 144.3433406846329
12, 115.30828244319659
13, 115.30828244319659
14, 114.564392373896
15, 114.12712210513327
16, 111.33732527773424
17, 111.33732527773424
18, 107.72186407596185
19, 101.93625459079807
20, 101.19782606360673
21, 98.85342685005918
22, 89.50977600240098
23, 87.53856293085921
24, 87.53856293085921
25, 82.29216244576394
26, 81.81686867633104
27, 79.69316156358713
28, 79.69316156358713
29, 78.49840762716146
30, 76.08547824650904
31, 74.81310045707235
32, 74.81310045707235
33, 74.57211275000863
34, 67.82329983125268
35, 67.40919818541087
36, 65.93936608733814
37, 63.48228099241551
38, 63.48228099241551
39, 61.99193495931547
40, 61.99193495931547
41, 59.87486951969081
42, 59.87486951969081
43, 59.87486951969081
44, 58.66856057549052
45, 55.65968020030299
46, 55.65968020030299
47, 55.641710972974224
48, 54.63515351859094
49, 54.63515351859094
50, 53.28226721902888
51, 53.0659966456864
52, 52.76362383309168
53, 51.05878964487897
54, 49.77951385861457
55, 49.628620774710235
56, 47.958315233127195
57, 47.958315233127195
58, 47.89572005931219
59, 47.67598976424087
60, 47.16990566028302
61, 45.79301256742124
62, 45.79301256742124
63, 45.79301256742124
64, 45.79301256742124
65, 45.45327270945405
66, 43.56604182158393
67, 43.56604182158393
68, 42.67317658670374
69, 42.67317658670374
70, 41.19465984809196
71, 41.19465984809196
72, 41.19465984809196
73, 38.948684188300895
74, 38.948684188300895
75, 38.88444419044716
76, 38.88444419044716
77, 38.88444419044716
78, 38.07886552931954
79, 37.5632799419859
80, 37.5632799419859
81, 34.828149534535996
82, 34.828149534535996
83, 33.61547262794322
84, 33.331666624997915
85, 32.78719262151
86, 31.575306807693888
87, 31.416556144810016
88, 31.416556144810016
89, 31.416556144810016
90, 31.064449134018133
91, 30.740852297878796
92, 29.79932885150268
93, 29.79932885150268
94, 29.782545223670862
95, 29.103264421710495
96, 28.861739379323623
97, 28.861739379323623
98, 28.861739379323623
99, 28.61817604250837
100, 27.892651361962706
101, 27.892651361962706
102, 27.892651361962706
103, 26.962937525425527
104, 26.153393661244042
105, 26.153393661244042
106, 26.153393661244042
107, 26.153393661244042
108, 26.153393661244042
109, 26.153393661244042
110, 26.076809620810597
111, 25.39685019840059
112, 25.39685019840059
113, 25.39685019840059
114, 25.39685019840059
115, 24.758836806279895
116, 24.758836806279895
117, 24.55605831561735
118, 24.55605831561735
119, 24.55605831561735
120, 24.24871130596428
121, 24.041630560342615
122, 24.041630560342615
123, 23.473389188611005
124, 23.065125189341593
125, 23.065125189341593
126, 23.065125189341593
127, 23.065125189341593
128, 23.065125189341593
129, 22.494443758403985
130, 22.494443758403985
131, 22.315913604421397
132, 22.315913604421397
133, 21.283796653792763
134, 21.283796653792763
135, 21.283796653792763
136, 21.283796653792763
137, 20.92844953645635
138, 20.85665361461421
139, 20.85665361461421
140, 20.149441679609886
141, 20.149441679609886
142, 20.149441679609886
143, 19.949937343260004
144, 19.949937343260004
145, 19.82422760159901
146, 19.82422760159901
147, 19.6468827043885
148, 19.493588689617926
149, 19.44222209522358
150, 19.235384061671343
151, 19.131126469708992
152, 18.867962264113206
153, 18.867962264113206
154, 18.520259177452136
155, 18.520259177452136
156, 18.520259177452136
157, 18.520259177452136
158, 18.384776310850235
159, 18.35755975068582
160, 18.35755975068582
161, 17.916472867168917
162, 17.776388834631177
163, 17.776388834631177
164, 17.74823934929885
165, 17.74823934929885
166, 17.46424919657298
167, 16.73320053068151
168, 16.73320053068151
169, 16.73320053068151
170, 16.3707055437449
171, 16.3707055437449
172, 16.3707055437449
173, 16.3707055437449
174, 15.524174696260024
175, 15.524174696260024
176, 15.524174696260024
177, 15.165750888103101
178, 15.165750888103101
179, 14.594519519326424
180, 14.247806848775006
181, 14.247806848775006
182, 13.527749258468683
183, 13.527749258468683
184, 13.527749258468683
185, 13.038404810405298
186, 12.727922061357855
187, 12.727922061357855
188, 12.649110640673518
189, 12.649110640673518
190, 12.449899597988733
191, 12.449899597988733
192, 12.409673645990857
193, 12.288205727444508
194, 12.288205727444508
195, 12.165525060596439
196, 12.165525060596439
197, 12.0
198, 11.445523142259598
199, 11.445523142259598
200, 11.40175425099138
201, 11.224972160321824
202, 11.224972160321824
203, 11.180339887498949
204, 11.135528725660043
205, 11.090536506409418
206, 10.770329614269007
207, 10.770329614269007
208, 10.63014581273465
209, 10.63014581273465
210, 10.583005244258363
211, 10.583005244258363
212, 10.392304845413264
213, 10.295630140987
214, 10.295630140987
215, 10.099504938362077
216, 9.848857801796104
217, 9.848857801796104
218, 9.848857801796104
219, 8.94427190999916
220, 8.94427190999916
221, 8.94427190999916
222, 8.94427190999916
223, 8.94427190999916
224, 8.94427190999916
225, 8.94427190999916
226, 8.717797887081348
227, 8.717797887081348
228, 8.54400374531753
229, 8.306623862918075
230, 8.306623862918075
231, 8.306623862918075
232, 7.937253933193772
233, 7.874007874011811
234, 7.54983443527075
235, 7.54983443527075
236, 7.54983443527075
237, 6.6332495807108
238, 6.6332495807108
239, 6.6332495807108
240, 6.6332495807108
241, 6.6332495807108
242, 6.4031242374328485
243, 6.4031242374328485
244, 6.4031242374328485
245, 6.4031242374328485
246, 6.4031242374328485
247, 6.4031242374328485
248, 6.4031242374328485
249, 6.4031242374328485
250, 5.916079783099616
251, 5.916079783099616
252, 5.916079783099616
253, 5.916079783099616
254, 5.830951894845301
255, 5.830951894845301
256, 5.830951894845301
257, 5.830951894845301
258, 5.5677643628300215
259, 5.5677643628300215
260, 5.5677643628300215
261, 5.5677643628300215
262, 5.385164807134504
263, 5.291502622129181
264, 5.291502622129181
265, 5.0
266, 4.69041575982343
267, 4.69041575982343
268, 4.69041575982343
269, 4.69041575982343
270, 4.69041575982343
271, 4.69041575982343
272, 4.69041575982343
273, 4.69041575982343
274, 4.47213595499958
275, 4.47213595499958
276, 4.47213595499958
277, 4.47213595499958
278, 4.47213595499958
279, 4.47213595499958
280, 4.47213595499958
281, 4.47213595499958
282, 4.123105625617661
283, 3.7416573867739413
284, 3.7416573867739413
285, 3.7416573867739413
286, 3.7416573867739413
287, 3.7416573867739413
288, 3.605551275463989
289, 3.605551275463989
290, 3.605551275463989
291, 3.1622776601683795
292, 3.1622776601683795
293, 3.1622776601683795
294, 3.1622776601683795
295, 3.1622776601683795
296, 3.1622776601683795
297, 3.1622776601683795
298, 3.1622776601683795
299, 3.1622776601683795
300, 3.1622776601683795
301, 3.1622776601683795
302, 3.0
303, 3.0
304, 2.8284271247461903
305, 2.6457513110645907
306, 2.6457513110645907
307, 2.6457513110645907
308, 2.449489742783178
309, 2.449489742783178
310, 2.449489742783178
311, 2.449489742783178
312, 2.449489742783178
313, 2.449489742783178
314, 2.449489742783178
315, 2.449489742783178
316, 2.449489742783178
317, 2.449489742783178
318, 2.449489742783178
319, 2.0
320, 2.0
321, 2.0
322, 2.0
323, 1.4142135623730951
324, 1.4142135623730951
325, 1.4142135623730951
326, 1.4142135623730951
327, 1.4142135623730951
328, 1.4142135623730951
329, 1.4142135623730951
330, 1.4142135623730951
331, 1.4142135623730951
332, 1.4142135623730951
333, 1.4142135623730951
334, 1.4142135623730951
335, 1.4142135623730951
336, 1.4142135623730951
337, 1.4142135623730951
338, 1.4142135623730951
339, 1.4142135623730951
340, 1.4142135623730951
341, 1.4142135623730951
342, 1.4142135623730951
343, 1.4142135623730951
344, 1.4142135623730951
345, 1.4142135623730951
346, 1.4142135623730951
347, 1.4142135623730951
348, 1.4142135623730951
349, 1.4142135623730951
350, 1.4142135623730951
351, 1.4142135623730951
352, 1.4142135623730951
353, 1.4142135623730951
354, 1.4142135623730951
355, 1.4142135623730951
356, 1.4142135623730951
357, 1.4142135623730951
358, 1.4142135623730951
359, 1.4142135623730951
360, 1.4142135623730951
361, 1.4142135623730951
362, 1.4142135623730951
363, 1.4142135623730951
364, 1.4142135623730951
365, 1.4142135623730951
366, 1.0
367, 1.0
368, 1.0
369, 1.0
370, 1.0
371, 1.0
372, 1.0
373, 1.0
374, 1.0
375, 1.0
376, 1.0
377, 1.0
378, 1.0
379, 1.0
380, 1.0
381, 1.0
382, 1.0
383, 1.0
384, 1.0
385, 1.0
386, 0.0
