1, 324.0185179893273
2, 273.74623285079196
3, 253.99606296161363
4, 239.62053334386852
5, 207.79316639389276
6, 192.23423212320952
7, 190.67249408344142
8, 184.0950841277409
9, 169.69089545405788
10, 161.44968256394932
11, 146.11639196202458
12, 129.47200469599596
13, 129.47200469599596
14, 129.47200469599596
15, 124.24572427250766
16, 124.24572427250766
17, 121.51543111885009
18, 118.61281549647154
19, 118.61281549647154
20, 112.1160113453917
21, 103.23274674249446
22, 103.23274674249446
23, 103.23274674249446
24, 103.23274674249446
25, 97.15451610707554
26, 93.70165420097983
27, 93.6162379077476
28, 91.48223871331527
29, 90.54280755532159
30, 88.80315309717331
31, 85.28188553262645
32, 84.78797084492588
33, 84.78797084492588
34, 81.93900170248598
35, 78.91134265744057
36, 70.09992867328754
37, 68.4178339323893
38, 68.4178339323893
39, 67.88225099390856
40, 64.65291950097846
41, 63.111013301958636
42, 62.67375846396959
43, 59.67411499134277
44, 54.543560573178574
45, 54.543560573178574
46, 54.543560573178574
47, 54.543560573178574
48, 51.16639522186413
49, 49.44694126030446
50, 49.44694126030446
51, 48.093658625644196
52, 42.5440947723653
53, 42.5440947723653
54, 42.5440947723653
55, 41.90465367951393
56, 41.66533331199932
57, 40.792156108742276
58, 40.792156108742276
59, 37.986839826445156
60, 37.986839826445156
61, 37.986839826445156
62, 37.749172176353746
63, 36.45545226711637
64, 36.30426972134269
65, 35.86084215408221
66, 34.132096331752024
67, 34.132096331752024
68, 33.34666400106613
69, 33.34666400106613
70, 32.863353450309965
71, 32.60368077380221
72, 32.48076353782343
73, 32.18695387886216
74, 31.843366656181317
75, 31.843366656181317
76, 31.670175244226233
77, 31.160872901765767
78, 30.23243291566195
79, 29.427877939124322
80, 29.427877939124322
81, 29.427877939124322
82, 29.017236257093817
83, 28.77498913987632
84, 28.089143810376278
85, 27.110883423451916
86, 27.110883423451916
87, 27.110883423451916
88, 27.018512172212592
89, 26.589471600616662
90, 26.589471600616662
91, 26.419689627245813
92, 26.419689627245813
93, 25.84569596664017
94, 25.84569596664017
95, 25.534290669607408
96, 25.534290669607408
97, 25.534290669607408
98, 24.596747752497688
99, 24.596747752497688
100, 24.041630560342615
101, 24.041630560342615
102, 23.916521486202797
103, 23.916521486202797
104, 23.769728648009426
105, 23.302360395462088
106, 23.2163735324878
107, 22.956480566497994
108, 22.891046284519195
109, 22.538855339169288
110, 21.95449840010015
111, 21.95449840010015
112, 21.494185260204677
113, 20.09975124224178
114, 19.87460691435179
115, 19.77371993328519
116, 19.77371993328519
117, 19.77371993328519
118, 19.697715603592208
119, 19.313207915827967
120, 19.0
121, 19.0
122, 18.627936010197157
123, 18.547236990991408
124, 18.547236990991408
125, 18.439088914585774
126, 18.2208671582886
127, 17.97220075561143
128, 17.46424919657298
129, 17.46424919657298
130, 17.46424919657298
131, 17.291616465790582
132, 16.852299546352718
133, 16.852299546352718
134, 16.431676725154983
135, 16.431676725154983
136, 15.620499351813308
137, 15.620499351813308
138, 15.491933384829668
139, 15.362291495737216
140, 15.066519173319364
141, 15.066519173319364
142, 14.730919862656235
143, 14.730919862656235
144, 14.730919862656235
145, 14.628738838327793
146, 14.422205101855956
147, 14.422205101855956
148, 14.2828568570857
149, 14.2828568570857
150, 14.0
151, 13.638181696985855
152, 13.490737563232042
153, 13.30413469565007
154, 13.228756555322953
155, 13.076696830622021
156, 12.529964086141668
157, 12.409673645990857
158, 12.409673645990857
159, 12.409673645990857
160, 12.206555615733702
161, 12.12435565298214
162, 11.874342087037917
163, 11.61895003862225
164, 11.61895003862225
165, 11.61895003862225
166, 11.045361017187261
167, 11.045361017187261
168, 11.045361017187261
169, 11.045361017187261
170, 10.63014581273465
171, 10.63014581273465
172, 10.63014581273465
173, 10.63014581273465
174, 10.14889156509222
175, 10.14889156509222
176, 9.899494936611665
177, 9.16515138991168
178, 9.16515138991168
179, 9.16515138991168
180, 9.16515138991168
181, 8.888194417315589
182, 8.888194417315589
183, 8.774964387392123
184, 8.774964387392123
185, 8.774964387392123
186, 8.426149773176359
187, 8.426149773176359
188, 8.306623862918075
189, 7.810249675906654
190, 7.810249675906654
191, 7.810249675906654
192, 7.810249675906654
193, 7.211102550927978
194, 7.211102550927978
195, 7.14142842854285
196, 7.14142842854285
197, 7.14142842854285
198, 6.324555320336759
199, 6.324555320336759
200, 6.324555320336759
201, 6.324555320336759
202, 6.324555320336759
203, 6.164414002968976
204, 6.0
205, 6.0
206, 6.0
207, 5.5677643628300215
208, 5.5677643628300215
209, 5.5677643628300215
210, 5.5677643628300215
211, 5.5677643628300215
212, 5.5677643628300215
213, 5.477225575051661
214, 5.291502622129181
215, 5.291502622129181
216, 5.291502622129181
217, 5.0
218, 5.0
219, 5.0
220, 5.0
221, 5.0
222, 5.0
223, 5.0
224, 4.795831523312719
225, 4.795831523312719
226, 4.795831523312719
227, 4.795831523312719
228, 4.69041575982343
229, 4.69041575982343
230, 4.69041575982343
231, 4.69041575982343
232, 4.58257569495584
233, 4.58257569495584
234, 4.58257569495584
235, 4.58257569495584
236, 4.47213595499958
237, 4.47213595499958
238, 4.47213595499958
239, 4.242640687119285
240, 3.7416573867739413
241, 3.7416573867739413
242, 3.7416573867739413
243, 3.7416573867739413
244, 3.7416573867739413
245, 3.7416573867739413
246, 3.7416573867739413
247, 3.7416573867739413
248, 3.7416573867739413
249, 3.3166247903554
250, 3.3166247903554
251, 3.3166247903554
252, 3.3166247903554
253, 3.3166247903554
254, 3.3166247903554
255, 3.3166247903554
256, 3.3166247903554
257, 3.3166247903554
258, 3.3166247903554
259, 3.1622776601683795
260, 3.0
261, 3.0
262, 3.0
263, 3.0
264, 3.0
265, 3.0
266, 2.8284271247461903
267, 2.8284271247461903
268, 2.8284271247461903
269, 2.8284271247461903
270, 2.8284271247461903
271, 2.6457513110645907
272, 2.449489742783178
273, 2.449489742783178
274, 2.449489742783178
275, 2.449489742783178
276, 2.449489742783178
277, 1.7320508075688772
278, 1.7320508075688772
279, 1.7320508075688772
280, 1.7320508075688772
281, 1.7320508075688772
282, 1.7320508075688772
283, 1.7320508075688772
284, 1.7320508075688772
285, 1.7320508075688772
286, 1.7320508075688772
287, 1.7320508075688772
288, 1.7320508075688772
289, 1.7320508075688772
290, 1.7320508075688772
291, 1.7320508075688772
292, 1.4142135623730951
293, 1.4142135623730951
294, 1.4142135623730951
295, 1.4142135623730951
296, 1.4142135623730951
297, 1.4142135623730951
298, 1.4142135623730951
299, 1.4142135623730951
300, 1.4142135623730951
301, 1.4142135623730951
302, 1.4142135623730951
303, 1.4142135623730951
304, 1.4142135623730951
305, 1.4142135623730951
306, 1.4142135623730951
307, 1.4142135623730951
308, 1.0
309, 1.0
310, 1.0
311, 1.0
312, 1.0
313, 1.0
314, 1.0
315, 1.0
316, 1.0
317, 1.0
318, 1.0
319, 1.0
320, 1.0
321, 1.0
322, 1.0
323, 1.0
324, 1.0
325, 1.0
326, 1.0
327, 1.0
328, 1.0
329, 1.0
330, 1.0
331, 1.0
332, 1.0
333, 1.0
334, 1.0
335, 1.0
336, 1.0
337, 1.0
338, 1.0
339, 1.0
340, 1.0
341, 1.0
342, 1.0
343, 1.0
344, 1.0
345, 1.0
346, 1.0
347, 1.0
348, 1.0
349, 1.0
350, 1.0
351, 1.0
352, 0.0
