1, 283.6793965024601
2, 242.80032948906802
3, 216.9469981354893
4, 213.87379456118506
5, 208.51378851289428
6, 193.6388390793541
7, 176.042608478743
8, 167.45447142432477
9, 167.45447142432477
10, 155.80757362849857
11, 153.53826884526217
12, 144.52681412111733
13, 129.93459893346343
14, 129.93459893346343
15, 125.88089608832628
16, 122.6906679417795
17, 112.15614116043757
18, 111.42710621747295
19, 110.82418508610834
20, 110.33585092797354
21, 104.63746938836012
22, 98.2700361249552
23, 94.29209935090002
24, 90.65318527222306
25, 90.65318527222306
26, 85.21150157109074
27, 81.91458966508958
28, 78.6956161421969
29, 74.24284477308234
30, 73.32803011127464
31, 73.32803011127464
32, 69.86415389883427
33, 65.30696746902278
34, 59.9749947894954
35, 59.9749947894954
36, 59.94997914928745
37, 59.20304046246274
38, 58.7962583843564
39, 57.41080037762929
40, 57.41080037762929
41, 57.41080037762929
42, 57.41080037762929
43, 54.17564028232615
44, 53.422841556772326
45, 53.41348144429457
46, 52.754146756439916
47, 52.29722745997153
48, 51.84592558726288
49, 50.872389367907616
50, 50.16971197844373
51, 49.8196748283246
52, 49.8196748283246
53, 47.265209192385896
54, 47.265209192385896
55, 45.4972526643093
56, 45.4972526643093
57, 45.4972526643093
58, 45.4972526643093
59, 44.85532298401161
60, 44.85532298401161
61, 44.24929377967517
62, 43.81780460041329
63, 42.555845661906424
64, 42.555845661906424
65, 40.3732584763727
66, 40.3732584763727
67, 40.3732584763727
68, 39.4715087119811
69, 39.4715087119811
70, 38.948684188300895
71, 38.948684188300895
72, 38.57460304397182
73, 37.067505985701274
74, 37.067505985701274
75, 37.067505985701274
76, 37.067505985701274
77, 37.067505985701274
78, 37.067505985701274
79, 36.76955262170047
80, 36.565010597564445
81, 36.207733980463345
82, 35.6931365951495
83, 35.66510900025401
84, 35.41186241925155
85, 34.438350715445125
86, 34.438350715445125
87, 34.249087579087416
88, 34.249087579087416
89, 33.926390907374746
90, 33.88214869219483
91, 33.04542328371661
92, 33.04542328371661
93, 33.04542328371661
94, 32.984845004941285
95, 32.984845004941285
96, 32.89376840679705
97, 32.09361307176243
98, 32.09361307176243
99, 32.09361307176243
100, 32.09361307176243
101, 31.874754901018456
102, 31.68595903550972
103, 31.591137997862628
104, 31.480152477394387
105, 30.93541659651604
106, 30.23243291566195
107, 30.23243291566195
108, 30.23243291566195
109, 30.23243291566195
110, 30.23243291566195
111, 29.916550603303182
112, 29.748949561287034
113, 29.732137494637012
114, 29.546573405388315
115, 28.879058156387302
116, 28.372521918222215
117, 28.35489375751565
118, 28.35489375751565
119, 28.35489375751565
120, 28.178005607210743
121, 28.053520278211074
122, 28.053520278211074
123, 28.053520278211074
124, 27.53179979587241
125, 27.53179979587241
126, 27.2213151776324
127, 27.2213151776324
128, 26.70205984563738
129, 26.70205984563738
130, 26.324893162176366
131, 26.324893162176366
132, 26.324893162176366
133, 26.324893162176366
134, 26.324893162176366
135, 26.115129714401192
136, 25.84569596664017
137, 25.278449319529077
138, 24.758836806279895
139, 24.228082879171435
140, 24.228082879171435
141, 24.228082879171435
142, 23.748684174075834
143, 23.748684174075834
144, 23.45207879911715
145, 23.45207879911715
146, 23.45207879911715
147, 23.45207879911715
148, 23.108440016582687
149, 22.9128784747792
150, 22.9128784747792
151, 22.9128784747792
152, 22.80350850198276
153, 22.80350850198276
154, 22.427661492005804
155, 21.908902300206645
156, 21.908902300206645
157, 21.908902300206645
158, 21.540659228538015
159, 21.540659228538015
160, 20.97617696340303
161, 20.92844953645635
162, 20.92844953645635
163, 20.8806130178211
164, 20.54263858417414
165, 20.12461179749811
166, 20.12461179749811
167, 19.79898987322333
168, 19.79898987322333
169, 19.79898987322333
170, 19.570385790780925
171, 19.544820285692065
172, 19.157244060668017
173, 19.157244060668017
174, 18.439088914585774
175, 18.439088914585774
176, 18.439088914585774
177, 17.88854381999832
178, 17.88854381999832
179, 17.804493814764857
180, 17.804493814764857
181, 17.804493814764857
182, 16.852299546352718
183, 16.703293088490067
184, 16.703293088490067
185, 16.522711641858304
186, 16.522711641858304
187, 16.522711641858304
188, 15.874507866387544
189, 15.874507866387544
190, 15.874507866387544
191, 15.84297951775486
192, 15.198684153570664
193, 15.198684153570664
194, 15.198684153570664
195, 15.198684153570664
196, 15.165750888103101
197, 15.165750888103101
198, 14.798648586948742
199, 14.798648586948742
200, 14.798648586948742
201, 14.696938456699069
202, 14.52583904633395
203, 14.352700094407323
204, 14.352700094407323
205, 13.638181696985855
206, 13.638181696985855
207, 13.527749258468683
208, 13.416407864998739
209, 13.416407864998739
210, 13.2664991614216
211, 13.2664991614216
212, 12.806248474865697
213, 12.806248474865697
214, 12.806248474865697
215, 12.806248474865697
216, 12.806248474865697
217, 12.806248474865697
218, 12.727922061357855
219, 11.61895003862225
220, 11.61895003862225
221, 11.61895003862225
222, 11.61895003862225
223, 11.61895003862225
224, 11.61895003862225
225, 11.61895003862225
226, 11.357816691600547
227, 11.357816691600547
228, 11.045361017187261
229, 11.045361017187261
230, 10.723805294763608
231, 10.723805294763608
232, 10.723805294763608
233, 10.723805294763608
234, 10.246950765959598
235, 10.246950765959598
236, 10.246950765959598
237, 10.246950765959598
238, 10.246950765959598
239, 9.797958971132712
240, 9.797958971132712
241, 9.797958971132712
242, 9.797958971132712
243, 9.539392014169456
244, 9.0
245, 9.0
246, 9.0
247, 8.888194417315589
248, 8.888194417315589
249, 8.48528137423857
250, 8.246211251235321
251, 8.06225774829855
252, 8.06225774829855
253, 8.06225774829855
254, 8.06225774829855
255, 8.0
256, 7.483314773547883
257, 7.483314773547883
258, 7.483314773547883
259, 7.483314773547883
260, 7.211102550927978
261, 7.211102550927978
262, 7.211102550927978
263, 6.855654600401044
264, 6.782329983125268
265, 6.782329983125268
266, 6.708203932499369
267, 6.6332495807108
268, 6.6332495807108
269, 6.6332495807108
270, 6.244997998398398
271, 6.244997998398398
272, 6.0
273, 6.0
274, 6.0
275, 5.744562646538029
276, 5.744562646538029
277, 5.744562646538029
278, 5.744562646538029
279, 5.291502622129181
280, 5.0990195135927845
281, 5.0990195135927845
282, 5.0
283, 5.0
284, 4.795831523312719
285, 4.795831523312719
286, 4.795831523312719
287, 4.795831523312719
288, 4.58257569495584
289, 4.47213595499958
290, 4.242640687119285
291, 4.242640687119285
292, 4.242640687119285
293, 4.242640687119285
294, 4.123105625617661
295, 4.123105625617661
296, 4.123105625617661
297, 3.872983346207417
298, 3.872983346207417
299, 3.872983346207417
300, 3.872983346207417
301, 3.872983346207417
302, 3.605551275463989
303, 3.605551275463989
304, 3.605551275463989
305, 3.605551275463989
306, 3.4641016151377544
307, 3.4641016151377544
308, 3.4641016151377544
309, 3.4641016151377544
310, 3.3166247903554
311, 3.0
312, 3.0
313, 3.0
314, 3.0
315, 3.0
316, 3.0
317, 2.8284271247461903
318, 2.8284271247461903
319, 2.8284271247461903
320, 2.6457513110645907
321, 2.6457513110645907
322, 2.6457513110645907
323, 2.6457513110645907
324, 2.6457513110645907
325, 2.6457513110645907
326, 2.6457513110645907
327, 2.449489742783178
328, 2.449489742783178
329, 2.449489742783178
330, 2.23606797749979
331, 2.23606797749979
332, 2.23606797749979
333, 2.23606797749979
334, 2.23606797749979
335, 2.23606797749979
336, 2.23606797749979
337, 2.23606797749979
338, 2.0
339, 2.0
340, 2.0
341, 1.7320508075688772
342, 1.7320508075688772
343, 1.7320508075688772
344, 1.7320508075688772
345, 1.7320508075688772
346, 1.7320508075688772
347, 1.7320508075688772
348, 1.7320508075688772
349, 1.4142135623730951
350, 1.4142135623730951
351, 1.4142135623730951
352, 1.4142135623730951
353, 1.4142135623730951
354, 1.4142135623730951
355, 1.4142135623730951
356, 1.0
357, 1.0
358, 1.0
359, 1.0
360, 1.0
361, 1.0
362, 1.0
363, 1.0
364, 0.0
