1, 300.0649929598586
2, 265.1490147068248
3, 245.42819723902957
4, 211.9481068563718
5, 195.29208893347422
6, 186.0
7, 173.38973441354594
8, 149.9433226255841
9, 149.90330216509574
10, 132.5631924781536
11, 132.5631924781536
12, 132.5631924781536
13, 132.50660360902774
14, 132.40845894428347
15, 121.47839314050874
16, 121.47839314050874
17, 111.65124271587845
18, 110.87380213558116
19, 98.36157786453
20, 98.36157786453
21, 96.23928511787689
22, 96.23928511787689
23, 95.73922915921143
24, 87.7382470761754
25, 87.7382470761754
26, 79.23383115816122
27, 79.23383115816122
28, 79.23383115816122
29, 77.72387020729218
30, 77.00649323271382
31, 77.00649323271382
32, 75.96051605933177
33, 72.71863585079137
34, 71.30217387990355
35, 70.45565981523414
36, 70.05711955254797
37, 70.05711955254797
38, 70.05711955254797
39, 67.74953874381728
40, 66.58828725834597
41, 66.58828725834597
42, 66.58828725834597
43, 65.28399497579785
44, 64.07027391856539
45, 64.07027391856539
46, 64.07027391856539
47, 64.05466415492317
48, 62.34580980306536
49, 62.34580980306536
50, 62.03224967708329
51, 59.09314681077663
52, 59.09314681077663
53, 59.09314681077663
54, 58.36951259004995
55, 58.36951259004995
56, 55.42562584220407
57, 55.25395913416522
58, 54.064775963653084
59, 54.064775963653084
60, 54.064775963653084
61, 53.34791467339656
62, 53.34791467339656
63, 53.34791467339656
64, 52.96225070746144
65, 50.586559479766954
66, 49.193495504995376
67, 47.83304297240559
68, 46.73328578219169
69, 46.73328578219169
70, 46.73328578219169
71, 46.42197755374064
72, 45.16635916254486
73, 45.16635916254486
74, 42.61455150532503
75, 42.61455150532503
76, 42.23742416388575
77, 41.916583830269374
78, 40.29888335921977
79, 40.29888335921977
80, 39.4715087119811
81, 39.4715087119811
82, 39.4715087119811
83, 39.25557285278104
84, 38.48376280978771
85, 38.48376280978771
86, 36.61966684720111
87, 36.61966684720111
88, 36.61966684720111
89, 36.61966684720111
90, 36.3318042491699
91, 36.11094017053558
92, 36.11094017053558
93, 36.11094017053558
94, 35.6931365951495
95, 35.45419580247167
96, 35.45419580247167
97, 35.41186241925155
98, 35.270384177096794
99, 34.741905532080416
100, 34.741905532080416
101, 34.17601498127012
102, 34.17601498127012
103, 34.044089061098404
104, 34.044089061098404
105, 33.421549934136806
106, 33.421549934136806
107, 33.03028912982749
108, 32.4037034920393
109, 31.654383582688826
110, 31.654383582688826
111, 31.654383582688826
112, 31.654383582688826
113, 31.591137997862628
114, 31.240998703626616
115, 31.240998703626616
116, 31.240998703626616
117, 30.903074280724887
118, 30.298514815086232
119, 29.393876913398138
120, 29.393876913398138
121, 27.313000567495326
122, 27.313000567495326
123, 27.147743920996454
124, 27.147743920996454
125, 27.147743920996454
126, 27.147743920996454
127, 27.147743920996454
128, 27.147743920996454
129, 26.739483914241877
130, 26.739483914241877
131, 26.570660511172846
132, 26.570660511172846
133, 26.570660511172846
134, 26.229754097208
135, 26.038433132583073
136, 26.038433132583073
137, 25.573423705088842
138, 25.573423705088842
139, 25.45584412271571
140, 25.45584412271571
141, 25.45584412271571
142, 25.45584412271571
143, 25.45584412271571
144, 25.25866188063018
145, 25.25866188063018
146, 24.939927826679853
147, 24.939927826679853
148, 24.758836806279895
149, 24.454038521274967
150, 24.124676163629637
151, 24.124676163629637
152, 23.643180835073778
153, 23.643180835073778
154, 23.643180835073778
155, 23.643180835073778
156, 23.49468024894146
157, 23.49468024894146
158, 23.49468024894146
159, 23.49468024894146
160, 23.49468024894146
161, 23.0
162, 23.0
163, 22.494443758403985
164, 22.44994432064365
165, 21.447610589527216
166, 21.447610589527216
167, 21.447610589527216
168, 21.447610589527216
169, 21.354156504062622
170, 21.236760581595302
171, 20.904544960366874
172, 20.73644135332772
173, 20.73644135332772
174, 20.37154878746336
175, 19.949937343260004
176, 19.949937343260004
177, 18.788294228055936
178, 18.788294228055936
179, 18.788294228055936
180, 18.788294228055936
181, 18.788294228055936
182, 18.65475810617763
183, 18.65475810617763
184, 18.65475810617763
185, 18.33030277982336
186, 18.33030277982336
187, 17.663521732655695
188, 17.663521732655695
189, 17.663521732655695
190, 17.663521732655695
191, 17.663521732655695
192, 17.663521732655695
193, 17.029386365926403
194, 16.822603841260722
195, 16.583123951777
196, 16.583123951777
197, 16.55294535724685
198, 16.55294535724685
199, 16.522711641858304
200, 16.522711641858304
201, 16.431676725154983
202, 16.06237840420901
203, 15.874507866387544
204, 15.620499351813308
205, 15.132745950421556
206, 14.89966442575134
207, 14.89966442575134
208, 14.89966442575134
209, 14.38749456993816
210, 13.96424004376894
211, 13.92838827718412
212, 13.92838827718412
213, 13.820274961085254
214, 13.45362404707371
215, 13.45362404707371
216, 13.45362404707371
217, 13.30413469565007
218, 13.228756555322953
219, 12.727922061357855
220, 12.727922061357855
221, 12.727922061357855
222, 12.449899597988733
223, 12.449899597988733
224, 12.449899597988733
225, 11.180339887498949
226, 10.770329614269007
227, 10.770329614269007
228, 10.770329614269007
229, 10.770329614269007
230, 10.770329614269007
231, 10.723805294763608
232, 9.899494936611665
233, 9.899494936611665
234, 9.219544457292887
235, 9.219544457292887
236, 9.16515138991168
237, 9.16515138991168
238, 8.602325267042627
239, 8.602325267042627
240, 8.602325267042627
241, 8.18535277187245
242, 8.18535277187245
243, 8.18535277187245
244, 8.18535277187245
245, 8.18535277187245
246, 8.18535277187245
247, 8.06225774829855
248, 8.06225774829855
249, 7.874007874011811
250, 7.416198487095663
251, 7.416198487095663
252, 7.416198487095663
253, 7.3484692283495345
254, 7.3484692283495345
255, 7.3484692283495345
256, 7.211102550927978
257, 7.211102550927978
258, 7.211102550927978
259, 7.211102550927978
260, 7.0
261, 6.928203230275509
262, 6.928203230275509
263, 6.782329983125268
264, 6.782329983125268
265, 6.782329983125268
266, 6.6332495807108
267, 6.6332495807108
268, 6.4031242374328485
269, 6.4031242374328485
270, 6.082762530298219
271, 6.082762530298219
272, 6.082762530298219
273, 5.916079783099616
274, 5.916079783099616
275, 5.385164807134504
276, 5.385164807134504
277, 5.385164807134504
278, 5.291502622129181
279, 5.291502622129181
280, 5.291502622129181
281, 5.0
282, 5.0
283, 5.0
284, 5.0
285, 4.69041575982343
286, 4.69041575982343
287, 4.58257569495584
288, 4.58257569495584
289, 4.58257569495584
290, 4.242640687119285
291, 4.123105625617661
292, 4.123105625617661
293, 4.123105625617661
294, 4.0
295, 4.0
296, 4.0
297, 4.0
298, 3.872983346207417
299, 3.872983346207417
300, 3.872983346207417
301, 3.872983346207417
302, 3.872983346207417
303, 3.7416573867739413
304, 3.7416573867739413
305, 3.7416573867739413
306, 3.7416573867739413
307, 3.605551275463989
308, 3.3166247903554
309, 3.3166247903554
310, 3.3166247903554
311, 3.3166247903554
312, 3.3166247903554
313, 3.3166247903554
314, 3.3166247903554
315, 3.3166247903554
316, 3.1622776601683795
317, 3.1622776601683795
318, 3.1622776601683795
319, 3.1622776601683795
320, 3.1622776601683795
321, 2.8284271247461903
322, 2.8284271247461903
323, 2.8284271247461903
324, 2.8284271247461903
325, 2.8284271247461903
326, 2.8284271247461903
327, 2.8284271247461903
328, 2.8284271247461903
329, 2.8284271247461903
330, 2.8284271247461903
331, 2.8284271247461903
332, 2.8284271247461903
333, 2.449489742783178
334, 2.449489742783178
335, 2.449489742783178
336, 2.449489742783178
337, 2.449489742783178
338, 2.449489742783178
339, 2.449489742783178
340, 2.449489742783178
341, 2.23606797749979
342, 2.0
343, 2.0
344, 2.0
345, 2.0
346, 2.0
347, 1.7320508075688772
348, 1.7320508075688772
349, 1.7320508075688772
350, 1.7320508075688772
351, 1.7320508075688772
352, 1.7320508075688772
353, 1.7320508075688772
354, 1.7320508075688772
355, 1.7320508075688772
356, 1.7320508075688772
357, 1.7320508075688772
358, 1.7320508075688772
359, 1.7320508075688772
360, 1.7320508075688772
361, 1.7320508075688772
362, 1.7320508075688772
363, 1.4142135623730951
364, 1.4142135623730951
365, 1.4142135623730951
366, 1.4142135623730951
367, 1.4142135623730951
368, 1.4142135623730951
369, 1.4142135623730951
370, 1.4142135623730951
371, 1.4142135623730951
372, 1.4142135623730951
373, 1.4142135623730951
374, 1.4142135623730951
375, 1.4142135623730951
376, 1.4142135623730951
377, 1.4142135623730951
378, 1.4142135623730951
379, 1.0
380, 1.0
381, 1.0
382, 1.0
383, 1.0
384, 1.0
385, 1.0
386, 1.0
387, 1.0
388, 1.0
389, 0.0
