1, 164.73918780909418
2, 164.73918780909418
3, 164.73918780909418
4, 164.73918780909418
5, 153.710767352193
6, 152.2005256232711
7, 143.62102910089456
8, 143.62102910089456
9, 131.34306224540373
10, 131.34306224540373
11, 119.46547618454463
12, 108.55873986004075
13, 108.55873986004075
14, 95.16827202382105
15, 95.16827202382105
16, 94.06380813043877
17, 91.42756695876797
18, 87.9715863219483
19, 85.92438536294571
20, 85.92438536294571
21, 80.14985963805552
22, 75.53806987208503
23, 75.53806987208503
24, 75.53806987208503
25, 73.23250644351864
26, 73.23250644351864
27, 71.95137246779939
28, 66.60330322138685
29, 66.60330322138685
30, 60.77005841695399
31, 58.625932828399414
32, 58.625932828399414
33, 58.625932828399414
34, 55.96427431853289
35, 55.731499172371095
36, 54.49770637375485
37, 54.286278192559855
38, 51.05878964487897
39, 51.05878964487897
40, 50.98038838612354
41, 50.98038838612354
42, 49.09175083453431
43, 48.84669896727925
44, 48.84669896727925
45, 48.84669896727925
46, 48.84669896727925
47, 48.84669896727925
48, 47.148700936505136
49, 46.195237849804386
50, 45.8257569495584
51, 44.53088815642464
52, 44.53088815642464
53, 42.89522117905443
54, 42.05948168962618
55, 41.7492514902962
56, 41.23105625617661
57, 41.23105625617661
58, 41.23105625617661
59, 40.76763422127902
60, 39.45883931389772
61, 39.45883931389772
62, 39.01281840626232
63, 37.841775856849004
64, 37.841775856849004
65, 37.841775856849004
66, 37.48332962798263
67, 36.138621999185304
68, 36.138621999185304
69, 36.138621999185304
70, 34.741905532080416
71, 34.741905532080416
72, 34.741905532080416
73, 34.322004603461025
74, 34.322004603461025
75, 33.94112549695428
76, 33.04542328371661
77, 33.04542328371661
78, 33.04542328371661
79, 32.69556544854363
80, 32.38826948140329
81, 32.03123475609393
82, 31.12876483254676
83, 30.967725134404045
84, 30.967725134404045
85, 30.967725134404045
86, 30.463092423455635
87, 30.463092423455635
88, 30.463092423455635
89, 30.463092423455635
90, 30.463092423455635
91, 30.166206257996713
92, 29.664793948382652
93, 29.49576240750525
94, 29.49576240750525
95, 29.274562336608895
96, 29.274562336608895
97, 29.223278392404914
98, 28.74021572639983
99, 28.74021572639983
100, 28.74021572639983
101, 28.74021572639983
102, 28.0178514522438
103, 28.0178514522438
104, 28.0178514522438
105, 28.0178514522438
106, 28.0
107, 27.586228448267445
108, 27.49545416973504
109, 27.49545416973504
110, 26.94438717061496
111, 26.94438717061496
112, 26.94438717061496
113, 26.94438717061496
114, 26.94438717061496
115, 26.627053911388696
116, 26.627053911388696
117, 26.514147167125703
118, 26.13426869074396
119, 26.13426869074396
120, 26.13426869074396
121, 25.298221281347036
122, 25.298221281347036
123, 25.298221281347036
124, 25.13961017995307
125, 24.79919353527449
126, 24.576411454889016
127, 24.576411454889016
128, 24.576411454889016
129, 24.454038521274967
130, 24.228082879171435
131, 24.0
132, 24.0
133, 23.811761799581316
134, 23.08679276123039
135, 22.22611077089287
136, 22.22611077089287
137, 21.330729007701542
138, 21.330729007701542
139, 21.330729007701542
140, 20.83266665599966
141, 20.46948949045872
142, 20.46948949045872
143, 20.46948949045872
144, 20.46948949045872
145, 19.72308292331602
146, 19.72308292331602
147, 19.493588689617926
148, 19.183326093250876
149, 19.183326093250876
150, 18.681541692269406
151, 18.303005217723125
152, 18.303005217723125
153, 17.776388834631177
154, 17.776388834631177
155, 17.74823934929885
156, 17.52141546793523
157, 17.26267650163207
158, 17.26267650163207
159, 16.97056274847714
160, 16.97056274847714
161, 16.97056274847714
162, 16.703293088490067
163, 16.703293088490067
164, 16.61324772583615
165, 16.61324772583615
166, 16.431676725154983
167, 16.431676725154983
168, 16.431676725154983
169, 16.30950643030009
170, 15.968719422671311
171, 15.968719422671311
172, 15.652475842498529
173, 15.066519173319364
174, 15.066519173319364
175, 15.066519173319364
176, 15.066519173319364
177, 15.066519173319364
178, 15.066519173319364
179, 15.0
180, 14.966629547095765
181, 14.560219778561036
182, 14.560219778561036
183, 13.96424004376894
184, 13.892443989449804
185, 13.892443989449804
186, 13.892443989449804
187, 13.892443989449804
188, 13.527749258468683
189, 13.45362404707371
190, 13.45362404707371
191, 13.416407864998739
192, 13.2664991614216
193, 12.569805089976535
194, 12.569805089976535
195, 12.288205727444508
196, 12.288205727444508
197, 12.165525060596439
198, 12.12435565298214
199, 11.661903789690601
200, 11.661903789690601
201, 11.661903789690601
202, 11.661903789690601
203, 11.661903789690601
204, 11.489125293076057
205, 11.313708498984761
206, 11.313708498984761
207, 11.313708498984761
208, 11.313708498984761
209, 11.313708498984761
210, 11.313708498984761
211, 10.954451150103322
212, 10.954451150103322
213, 10.954451150103322
214, 10.954451150103322
215, 10.392304845413264
216, 10.099504938362077
217, 10.099504938362077
218, 9.899494936611665
219, 9.591663046625438
220, 9.591663046625438
221, 9.591663046625438
222, 9.591663046625438
223, 9.591663046625438
224, 9.273618495495704
225, 9.273618495495704
226, 9.273618495495704
227, 9.273618495495704
228, 9.055385138137417
229, 9.055385138137417
230, 8.660254037844387
231, 8.660254037844387
232, 8.366600265340756
233, 7.874007874011811
234, 7.874007874011811
235, 7.810249675906654
236, 7.54983443527075
237, 7.54983443527075
238, 7.483314773547883
239, 7.483314773547883
240, 7.3484692283495345
241, 7.3484692283495345
242, 7.3484692283495345
243, 7.3484692283495345
244, 7.211102550927978
245, 7.14142842854285
246, 6.782329983125268
247, 6.782329983125268
248, 6.557438524302
249, 6.324555320336759
250, 6.324555320336759
251, 6.164414002968976
252, 6.164414002968976
253, 5.916079783099616
254, 5.916079783099616
255, 5.830951894845301
256, 5.744562646538029
257, 5.656854249492381
258, 5.291502622129181
259, 5.291502622129181
260, 5.291502622129181
261, 5.291502622129181
262, 5.291502622129181
263, 4.898979485566356
264, 4.898979485566356
265, 4.898979485566356
266, 4.898979485566356
267, 4.898979485566356
268, 4.898979485566356
269, 4.795831523312719
270, 4.795831523312719
271, 4.58257569495584
272, 4.58257569495584
273, 4.58257569495584
274, 4.47213595499958
275, 4.358898943540674
276, 4.358898943540674
277, 4.242640687119285
278, 4.242640687119285
279, 4.0
280, 3.872983346207417
281, 3.872983346207417
282, 3.7416573867739413
283, 3.4641016151377544
284, 3.4641016151377544
285, 3.4641016151377544
286, 3.3166247903554
287, 3.3166247903554
288, 3.3166247903554
289, 3.1622776601683795
290, 2.8284271247461903
291, 2.8284271247461903
292, 2.8284271247461903
293, 2.8284271247461903
294, 2.8284271247461903
295, 2.8284271247461903
296, 2.8284271247461903
297, 2.8284271247461903
298, 2.8284271247461903
299, 2.8284271247461903
300, 2.8284271247461903
301, 2.8284271247461903
302, 2.8284271247461903
303, 2.8284271247461903
304, 2.6457513110645907
305, 2.6457513110645907
306, 2.449489742783178
307, 2.23606797749979
308, 2.23606797749979
309, 2.23606797749979
310, 2.23606797749979
311, 2.23606797749979
312, 2.23606797749979
313, 2.23606797749979
314, 2.23606797749979
315, 2.23606797749979
316, 2.23606797749979
317, 1.7320508075688772
318, 1.7320508075688772
319, 1.7320508075688772
320, 1.7320508075688772
321, 1.7320508075688772
322, 1.7320508075688772
323, 1.7320508075688772
324, 1.7320508075688772
325, 1.7320508075688772
326, 1.7320508075688772
327, 1.7320508075688772
328, 1.7320508075688772
329, 1.7320508075688772
330, 1.7320508075688772
331, 1.7320508075688772
332, 1.7320508075688772
333, 1.4142135623730951
334, 1.4142135623730951
335, 1.4142135623730951
336, 1.4142135623730951
337, 1.4142135623730951
338, 1.4142135623730951
339, 1.4142135623730951
340, 1.4142135623730951
341, 1.4142135623730951
342, 1.4142135623730951
343, 1.4142135623730951
344, 1.4142135623730951
345, 1.4142135623730951
346, 1.4142135623730951
347, 1.4142135623730951
348, 1.4142135623730951
349, 1.0
350, 1.0
351, 1.0
352, 1.0
353, 1.0
354, 1.0
355, 1.0
356, 1.0
357, 1.0
358, 1.0
359, 1.0
360, 1.0
361, 1.0
362, 1.0
363, 1.0
364, 1.0
365, 1.0
366, 0.0
