1, 315.8987179461164
2, 228.33746954891132
3, 208.65282169191963
4, 185.05944990732033
5, 173.25414857947845
6, 149.57272478630588
7, 149.57272478630588
8, 149.57272478630588
9, 128.6506898543494
10, 128.6506898543494
11, 128.1483515305601
12, 118.34694757364889
13, 118.05930712993364
14, 109.78160137290766
15, 102.30835742987959
16, 92.85472524325297
17, 90.26627277117406
18, 90.26627277117406
19, 88.53247991556545
20, 88.175960442742
21, 87.00574693662483
22, 81.14185110040317
23, 75.47184905645283
24, 75.47184905645283
25, 75.47184905645283
26, 75.47184905645283
27, 72.09715667070374
28, 71.88880302244571
29, 71.88880302244571
30, 71.87489130426563
31, 68.65857557508748
32, 68.0
33, 67.09694478886502
34, 67.09694478886502
35, 64.00781202322104
36, 64.00781202322104
37, 61.587336360651285
38, 61.26173356998641
39, 60.76183012385325
40, 59.87486951969081
41, 59.33801479658719
42, 58.677082408722406
43, 56.10704055642215
44, 54.3323108288245
45, 54.3323108288245
46, 52.354560450833695
47, 50.91168824543142
48, 47.16990566028302
49, 47.16990566028302
50, 46.20606020859169
51, 46.20606020859169
52, 44.844174649557324
53, 42.2965719651132
54, 42.2965719651132
55, 41.2674205639267
56, 41.2674205639267
57, 39.50949253027682
58, 39.03844259188627
59, 39.03844259188627
60, 38.379682124790975
61, 37.080992435478315
62, 37.080992435478315
63, 37.080992435478315
64, 35.79106033634656
65, 35.17101079013795
66, 35.17101079013795
67, 35.17101079013795
68, 34.87119154832539
69, 34.87119154832539
70, 34.55430508634199
71, 34.55430508634199
72, 34.55430508634199
73, 34.26368339802363
74, 33.76388603226827
75, 33.49626844888845
76, 32.51153641401772
77, 32.51153641401772
78, 32.51153641401772
79, 32.2335229225724
80, 32.2335229225724
81, 31.701734968294716
82, 31.20897306865447
83, 30.805843601498726
84, 30.805843601498726
85, 30.364452901377952
86, 30.364452901377952
87, 30.28200785945344
88, 29.715315916207253
89, 29.715315916207253
90, 29.647934160747187
91, 29.647934160747187
92, 28.930952282978865
93, 28.930952282978865
94, 28.930952282978865
95, 28.930952282978865
96, 28.053520278211074
97, 28.053520278211074
98, 28.053520278211074
99, 28.053520278211074
100, 27.820855486487112
101, 27.440845468024488
102, 27.331300737432898
103, 27.331300737432898
104, 27.23967694375247
105, 27.23967694375247
106, 27.073972741361768
107, 27.0
108, 26.570660511172846
109, 26.570660511172846
110, 26.570660511172846
111, 26.570660511172846
112, 26.419689627245813
113, 26.419689627245813
114, 25.865034312755125
115, 25.787593916455254
116, 25.612496949731394
117, 25.357444666211933
118, 25.357444666211933
119, 25.357444666211933
120, 24.839484696748443
121, 24.839484696748443
122, 24.839484696748443
123, 24.839484696748443
124, 24.596747752497688
125, 24.474476501040833
126, 23.57965224510319
127, 23.57965224510319
128, 23.57965224510319
129, 23.57965224510319
130, 23.45207879911715
131, 23.2163735324878
132, 23.108440016582687
133, 22.293496809607955
134, 22.293496809607955
135, 22.293496809607955
136, 22.293496809607955
137, 22.293496809607955
138, 21.93171219946131
139, 21.283796653792763
140, 21.047565179849187
141, 21.047565179849187
142, 21.047565179849187
143, 21.047565179849187
144, 21.047565179849187
145, 19.6468827043885
146, 19.6468827043885
147, 19.6468827043885
148, 19.6468827043885
149, 19.6468827043885
150, 19.544820285692065
151, 19.339079605813716
152, 19.131126469708992
153, 18.76166303929372
154, 18.439088914585774
155, 18.439088914585774
156, 18.439088914585774
157, 18.138357147217054
158, 18.138357147217054
159, 17.86057109949175
160, 17.86057109949175
161, 17.86057109949175
162, 17.86057109949175
163, 17.029386365926403
164, 17.029386365926403
165, 17.029386365926403
166, 17.029386365926403
167, 17.029386365926403
168, 16.941074346097416
169, 16.881943016134134
170, 16.61324772583615
171, 15.937377450509228
172, 15.905973720586866
173, 13.820274961085254
174, 13.416407864998739
175, 13.228756555322953
176, 13.228756555322953
177, 13.228756555322953
178, 13.228756555322953
179, 13.228756555322953
180, 12.884098726725126
181, 12.68857754044952
182, 12.649110640673518
183, 12.649110640673518
184, 12.489995996796797
185, 12.489995996796797
186, 11.958260743101398
187, 11.958260743101398
188, 11.575836902790225
189, 11.575836902790225
190, 11.575836902790225
191, 11.575836902790225
192, 11.575836902790225
193, 11.135528725660043
194, 11.135528725660043
195, 11.135528725660043
196, 11.090536506409418
197, 11.090536506409418
198, 10.816653826391969
199, 10.816653826391969
200, 10.488088481701515
201, 10.488088481701515
202, 10.344080432788601
203, 10.344080432788601
204, 10.344080432788601
205, 10.295630140987
206, 10.0
207, 9.643650760992955
208, 9.591663046625438
209, 9.591663046625438
210, 9.591663046625438
211, 9.38083151964686
212, 9.38083151964686
213, 9.38083151964686
214, 9.38083151964686
215, 9.38083151964686
216, 8.774964387392123
217, 8.774964387392123
218, 8.426149773176359
219, 8.426149773176359
220, 8.426149773176359
221, 8.426149773176359
222, 8.306623862918075
223, 8.306623862918075
224, 8.18535277187245
225, 8.0
226, 8.0
227, 7.416198487095663
228, 7.0710678118654755
229, 7.0710678118654755
230, 7.0710678118654755
231, 6.855654600401044
232, 6.557438524302
233, 6.557438524302
234, 6.48074069840786
235, 6.48074069840786
236, 6.4031242374328485
237, 6.4031242374328485
238, 6.4031242374328485
239, 6.324555320336759
240, 6.324555320336759
241, 6.324555320336759
242, 6.164414002968976
243, 6.164414002968976
244, 5.830951894845301
245, 5.0
246, 5.0
247, 5.0
248, 5.0
249, 5.0
250, 5.0
251, 5.0
252, 5.0
253, 4.898979485566356
254, 4.898979485566356
255, 4.795831523312719
256, 4.795831523312719
257, 4.795831523312719
258, 4.242640687119285
259, 4.242640687119285
260, 4.242640687119285
261, 4.242640687119285
262, 4.242640687119285
263, 4.242640687119285
264, 4.123105625617661
265, 4.123105625617661
266, 4.123105625617661
267, 4.0
268, 3.872983346207417
269, 3.872983346207417
270, 3.872983346207417
271, 3.872983346207417
272, 3.872983346207417
273, 3.605551275463989
274, 3.605551275463989
275, 3.605551275463989
276, 3.3166247903554
277, 3.3166247903554
278, 3.3166247903554
279, 3.3166247903554
280, 3.3166247903554
281, 3.3166247903554
282, 3.3166247903554
283, 3.3166247903554
284, 3.1622776601683795
285, 3.1622776601683795
286, 3.1622776601683795
287, 3.1622776601683795
288, 3.1622776601683795
289, 2.8284271247461903
290, 2.8284271247461903
291, 2.8284271247461903
292, 2.8284271247461903
293, 2.8284271247461903
294, 2.8284271247461903
295, 2.6457513110645907
296, 2.449489742783178
297, 2.449489742783178
298, 2.0
299, 2.0
300, 2.0
301, 2.0
302, 2.0
303, 2.0
304, 2.0
305, 2.0
306, 2.0
307, 2.0
308, 2.0
309, 1.7320508075688772
310, 1.7320508075688772
311, 1.7320508075688772
312, 1.7320508075688772
313, 1.7320508075688772
314, 1.7320508075688772
315, 1.7320508075688772
316, 1.7320508075688772
317, 1.7320508075688772
318, 1.7320508075688772
319, 1.7320508075688772
320, 1.7320508075688772
321, 1.7320508075688772
322, 1.7320508075688772
323, 1.7320508075688772
324, 1.4142135623730951
325, 1.4142135623730951
326, 1.4142135623730951
327, 1.4142135623730951
328, 1.4142135623730951
329, 1.4142135623730951
330, 1.4142135623730951
331, 1.4142135623730951
332, 1.4142135623730951
333, 1.4142135623730951
334, 1.4142135623730951
335, 1.4142135623730951
336, 1.4142135623730951
337, 1.4142135623730951
338, 1.4142135623730951
339, 1.4142135623730951
340, 1.4142135623730951
341, 1.4142135623730951
342, 1.4142135623730951
343, 1.4142135623730951
344, 1.4142135623730951
345, 1.4142135623730951
346, 1.4142135623730951
347, 1.4142135623730951
348, 1.4142135623730951
349, 1.4142135623730951
350, 1.4142135623730951
351, 1.4142135623730951
352, 1.4142135623730951
353, 1.4142135623730951
354, 1.0
355, 1.0
356, 1.0
357, 1.0
358, 1.0
359, 1.0
360, 1.0
361, 1.0
362, 1.0
363, 1.0
364, 1.0
365, 1.0
366, 1.0
367, 1.0
368, 1.0
369, 1.0
370, 1.0
371, 1.0
372, 1.0
373, 1.0
374, 1.0
375, 1.0
376, 1.0
377, 1.0
378, 1.0
379, 1.0
380, 1.0
381, 1.0
382, 1.0
383, 1.0
384, 1.0
385, 1.0
386, 1.0
387, 1.0
388, 1.0
389, 1.0
390, 1.0
391, 1.0
392, 1.0
393, 1.0
394, 1.0
395, 1.0
396, 1.0
397, 1.0
398, 1.0
399, 1.0
400, 1.0
401, 1.0
402, 1.0
403, 1.0
404, 1.0
405, 1.0
406, 1.0
407, 1.0
408, 1.0
409, 1.0
410, 1.0
411, 0.0
