1, 286.4611666526547
2, 269.08920454005585
3, 254.32459574331384
4, 214.36650857818253
5, 172.46158992656888
6, 164.80898033784445
7, 141.70038814343454
8, 130.82813153141032
9, 130.82813153141032
10, 130.82813153141032
11, 130.82813153141032
12, 124.87593843491227
13, 122.18837915284743
14, 120.33287165193059
15, 112.6587768440613
16, 108.15729286552988
17, 105.83950113261116
18, 104.42700800080408
19, 104.26408777714406
20, 100.05498488331304
21, 100.05498488331304
22, 99.02019995940222
23, 98.37682653958706
24, 96.74192472759677
25, 96.74192472759677
26, 89.05054744357274
27, 82.17663901620703
28, 80.79603950689662
29, 78.13449942247023
30, 77.44029958619737
31, 70.54076835419359
32, 70.54076835419359
33, 70.54076835419359
34, 70.54076835419359
35, 70.54076835419359
36, 62.42595614005443
37, 62.42595614005443
38, 60.340699366182356
39, 60.340699366182356
40, 60.340699366182356
41, 60.241181927316134
42, 57.784080852774665
43, 56.43580423808985
44, 54.147945482723536
45, 54.092513345194085
46, 52.73518749374084
47, 51.84592558726288
48, 45.17742799230607
49, 45.17742799230607
50, 42.46174749112429
51, 42.46174749112429
52, 42.46174749112429
53, 41.7492514902962
54, 41.7492514902962
55, 41.7492514902962
56, 39.88734135035826
57, 39.88734135035826
58, 39.88734135035826
59, 39.88734135035826
60, 39.88734135035826
61, 39.786932528155525
62, 38.157568056677825
63, 37.70941526992961
64, 37.70941526992961
65, 37.107950630558946
66, 37.04051835490427
67, 36.46916505762094
68, 36.46916505762094
69, 36.345563690772494
70, 35.6931365951495
71, 34.322004603461025
72, 34.322004603461025
73, 34.322004603461025
74, 34.27827300200522
75, 33.926390907374746
76, 33.18132004607411
77, 33.18132004607411
78, 32.95451410656816
79, 32.71085446759225
80, 32.58834147360065
81, 32.31098884280702
82, 32.31098884280702
83, 31.843366656181317
84, 31.843366656181317
85, 31.416556144810016
86, 30.822070014844883
87, 30.822070014844883
88, 30.822070014844883
89, 30.04995840263344
90, 30.04995840263344
91, 30.04995840263344
92, 30.04995840263344
93, 28.930952282978865
94, 28.930952282978865
95, 28.930952282978865
96, 28.844410203711913
97, 28.844410203711913
98, 28.61817604250837
99, 28.61817604250837
100, 28.583211855912904
101, 28.142494558940577
102, 28.053520278211074
103, 27.2213151776324
104, 26.981475126464083
105, 26.70205984563738
106, 26.70205984563738
107, 26.70205984563738
108, 26.70205984563738
109, 26.70205984563738
110, 26.627053911388696
111, 26.627053911388696
112, 26.627053911388696
113, 26.115129714401192
114, 25.92296279363144
115, 25.69046515733026
116, 25.37715508089904
117, 25.37715508089904
118, 25.37715508089904
119, 25.37715508089904
120, 25.317977802344327
121, 25.317977802344327
122, 24.535688292770594
123, 24.535688292770594
124, 24.474476501040833
125, 23.916521486202797
126, 23.68543856465402
127, 23.68543856465402
128, 23.68543856465402
129, 22.9128784747792
130, 22.9128784747792
131, 22.80350850198276
132, 22.60530911091463
133, 22.60530911091463
134, 22.60530911091463
135, 22.271057451320086
136, 22.271057451320086
137, 22.271057451320086
138, 22.271057451320086
139, 22.24859546128699
140, 21.863211109075447
141, 21.863211109075447
142, 21.656407827707714
143, 21.236760581595302
144, 20.904544960366874
145, 19.44222209522358
146, 19.44222209522358
147, 19.235384061671343
148, 18.411952639521967
149, 18.411952639521967
150, 18.16590212458495
151, 17.635192088548397
152, 17.635192088548397
153, 17.635192088548397
154, 17.635192088548397
155, 17.635192088548397
156, 17.4928556845359
157, 17.4928556845359
158, 17.4928556845359
159, 17.378147196982766
160, 16.97056274847714
161, 16.97056274847714
162, 16.97056274847714
163, 16.55294535724685
164, 16.55294535724685
165, 16.55294535724685
166, 16.522711641858304
167, 16.217274740226856
168, 15.968719422671311
169, 15.524174696260024
170, 15.198684153570664
171, 15.198684153570664
172, 15.165750888103101
173, 14.933184523068078
174, 14.866068747318506
175, 14.628738838327793
176, 14.628738838327793
177, 14.560219778561036
178, 14.212670403551895
179, 13.711309200802088
180, 13.711309200802088
181, 13.711309200802088
182, 13.674794331177344
183, 13.152946437965905
184, 13.152946437965905
185, 13.152946437965905
186, 13.152946437965905
187, 13.038404810405298
188, 12.649110640673518
189, 12.649110640673518
190, 11.916375287812984
191, 11.916375287812984
192, 11.916375287812984
193, 11.916375287812984
194, 11.916375287812984
195, 11.575836902790225
196, 11.575836902790225
197, 11.445523142259598
198, 11.445523142259598
199, 11.445523142259598
200, 11.445523142259598
201, 11.313708498984761
202, 11.135528725660043
203, 11.045361017187261
204, 11.045361017187261
205, 11.045361017187261
206, 10.908712114635714
207, 10.344080432788601
208, 10.344080432788601
209, 10.344080432788601
210, 10.344080432788601
211, 10.295630140987
212, 10.099504938362077
213, 10.099504938362077
214, 10.099504938362077
215, 10.099504938362077
216, 10.099504938362077
217, 9.643650760992955
218, 9.591663046625438
219, 9.219544457292887
220, 8.246211251235321
221, 8.246211251235321
222, 8.246211251235321
223, 8.246211251235321
224, 7.745966692414834
225, 7.745966692414834
226, 7.416198487095663
227, 7.3484692283495345
228, 7.211102550927978
229, 6.855654600401044
230, 6.855654600401044
231, 6.48074069840786
232, 6.48074069840786
233, 6.48074069840786
234, 6.244997998398398
235, 6.082762530298219
236, 5.656854249492381
237, 5.656854249492381
238, 5.656854249492381
239, 5.656854249492381
240, 5.656854249492381
241, 5.656854249492381
242, 5.5677643628300215
243, 5.5677643628300215
244, 5.477225575051661
245, 5.477225575051661
246, 5.477225575051661
247, 5.477225575051661
248, 5.196152422706632
249, 5.196152422706632
250, 4.795831523312719
251, 4.795831523312719
252, 4.795831523312719
253, 4.795831523312719
254, 4.795831523312719
255, 4.69041575982343
256, 4.69041575982343
257, 4.69041575982343
258, 4.69041575982343
259, 4.69041575982343
260, 4.358898943540674
261, 4.358898943540674
262, 4.358898943540674
263, 4.123105625617661
264, 4.123105625617661
265, 4.0
266, 3.605551275463989
267, 3.605551275463989
268, 3.605551275463989
269, 3.605551275463989
270, 3.605551275463989
271, 3.605551275463989
272, 3.605551275463989
273, 3.605551275463989
274, 3.605551275463989
275, 3.3166247903554
276, 3.3166247903554
277, 3.3166247903554
278, 3.3166247903554
279, 3.3166247903554
280, 3.3166247903554
281, 3.3166247903554
282, 3.3166247903554
283, 3.3166247903554
284, 3.3166247903554
285, 3.3166247903554
286, 3.3166247903554
287, 3.1622776601683795
288, 3.1622776601683795
289, 3.1622776601683795
290, 3.0
291, 3.0
292, 3.0
293, 3.0
294, 2.8284271247461903
295, 2.8284271247461903
296, 2.8284271247461903
297, 2.8284271247461903
298, 2.8284271247461903
299, 2.8284271247461903
300, 2.8284271247461903
301, 2.8284271247461903
302, 2.8284271247461903
303, 2.8284271247461903
304, 2.8284271247461903
305, 2.6457513110645907
306, 2.6457513110645907
307, 2.6457513110645907
308, 2.6457513110645907
309, 2.6457513110645907
310, 2.6457513110645907
311, 2.23606797749979
312, 2.23606797749979
313, 2.23606797749979
314, 2.23606797749979
315, 1.7320508075688772
316, 1.7320508075688772
317, 1.7320508075688772
318, 1.7320508075688772
319, 1.7320508075688772
320, 1.7320508075688772
321, 1.7320508075688772
322, 1.7320508075688772
323, 1.7320508075688772
324, 1.7320508075688772
325, 1.7320508075688772
326, 1.7320508075688772
327, 1.7320508075688772
328, 1.4142135623730951
329, 1.4142135623730951
330, 1.4142135623730951
331, 1.4142135623730951
332, 1.4142135623730951
333, 1.4142135623730951
334, 1.4142135623730951
335, 1.4142135623730951
336, 1.0
337, 1.0
338, 1.0
339, 1.0
340, 1.0
341, 1.0
342, 1.0
343, 1.0
344, 1.0
345, 1.0
346, 1.0
347, 0.0
