1, 245.43023448629958
2, 241.46014163832507
3, 236.29219199965115
4, 236.29219199965115
5, 217.947241322298
6, 192.28624495787523
7, 187.2324758154952
8, 175.29689101635546
9, 175.29689101635546
10, 168.94377763031108
11, 156.1633759880978
12, 146.061630827538
13, 146.061630827538
14, 145.50601362143078
15, 145.50601362143078
16, 130.52202879207786
17, 123.39773093537822
18, 123.39773093537822
19, 113.83760362902936
20, 109.6904736064167
21, 103.18914671611545
22, 103.18914671611545
23, 102.42070103255493
24, 99.46858800646564
25, 99.46858800646564
26, 93.8829057922687
27, 93.8829057922687
28, 93.06986622962343
29, 92.07062506576133
30, 91.1756546453054
31, 90.60905032059435
32, 88.98876333560322
33, 88.98876333560322
34, 85.86617494683223
35, 84.68766143896052
36, 76.56369897020389
37, 76.56369897020389
38, 76.56369897020389
39, 76.56369897020389
40, 76.56369897020389
41, 76.56369897020389
42, 75.37240874484509
43, 72.38784428341543
44, 69.476614770727
45, 69.2314957226839
46, 69.2314957226839
47, 65.68104749469211
48, 63.46652661048972
49, 63.46652661048972
50, 63.46652661048972
51, 62.55397669213365
52, 61.66036003787198
53, 60.959002616512684
54, 60.959002616512684
55, 57.201398584300364
56, 53.76802023508026
57, 53.76802023508026
58, 53.76802023508026
59, 51.69139193328034
60, 48.14561246884289
61, 48.14561246884289
62, 47.67598976424087
63, 47.67598976424087
64, 46.195237849804386
65, 46.195237849804386
66, 46.195237849804386
67, 46.195237849804386
68, 45.628938186199335
69, 42.941821107167776
70, 42.579337712087536
71, 42.391036788453285
72, 42.391036788453285
73, 42.391036788453285
74, 42.23742416388575
75, 42.22558466143482
76, 41.340053217188775
77, 40.80441152620633
78, 40.496913462633174
79, 38.06573262134856
80, 38.02630668366309
81, 38.02630668366309
82, 38.02630668366309
83, 36.40054944640259
84, 36.373066958946424
85, 36.373066958946424
86, 35.397740040855716
87, 35.397740040855716
88, 35.25620512760839
89, 35.05709628591621
90, 31.89043743820395
91, 31.89043743820395
92, 31.89043743820395
93, 31.606961258558215
94, 31.272991542223778
95, 31.12876483254676
96, 27.54995462791182
97, 27.54995462791182
98, 26.758176320519304
99, 26.758176320519304
100, 26.720778431774775
101, 26.720778431774775
102, 26.343879744638983
103, 25.059928172283335
104, 25.059928172283335
105, 25.059928172283335
106, 25.059928172283335
107, 25.059928172283335
108, 24.71841418861655
109, 24.596747752497688
110, 24.596747752497688
111, 24.596747752497688
112, 23.958297101421877
113, 23.93741840717165
114, 23.93741840717165
115, 23.664319132398465
116, 23.664319132398465
117, 22.869193252058544
118, 22.869193252058544
119, 22.869193252058544
120, 22.64950330581225
121, 22.271057451320086
122, 22.271057451320086
123, 21.908902300206645
124, 21.863211109075447
125, 21.633307652783937
126, 21.633307652783937
127, 21.563858652847824
128, 21.540659228538015
129, 21.42428528562855
130, 21.166010488516726
131, 21.166010488516726
132, 21.142374511865974
133, 19.313207915827967
134, 19.313207915827967
135, 19.313207915827967
136, 18.81488772222678
137, 18.708286933869708
138, 18.411952639521967
139, 18.411952639521967
140, 18.384776310850235
141, 18.138357147217054
142, 18.138357147217054
143, 18.138357147217054
144, 18.05547008526779
145, 17.86057109949175
146, 17.11724276862369
147, 17.11724276862369
148, 17.11724276862369
149, 16.881943016134134
150, 16.881943016134134
151, 16.881943016134134
152, 16.822603841260722
153, 16.822603841260722
154, 16.492422502470642
155, 16.431676725154983
156, 16.09347693943108
157, 16.09347693943108
158, 16.06237840420901
159, 16.06237840420901
160, 16.06237840420901
161, 15.524174696260024
162, 15.524174696260024
163, 15.0
164, 15.0
165, 15.0
166, 14.866068747318506
167, 14.352700094407323
168, 14.317821063276353
169, 14.212670403551895
170, 13.784048752090222
171, 13.784048752090222
172, 13.490737563232042
173, 13.490737563232042
174, 13.341664064126334
175, 12.84523257866513
176, 12.84523257866513
177, 12.84523257866513
178, 12.727922061357855
179, 12.727922061357855
180, 12.727922061357855
181, 12.569805089976535
182, 12.569805089976535
183, 12.489995996796797
184, 12.449899597988733
185, 12.449899597988733
186, 12.36931687685298
187, 12.165525060596439
188, 11.916375287812984
189, 11.916375287812984
190, 11.874342087037917
191, 11.74734012447073
192, 11.269427669584644
193, 11.269427669584644
194, 11.269427669584644
195, 11.135528725660043
196, 10.816653826391969
197, 10.816653826391969
198, 10.770329614269007
199, 10.488088481701515
200, 10.0
201, 10.0
202, 10.0
203, 9.899494936611665
204, 9.899494936611665
205, 9.899494936611665
206, 9.899494936611665
207, 9.643650760992955
208, 9.539392014169456
209, 9.486832980505138
210, 9.486832980505138
211, 8.660254037844387
212, 8.660254037844387
213, 8.366600265340756
214, 8.366600265340756
215, 7.681145747868608
216, 7.681145747868608
217, 7.681145747868608
218, 7.681145747868608
219, 7.681145747868608
220, 7.681145747868608
221, 7.483314773547883
222, 7.483314773547883
223, 7.483314773547883
224, 7.211102550927978
225, 7.211102550927978
226, 7.211102550927978
227, 7.211102550927978
228, 7.14142842854285
229, 7.14142842854285
230, 7.14142842854285
231, 7.14142842854285
232, 6.928203230275509
233, 6.928203230275509
234, 6.928203230275509
235, 6.708203932499369
236, 6.708203932499369
237, 6.708203932499369
238, 6.244997998398398
239, 6.244997998398398
240, 6.244997998398398
241, 6.164414002968976
242, 5.916079783099616
243, 5.916079783099616
244, 5.916079783099616
245, 5.5677643628300215
246, 5.5677643628300215
247, 5.5677643628300215
248, 5.5677643628300215
249, 5.385164807134504
250, 5.0
251, 5.0
252, 5.0
253, 5.0
254, 5.0
255, 5.0
256, 4.58257569495584
257, 4.58257569495584
258, 4.58257569495584
259, 4.58257569495584
260, 4.58257569495584
261, 4.58257569495584
262, 4.58257569495584
263, 4.58257569495584
264, 4.47213595499958
265, 4.358898943540674
266, 4.358898943540674
267, 4.358898943540674
268, 4.358898943540674
269, 4.358898943540674
270, 4.242640687119285
271, 4.242640687119285
272, 3.7416573867739413
273, 3.7416573867739413
274, 3.7416573867739413
275, 3.605551275463989
276, 3.605551275463989
277, 3.605551275463989
278, 3.605551275463989
279, 3.605551275463989
280, 3.605551275463989
281, 3.605551275463989
282, 3.605551275463989
283, 3.605551275463989
284, 3.605551275463989
285, 3.605551275463989
286, 3.605551275463989
287, 3.1622776601683795
288, 3.1622776601683795
289, 2.8284271247461903
290, 2.8284271247461903
291, 2.8284271247461903
292, 2.8284271247461903
293, 2.8284271247461903
294, 2.8284271247461903
295, 2.8284271247461903
296, 2.8284271247461903
297, 2.8284271247461903
298, 2.6457513110645907
299, 2.6457513110645907
300, 2.449489742783178
301, 2.449489742783178
302, 2.449489742783178
303, 2.449489742783178
304, 2.449489742783178
305, 2.449489742783178
306, 2.449489742783178
307, 2.449489742783178
308, 1.7320508075688772
309, 1.7320508075688772
310, 1.7320508075688772
311, 1.7320508075688772
312, 1.7320508075688772
313, 1.7320508075688772
314, 1.7320508075688772
315, 1.7320508075688772
316, 1.7320508075688772
317, 1.7320508075688772
318, 1.7320508075688772
319, 1.7320508075688772
320, 1.7320508075688772
321, 1.7320508075688772
322, 1.7320508075688772
323, 1.7320508075688772
324, 1.7320508075688772
325, 1.7320508075688772
326, 1.7320508075688772
327, 1.4142135623730951
328, 1.4142135623730951
329, 1.4142135623730951
330, 1.4142135623730951
331, 1.4142135623730951
332, 1.4142135623730951
333, 1.4142135623730951
334, 1.4142135623730951
335, 1.4142135623730951
336, 1.4142135623730951
337, 1.4142135623730951
338, 1.0
339, 1.0
340, 1.0
341, 1.0
342, 1.0
343, 1.0
344, 1.0
345, 1.0
346, 1.0
347, 1.0
348, 1.0
349, 1.0
350, 0.0
