1, 264.8150297849425
2, 228.02192877001983
3, 214.78826783602497
4, 197.5499936724879
5, 172.3136674788161
6, 149.95332607181476
7, 149.95332607181476
8, 148.5260919838666
9, 140.2569071382939
10, 132.20816918783802
11, 113.96929411029973
12, 113.96929411029973
13, 113.96929411029973
14, 103.73523991392703
15, 103.73523991392703
16, 90.23303164584463
17, 79.69316156358713
18, 77.5306391048081
19, 77.5306391048081
20, 76.22335600063802
21, 76.22335600063802
22, 76.22335600063802
23, 70.49822692805827
24, 70.49822692805827
25, 70.49822692805827
26, 70.49822692805827
27, 70.49822692805827
28, 66.82813778641449
29, 66.82813778641449
30, 66.82813778641449
31, 66.1362230551458
32, 66.1362230551458
33, 66.1362230551458
34, 62.6418390534633
35, 62.6418390534633
36, 62.10475022089695
37, 61.72519744804386
38, 61.30252849597641
39, 59.62382074305537
40, 57.91372894228103
41, 55.48873759602033
42, 53.41348144429457
43, 53.41348144429457
44, 47.89572005931219
45, 46.14108798023731
46, 46.14108798023731
47, 45.28796749689701
48, 45.28796749689701
49, 45.28796749689701
50, 45.28796749689701
51, 45.28796749689701
52, 43.139309220245984
53, 43.139309220245984
54, 43.139309220245984
55, 42.579337712087536
56, 42.579337712087536
57, 41.47288270665544
58, 41.47288270665544
59, 38.63935817272331
60, 38.600518131237564
61, 38.28837943815329
62, 38.28837943815329
63, 37.53664875824692
64, 37.389838191679836
65, 37.389838191679836
66, 37.17526059088221
67, 36.49657518178932
68, 35.482389998420345
69, 35.482389998420345
70, 34.87119154832539
71, 34.741905532080416
72, 34.741905532080416
73, 34.64101615137755
74, 34.11744421846396
75, 34.11744421846396
76, 33.67491648096547
77, 32.96968304366907
78, 32.46536616149585
79, 32.4037034920393
80, 32.4037034920393
81, 32.4037034920393
82, 32.12475680841802
83, 32.046840717924134
84, 31.68595903550972
85, 31.68595903550972
86, 31.68595903550972
87, 31.368774282716245
88, 31.368774282716245
89, 31.368774282716245
90, 31.0
91, 30.430248109405877
92, 30.430248109405877
93, 29.93325909419153
94, 29.93325909419153
95, 29.93325909419153
96, 29.93325909419153
97, 29.899832775452108
98, 28.91366458960192
99, 28.809720581775867
100, 28.26658805020514
101, 27.712812921102035
102, 26.92582403567252
103, 26.90724809414742
104, 26.1725046566048
105, 25.39685019840059
106, 25.13961017995307
107, 24.73863375370596
108, 24.677925358506133
109, 24.677925358506133
110, 24.677925358506133
111, 24.454038521274967
112, 24.186773244895647
113, 24.041630560342615
114, 24.041630560342615
115, 23.916521486202797
116, 23.83275057562597
117, 23.83275057562597
118, 22.847319317591726
119, 22.847319317591726
120, 22.847319317591726
121, 22.847319317591726
122, 22.847319317591726
123, 22.781571499789035
124, 22.781571499789035
125, 22.781571499789035
126, 22.67156809750927
127, 22.67156809750927
128, 22.67156809750927
129, 22.44994432064365
130, 22.06807649071391
131, 21.79449471770337
132, 21.79449471770337
133, 21.587033144922902
134, 21.587033144922902
135, 21.587033144922902
136, 21.587033144922902
137, 21.354156504062622
138, 21.02379604162864
139, 21.02379604162864
140, 20.784609690826528
141, 20.784609690826528
142, 20.71231517720798
143, 19.390719429665317
144, 17.663521732655695
145, 16.911534525287763
146, 16.911534525287763
147, 16.881943016134134
148, 16.852299546352718
149, 16.1245154965971
150, 16.1245154965971
151, 16.1245154965971
152, 16.1245154965971
153, 16.1245154965971
154, 16.1245154965971
155, 16.1245154965971
156, 16.1245154965971
157, 15.7797338380595
158, 15.7797338380595
159, 15.362291495737216
160, 15.264337522473747
161, 15.264337522473747
162, 15.132745950421556
163, 15.132745950421556
164, 14.89966442575134
165, 14.422205101855956
166, 13.92838827718412
167, 13.92838827718412
168, 13.856406460551018
169, 13.856406460551018
170, 13.856406460551018
171, 13.784048752090222
172, 13.341664064126334
173, 13.341664064126334
174, 12.727922061357855
175, 12.68857754044952
176, 12.68857754044952
177, 12.24744871391589
178, 12.24744871391589
179, 11.832159566199232
180, 11.832159566199232
181, 11.832159566199232
182, 11.832159566199232
183, 11.832159566199232
184, 11.832159566199232
185, 11.832159566199232
186, 11.832159566199232
187, 11.357816691600547
188, 11.357816691600547
189, 11.0
190, 11.0
191, 11.0
192, 11.0
193, 11.0
194, 10.535653752852738
195, 10.535653752852738
196, 10.344080432788601
197, 10.246950765959598
198, 10.246950765959598
199, 10.246950765959598
200, 10.0
201, 10.0
202, 9.746794344808963
203, 9.16515138991168
204, 9.16515138991168
205, 9.16515138991168
206, 9.16515138991168
207, 8.717797887081348
208, 8.717797887081348
209, 8.717797887081348
210, 8.54400374531753
211, 8.48528137423857
212, 8.48528137423857
213, 8.48528137423857
214, 8.48528137423857
215, 8.48528137423857
216, 8.12403840463596
217, 7.937253933193772
218, 7.937253933193772
219, 7.937253933193772
220, 7.615773105863909
221, 7.615773105863909
222, 7.54983443527075
223, 7.0
224, 7.0
225, 6.855654600401044
226, 6.855654600401044
227, 6.708203932499369
228, 6.708203932499369
229, 6.708203932499369
230, 6.708203932499369
231, 6.708203932499369
232, 6.082762530298219
233, 5.830951894845301
234, 5.830951894845301
235, 5.830951894845301
236, 5.830951894845301
237, 5.5677643628300215
238, 5.5677643628300215
239, 5.5677643628300215
240, 5.5677643628300215
241, 5.5677643628300215
242, 5.5677643628300215
243, 5.196152422706632
244, 4.898979485566356
245, 4.898979485566356
246, 4.898979485566356
247, 4.898979485566356
248, 4.795831523312719
249, 4.69041575982343
250, 4.47213595499958
251, 4.47213595499958
252, 4.47213595499958
253, 4.47213595499958
254, 4.47213595499958
255, 4.47213595499958
256, 4.47213595499958
257, 4.358898943540674
258, 3.872983346207417
259, 3.872983346207417
260, 3.605551275463989
261, 3.605551275463989
262, 3.605551275463989
263, 3.4641016151377544
264, 3.3166247903554
265, 3.3166247903554
266, 3.3166247903554
267, 3.3166247903554
268, 3.3166247903554
269, 3.3166247903554
270, 3.3166247903554
271, 3.1622776601683795
272, 3.1622776601683795
273, 3.1622776601683795
274, 2.8284271247461903
275, 2.8284271247461903
276, 2.8284271247461903
277, 2.8284271247461903
278, 2.8284271247461903
279, 2.8284271247461903
280, 2.6457513110645907
281, 2.6457513110645907
282, 2.6457513110645907
283, 2.6457513110645907
284, 2.6457513110645907
285, 2.6457513110645907
286, 2.6457513110645907
287, 2.6457513110645907
288, 2.6457513110645907
289, 2.6457513110645907
290, 2.6457513110645907
291, 2.6457513110645907
292, 2.6457513110645907
293, 2.6457513110645907
294, 2.23606797749979
295, 2.23606797749979
296, 2.23606797749979
297, 2.23606797749979
298, 2.23606797749979
299, 2.23606797749979
300, 2.23606797749979
301, 2.0
302, 1.7320508075688772
303, 1.7320508075688772
304, 1.7320508075688772
305, 1.7320508075688772
306, 1.7320508075688772
307, 1.7320508075688772
308, 1.7320508075688772
309, 1.7320508075688772
310, 1.7320508075688772
311, 1.7320508075688772
312, 1.7320508075688772
313, 1.7320508075688772
314, 1.7320508075688772
315, 1.7320508075688772
316, 1.7320508075688772
317, 1.7320508075688772
318, 1.7320508075688772
319, 1.7320508075688772
320, 1.7320508075688772
321, 1.7320508075688772
322, 1.7320508075688772
323, 1.7320508075688772
324, 1.4142135623730951
325, 1.4142135623730951
326, 1.4142135623730951
327, 1.4142135623730951
328, 1.4142135623730951
329, 1.4142135623730951
330, 1.4142135623730951
331, 1.4142135623730951
332, 1.4142135623730951
333, 1.4142135623730951
334, 1.0
335, 1.0
336, 1.0
337, 1.0
338, 1.0
339, 1.0
340, 1.0
341, 1.0
342, 1.0
343, 1.0
344, 1.0
345, 1.0
346, 1.0
347, 1.0
348, 1.0
349, 1.0
350, 1.0
351, 1.0
352, 1.0
353, 1.0
354, 1.0
355, 1.0
356, 1.0
357, 0.0
