1, 263.77452492611945
2, 234.3181597742693
3, 191.26421515798506
4, 180.35243275320684
5, 170.17344093600505
6, 156.35856228553652
7, 128.9340916902896
8, 128.9340916902896
9, 128.9340916902896
10, 115.3819743287486
11, 115.3819743287486
12, 99.90495483208028
13, 98.41239759298622
14, 98.41239759298622
15, 98.41239759298622
16, 98.41239759298622
17, 92.77930803794561
18, 92.77930803794561
19, 90.85703054799887
20, 87.25250712730265
21, 86.1974477580398
22, 82.42572413997951
23, 80.87026647662292
24, 78.46018098373213
25, 76.54410493303844
26, 74.72616676907762
27, 72.73926037567333
28, 71.32320800412724
29, 70.94363960215179
30, 63.968742366877905
31, 61.48983655857283
32, 61.48983655857283
33, 58.68560300448484
34, 58.68560300448484
35, 58.68560300448484
36, 58.360945845659494
37, 56.49778756730214
38, 56.49778756730214
39, 56.28498911788115
40, 53.48831648126533
41, 53.48831648126533
42, 53.48831648126533
43, 53.48831648126533
44, 53.48831648126533
45, 49.53786430600334
46, 49.53786430600334
47, 49.21381919745713
48, 43.669211121796096
49, 43.669211121796096
50, 43.22036556994862
51, 43.22036556994862
52, 40.34848200366403
53, 40.34848200366403
54, 40.34848200366403
55, 40.34848200366403
56, 40.34848200366403
57, 40.06245124802026
58, 40.06245124802026
59, 40.06245124802026
60, 39.761790704142086
61, 39.191835884530846
62, 38.781438859330635
63, 38.561638969317684
64, 38.561638969317684
65, 37.986839826445156
66, 37.3496987939662
67, 37.255872020394314
68, 36.851051545376556
69, 36.851051545376556
70, 36.64696440361739
71, 36.52396473549935
72, 36.52396473549935
73, 35.94440151122286
74, 35.91656999213594
75, 35.81898937714463
76, 35.31288716601915
77, 35.31288716601915
78, 35.31288716601915
79, 35.270384177096794
80, 35.270384177096794
81, 34.51086785347479
82, 34.51086785347479
83, 34.51086785347479
84, 34.19064199455752
85, 34.19064199455752
86, 33.67491648096547
87, 32.07802986469088
88, 32.07802986469088
89, 31.906112267087632
90, 31.906112267087632
91, 31.906112267087632
92, 31.76476034853718
93, 31.12876483254676
94, 30.577769702841312
95, 30.577769702841312
96, 30.577769702841312
97, 30.577769702841312
98, 30.577769702841312
99, 30.364452901377952
100, 30.215889859476256
101, 30.215889859476256
102, 30.0
103, 29.698484809834994
104, 28.89636655359978
105, 28.89636655359978
106, 28.89636655359978
107, 28.809720581775867
108, 28.21347195933177
109, 28.21347195933177
110, 27.76688675382964
111, 27.76688675382964
112, 27.76688675382964
113, 27.331300737432898
114, 26.739483914241877
115, 26.739483914241877
116, 26.68332812825267
117, 26.68332812825267
118, 25.37715508089904
119, 25.37715508089904
120, 24.515301344262525
121, 24.515301344262525
122, 24.08318915758459
123, 24.08318915758459
124, 23.194827009486403
125, 23.194827009486403
126, 23.194827009486403
127, 22.93468988235943
128, 22.93468988235943
129, 22.15851980616034
130, 22.15851980616034
131, 22.15851980616034
132, 22.15851980616034
133, 21.071307505705477
134, 21.071307505705477
135, 21.0
136, 20.566963801203133
137, 20.566963801203133
138, 20.566963801203133
139, 19.949937343260004
140, 19.72308292331602
141, 19.72308292331602
142, 19.621416870348583
143, 19.4164878389476
144, 18.867962264113206
145, 18.867962264113206
146, 18.411952639521967
147, 17.74823934929885
148, 17.74823934929885
149, 17.4928556845359
150, 17.11724276862369
151, 16.911534525287763
152, 16.73320053068151
153, 15.874507866387544
154, 15.874507866387544
155, 15.874507866387544
156, 15.84297951775486
157, 15.297058540778355
158, 15.297058540778355
159, 15.297058540778355
160, 15.297058540778355
161, 15.297058540778355
162, 14.7648230602334
163, 14.628738838327793
164, 14.628738838327793
165, 14.628738838327793
166, 14.628738838327793
167, 14.628738838327793
168, 14.560219778561036
169, 14.560219778561036
170, 14.491376746189438
171, 14.177446878757825
172, 14.177446878757825
173, 14.177446878757825
174, 14.106735979665885
175, 14.035668847618199
176, 13.674794331177344
177, 13.638181696985855
178, 13.638181696985855
179, 13.527749258468683
180, 12.884098726725126
181, 12.884098726725126
182, 12.884098726725126
183, 12.649110640673518
184, 12.649110640673518
185, 12.649110640673518
186, 12.649110640673518
187, 12.288205727444508
188, 11.832159566199232
189, 11.74734012447073
190, 11.224972160321824
191, 11.224972160321824
192, 11.224972160321824
193, 10.954451150103322
194, 10.954451150103322
195, 10.954451150103322
196, 10.770329614269007
197, 10.392304845413264
198, 10.295630140987
199, 10.0
200, 10.0
201, 9.899494936611665
202, 9.899494936611665
203, 9.797958971132712
204, 9.797958971132712
205, 9.643650760992955
206, 9.643650760992955
207, 9.643650760992955
208, 9.539392014169456
209, 9.273618495495704
210, 9.273618495495704
211, 8.94427190999916
212, 8.888194417315589
213, 8.888194417315589
214, 8.888194417315589
215, 8.717797887081348
216, 8.717797887081348
217, 8.48528137423857
218, 8.48528137423857
219, 8.366600265340756
220, 8.366600265340756
221, 7.874007874011811
222, 7.483314773547883
223, 7.483314773547883
224, 7.483314773547883
225, 7.483314773547883
226, 7.416198487095663
227, 7.0
228, 7.0
229, 6.782329983125268
230, 6.48074069840786
231, 6.0
232, 6.0
233, 6.0
234, 6.0
235, 6.0
236, 6.0
237, 5.744562646538029
238, 5.744562646538029
239, 5.744562646538029
240, 5.744562646538029
241, 5.477225575051661
242, 5.477225575051661
243, 5.477225575051661
244, 5.477225575051661
245, 5.477225575051661
246, 5.477225575051661
247, 5.477225575051661
248, 5.477225575051661
249, 5.385164807134504
250, 5.385164807134504
251, 5.385164807134504
252, 5.0990195135927845
253, 4.795831523312719
254, 4.795831523312719
255, 4.795831523312719
256, 4.58257569495584
257, 4.58257569495584
258, 4.58257569495584
259, 4.242640687119285
260, 4.242640687119285
261, 4.242640687119285
262, 4.242640687119285
263, 4.0
264, 3.7416573867739413
265, 3.7416573867739413
266, 3.7416573867739413
267, 3.605551275463989
268, 3.605551275463989
269, 3.605551275463989
270, 3.605551275463989
271, 3.1622776601683795
272, 3.1622776601683795
273, 3.1622776601683795
274, 3.0
275, 3.0
276, 3.0
277, 3.0
278, 3.0
279, 2.8284271247461903
280, 2.8284271247461903
281, 2.8284271247461903
282, 2.8284271247461903
283, 2.8284271247461903
284, 2.8284271247461903
285, 2.8284271247461903
286, 2.8284271247461903
287, 2.6457513110645907
288, 2.6457513110645907
289, 2.6457513110645907
290, 2.6457513110645907
291, 2.6457513110645907
292, 2.6457513110645907
293, 2.6457513110645907
294, 2.6457513110645907
295, 2.6457513110645907
296, 2.449489742783178
297, 2.449489742783178
298, 2.449489742783178
299, 2.449489742783178
300, 2.449489742783178
301, 2.449489742783178
302, 2.449489742783178
303, 2.449489742783178
304, 2.449489742783178
305, 2.23606797749979
306, 2.23606797749979
307, 2.23606797749979
308, 2.23606797749979
309, 2.23606797749979
310, 2.23606797749979
311, 2.23606797749979
312, 2.23606797749979
313, 2.23606797749979
314, 2.23606797749979
315, 2.23606797749979
316, 2.23606797749979
317, 2.23606797749979
318, 2.0
319, 2.0
320, 2.0
321, 1.4142135623730951
322, 1.4142135623730951
323, 1.4142135623730951
324, 1.4142135623730951
325, 1.4142135623730951
326, 1.4142135623730951
327, 1.4142135623730951
328, 1.4142135623730951
329, 1.0
330, 1.0
331, 1.0
332, 1.0
333, 1.0
334, 1.0
335, 1.0
336, 1.0
337, 1.0
338, 1.0
339, 1.0
340, 1.0
341, 1.0
342, 1.0
343, 1.0
344, 1.0
345, 1.0
346, 1.0
347, 1.0
348, 1.0
349, 1.0
350, 0.0
