1, 208.29546322471836
2, 208.26425521437903
3, 208.26425521437903
4, 187.6006396577581
5, 187.6006396577581
6, 184.45595680270128
7, 171.1636643683466
8, 156.62694531912445
9, 150.6718288201215
10, 138.98920821416317
11, 126.86212988910441
12, 126.86212988910441
13, 126.74778104566565
14, 120.24558203942463
15, 117.05127081753534
16, 93.18261640456336
17, 93.18261640456336
18, 93.18261640456336
19, 93.17188417113823
20, 93.17188417113823
21, 92.61209424259879
22, 91.13725912051558
23, 89.91106717195609
24, 85.97674104081871
25, 76.71375365604267
26, 76.71375365604267
27, 76.51143705355429
28, 73.18469785412795
29, 72.65672714897086
30, 71.90966555338719
31, 66.783231428256
32, 66.783231428256
33, 66.783231428256
34, 64.10148204214939
35, 61.56297588648554
36, 61.56297588648554
37, 61.56297588648554
38, 61.56297588648554
39, 56.824290580701486
40, 56.824290580701486
41, 56.27610505356603
42, 56.27610505356603
43, 55.52476924760696
44, 54.8270006474912
45, 54.433445601027316
46, 51.478150704935004
47, 50.41825066382212
48, 49.44694126030446
49, 46.76537180435969
50, 45.727453460694704
51, 43.104524124504614
52, 43.104524124504614
53, 43.104524124504614
54, 42.2729227756965
55, 42.2729227756965
56, 42.2729227756965
57, 41.6293165929973
58, 39.774363602702685
59, 39.774363602702685
60, 39.774363602702685
61, 39.774363602702685
62, 39.774363602702685
63, 39.4715087119811
64, 39.4715087119811
65, 39.4715087119811
66, 39.30648801406709
67, 39.30648801406709
68, 38.97435053981015
69, 37.93415347678132
70, 37.93415347678132
71, 37.93415347678132
72, 37.44329045369811
73, 37.376463182061514
74, 37.20215047547655
75, 36.38681079732051
76, 35.86084215408221
77, 35.86084215408221
78, 35.86084215408221
79, 32.984845004941285
80, 31.89043743820395
81, 31.12876483254676
82, 31.12876483254676
83, 31.12876483254676
84, 31.12876483254676
85, 30.512292604784715
86, 30.512292604784715
87, 30.512292604784715
88, 30.397368307141328
89, 29.647934160747187
90, 29.647934160747187
91, 29.13760456866693
92, 29.13760456866693
93, 28.965496715920477
94, 28.965496715920477
95, 28.965496715920477
96, 28.930952282978865
97, 28.071337695236398
98, 28.071337695236398
99, 27.874719729532707
100, 27.110883423451916
101, 26.94438717061496
102, 26.019223662515376
103, 24.63736998950984
104, 24.63736998950984
105, 24.24871130596428
106, 23.958297101421877
107, 23.958297101421877
108, 23.958297101421877
109, 23.958297101421877
110, 23.853720883753127
111, 23.280893453645632
112, 23.280893453645632
113, 22.9128784747792
114, 22.315913604421397
115, 22.315913604421397
116, 21.702534414210707
117, 21.213203435596427
118, 20.639767440550294
119, 20.566963801203133
120, 20.566963801203133
121, 20.396078054371138
122, 20.396078054371138
123, 20.396078054371138
124, 20.396078054371138
125, 19.519221295943137
126, 19.467922333931785
127, 19.467922333931785
128, 19.339079605813716
129, 18.973665961010276
130, 18.841443681416774
131, 18.708286933869708
132, 18.57417562100671
133, 18.35755975068582
134, 18.303005217723125
135, 18.138357147217054
136, 18.138357147217054
137, 17.69180601295413
138, 17.69180601295413
139, 17.320508075688775
140, 16.583123951777
141, 16.583123951777
142, 15.427248620541512
143, 15.427248620541512
144, 15.427248620541512
145, 15.427248620541512
146, 15.427248620541512
147, 15.427248620541512
148, 15.264337522473747
149, 15.033296378372908
150, 15.033296378372908
151, 14.866068747318506
152, 14.2828568570857
153, 14.2828568570857
154, 14.2828568570857
155, 14.142135623730951
156, 13.892443989449804
157, 13.892443989449804
158, 13.892443989449804
159, 13.892443989449804
160, 13.820274961085254
161, 13.711309200802088
162, 13.601470508735444
163, 13.152946437965905
164, 13.152946437965905
165, 12.569805089976535
166, 12.569805089976535
167, 12.569805089976535
168, 12.569805089976535
169, 12.206555615733702
170, 11.704699910719626
171, 11.704699910719626
172, 11.704699910719626
173, 11.704699910719626
174, 11.532562594670797
175, 11.445523142259598
176, 11.445523142259598
177, 11.045361017187261
178, 11.045361017187261
179, 11.045361017187261
180, 11.045361017187261
181, 11.045361017187261
182, 10.14889156509222
183, 10.14889156509222
184, 10.14889156509222
185, 10.14889156509222
186, 9.848857801796104
187, 9.848857801796104
188, 9.797958971132712
189, 9.797958971132712
190, 9.539392014169456
191, 8.888194417315589
192, 8.888194417315589
193, 8.426149773176359
194, 8.306623862918075
195, 8.306623862918075
196, 8.06225774829855
197, 7.681145747868608
198, 7.681145747868608
199, 7.681145747868608
200, 7.0710678118654755
201, 7.0710678118654755
202, 7.0710678118654755
203, 7.0710678118654755
204, 7.0710678118654755
205, 7.0710678118654755
206, 7.0710678118654755
207, 6.782329983125268
208, 6.708203932499369
209, 6.4031242374328485
210, 6.4031242374328485
211, 6.4031242374328485
212, 6.082762530298219
213, 6.082762530298219
214, 6.082762530298219
215, 6.082762530298219
216, 6.0
217, 5.830951894845301
218, 5.385164807134504
219, 5.385164807134504
220, 5.385164807134504
221, 5.385164807134504
222, 5.385164807134504
223, 5.385164807134504
224, 5.385164807134504
225, 4.898979485566356
226, 4.58257569495584
227, 4.58257569495584
228, 4.58257569495584
229, 4.58257569495584
230, 4.58257569495584
231, 4.58257569495584
232, 4.58257569495584
233, 4.47213595499958
234, 4.358898943540674
235, 4.358898943540674
236, 4.358898943540674
237, 4.358898943540674
238, 4.358898943540674
239, 4.358898943540674
240, 4.358898943540674
241, 4.242640687119285
242, 4.123105625617661
243, 4.0
244, 4.0
245, 4.0
246, 4.0
247, 3.7416573867739413
248, 3.605551275463989
249, 3.605551275463989
250, 3.605551275463989
251, 3.605551275463989
252, 3.605551275463989
253, 3.4641016151377544
254, 3.3166247903554
255, 3.3166247903554
256, 3.3166247903554
257, 3.3166247903554
258, 3.3166247903554
259, 3.0
260, 3.0
261, 3.0
262, 3.0
263, 3.0
264, 3.0
265, 3.0
266, 3.0
267, 3.0
268, 2.8284271247461903
269, 2.8284271247461903
270, 2.8284271247461903
271, 2.8284271247461903
272, 2.6457513110645907
273, 2.6457513110645907
274, 2.6457513110645907
275, 2.6457513110645907
276, 2.6457513110645907
277, 2.449489742783178
278, 2.449489742783178
279, 2.449489742783178
280, 2.449489742783178
281, 2.449489742783178
282, 2.449489742783178
283, 2.449489742783178
284, 2.449489742783178
285, 2.449489742783178
286, 2.23606797749979
287, 2.23606797749979
288, 2.23606797749979
289, 2.23606797749979
290, 2.23606797749979
291, 2.23606797749979
292, 2.23606797749979
293, 2.23606797749979
294, 2.23606797749979
295, 2.23606797749979
296, 2.23606797749979
297, 2.23606797749979
298, 2.23606797749979
299, 2.0
300, 2.0
301, 2.0
302, 1.7320508075688772
303, 1.4142135623730951
304, 1.4142135623730951
305, 1.4142135623730951
306, 1.4142135623730951
307, 1.4142135623730951
308, 1.4142135623730951
309, 1.4142135623730951
310, 1.4142135623730951
311, 1.4142135623730951
312, 1.4142135623730951
313, 1.4142135623730951
314, 1.4142135623730951
315, 1.4142135623730951
316, 1.4142135623730951
317, 1.4142135623730951
318, 1.4142135623730951
319, 1.4142135623730951
320, 1.4142135623730951
321, 1.4142135623730951
322, 1.4142135623730951
323, 1.4142135623730951
324, 1.4142135623730951
325, 1.4142135623730951
326, 1.0
327, 1.0
328, 1.0
329, 1.0
330, 1.0
331, 1.0
332, 1.0
333, 1.0
334, 1.0
335, 1.0
336, 1.0
337, 1.0
338, 1.0
339, 1.0
340, 1.0
341, 1.0
342, 1.0
343, 1.0
344, 1.0
345, 1.0
346, 1.0
347, 1.0
348, 1.0
349, 1.0
350, 1.0
351, 1.0
352, 1.0
353, 1.0
354, 1.0
355, 1.0
356, 1.0
357, 1.0
358, 1.0
359, 1.0
360, 1.0
361, 1.0
362, 1.0
363, 1.0
364, 1.0
365, 1.0
366, 1.0
367, 1.0
368, 1.0
369, 1.0
370, 1.0
371, 1.0
372, 0.0
