1, 248.04031930313266
2, 248.04031930313266
3, 246.4812366083877
4, 215.92591322025248
5, 173.55690709389816
6, 173.55690709389816
7, 150.06665185843255
8, 148.12157169028418
9, 148.12157169028418
10, 148.12157169028418
11, 140.87938103214395
12, 140.0
13, 137.4445342674637
14, 128.4562182223967
15, 118.92014127135907
16, 108.17578287213826
17, 104.84273937664925
18, 102.7861858422619
19, 102.7861858422619
20, 100.45894683899488
21, 92.1845974119321
22, 92.1845974119321
23, 92.1845974119321
24, 90.5704145954958
25, 82.6922003577121
26, 80.94442537939224
27, 80.94442537939224
28, 80.88263101556477
29, 80.88263101556477
30, 77.36278174936577
31, 64.67611614808051
32, 64.67611614808051
33, 64.67611614808051
34, 64.67611614808051
35, 64.26507605223851
36, 64.26507605223851
37, 64.26507605223851
38, 61.34329629226001
39, 61.34329629226001
40, 61.34329629226001
41, 59.74110812497538
42, 59.74110812497538
43, 58.40376700179535
44, 58.40376700179535
45, 57.7148161220323
46, 56.74504383644443
47, 55.86591089385369
48, 55.86591089385369
49, 55.86591089385369
50, 55.53377350765928
51, 55.33534132902769
52, 54.62600113499065
53, 53.786615435440815
54, 52.66877632905477
55, 52.21110992882645
56, 51.97114584074513
57, 51.97114584074513
58, 50.049975024968795
59, 50.049975024968795
60, 50.049975024968795
61, 50.049975024968795
62, 49.69909455915671
63, 47.74934554525329
64, 45.46427168667722
65, 45.46427168667722
66, 45.46427168667722
67, 44.51965857910413
68, 44.51965857910413
69, 42.62628297189423
70, 42.62628297189423
71, 42.62628297189423
72, 41.255302689472536
73, 41.255302689472536
74, 41.255302689472536
75, 39.319206502675
76, 39.319206502675
77, 39.319206502675
78, 39.319206502675
79, 39.319206502675
80, 36.90528417449187
81, 36.90528417449187
82, 36.90528417449187
83, 36.90528417449187
84, 36.069377593742864
85, 36.069377593742864
86, 36.069377593742864
87, 36.069377593742864
88, 35.86084215408221
89, 32.96968304366907
90, 32.71085446759225
91, 32.60368077380221
92, 32.109188716004645
93, 32.109188716004645
94, 31.416556144810016
95, 31.28897569432403
96, 30.675723300355934
97, 30.675723300355934
98, 30.463092423455635
99, 30.430248109405877
100, 30.28200785945344
101, 29.9833287011299
102, 29.9833287011299
103, 29.949958263743873
104, 29.664793948382652
105, 29.664793948382652
106, 29.13760456866693
107, 29.13760456866693
108, 29.13760456866693
109, 29.13760456866693
110, 28.705400188814647
111, 28.705400188814647
112, 28.35489375751565
113, 28.35489375751565
114, 28.35489375751565
115, 28.35489375751565
116, 28.35489375751565
117, 28.35489375751565
118, 27.16615541441225
119, 27.16615541441225
120, 26.645825188948457
121, 26.645825188948457
122, 26.38181191654584
123, 26.362852652928137
124, 26.362852652928137
125, 26.248809496813376
126, 25.98076211353316
127, 25.632011235952593
128, 25.534290669607408
129, 25.238858928247925
130, 24.939927826679853
131, 24.879710609249457
132, 24.758836806279895
133, 24.758836806279895
134, 24.758836806279895
135, 24.758836806279895
136, 24.351591323771842
137, 24.289915602982237
138, 24.289915602982237
139, 24.1039415863879
140, 24.08318915758459
141, 23.958297101421877
142, 23.49468024894146
143, 23.49468024894146
144, 23.49468024894146
145, 23.108440016582687
146, 22.627416997969522
147, 22.627416997969522
148, 22.293496809607955
149, 21.6794833886788
150, 21.307275752662516
151, 21.307275752662516
152, 21.307275752662516
153, 21.047565179849187
154, 20.199009876724155
155, 20.199009876724155
156, 19.339079605813716
157, 19.261360284258224
158, 19.261360284258224
159, 18.947295321496416
160, 18.947295321496416
161, 18.867962264113206
162, 18.867962264113206
163, 18.439088914585774
164, 18.439088914585774
165, 18.439088914585774
166, 18.2208671582886
167, 18.027756377319946
168, 17.88854381999832
169, 17.88854381999832
170, 17.88854381999832
171, 17.88854381999832
172, 17.60681686165901
173, 17.60681686165901
174, 17.549928774784245
175, 17.233687939614086
176, 17.233687939614086
177, 17.08800749063506
178, 17.08800749063506
179, 16.73320053068151
180, 16.73320053068151
181, 16.73320053068151
182, 16.73320053068151
183, 16.673332000533065
184, 16.61324772583615
185, 16.3707055437449
186, 15.7797338380595
187, 15.652475842498529
188, 15.652475842498529
189, 15.652475842498529
190, 15.0
191, 15.0
192, 15.0
193, 15.0
194, 14.560219778561036
195, 14.560219778561036
196, 14.560219778561036
197, 14.45683229480096
198, 13.820274961085254
199, 13.820274961085254
200, 13.490737563232042
201, 13.2664991614216
202, 13.2664991614216
203, 13.152946437965905
204, 12.884098726725126
205, 12.206555615733702
206, 12.206555615733702
207, 12.206555615733702
208, 12.206555615733702
209, 12.206555615733702
210, 12.041594578792296
211, 12.041594578792296
212, 11.61895003862225
213, 11.61895003862225
214, 11.61895003862225
215, 11.61895003862225
216, 11.61895003862225
217, 11.357816691600547
218, 11.357816691600547
219, 11.357816691600547
220, 11.357816691600547
221, 11.090536506409418
222, 11.090536506409418
223, 10.770329614269007
224, 10.770329614269007
225, 10.770329614269007
226, 10.770329614269007
227, 10.770329614269007
228, 10.677078252031311
229, 10.392304845413264
230, 10.392304845413264
231, 10.246950765959598
232, 9.9498743710662
233, 9.848857801796104
234, 9.848857801796104
235, 9.848857801796104
236, 9.433981132056603
237, 9.38083151964686
238, 9.273618495495704
239, 9.273618495495704
240, 9.055385138137417
241, 8.94427190999916
242, 8.94427190999916
243, 8.94427190999916
244, 8.94427190999916
245, 8.48528137423857
246, 8.48528137423857
247, 8.48528137423857
248, 8.426149773176359
249, 8.426149773176359
250, 7.937253933193772
251, 7.937253933193772
252, 7.615773105863909
253, 7.615773105863909
254, 7.615773105863909
255, 7.615773105863909
256, 7.615773105863909
257, 7.615773105863909
258, 7.54983443527075
259, 7.0710678118654755
260, 7.0710678118654755
261, 7.0710678118654755
262, 7.0
263, 7.0
264, 6.782329983125268
265, 6.782329983125268
266, 6.782329983125268
267, 6.708203932499369
268, 6.324555320336759
269, 6.324555320336759
270, 5.656854249492381
271, 5.656854249492381
272, 5.656854249492381
273, 5.656854249492381
274, 5.656854249492381
275, 5.656854249492381
276, 5.656854249492381
277, 5.656854249492381
278, 5.656854249492381
279, 5.5677643628300215
280, 5.385164807134504
281, 5.385164807134504
282, 5.385164807134504
283, 5.291502622129181
284, 5.291502622129181
285, 5.291502622129181
286, 5.291502622129181
287, 5.0990195135927845
288, 4.898979485566356
289, 4.898979485566356
290, 4.898979485566356
291, 4.795831523312719
292, 4.69041575982343
293, 4.123105625617661
294, 4.123105625617661
295, 4.0
296, 3.872983346207417
297, 3.872983346207417
298, 3.872983346207417
299, 3.7416573867739413
300, 3.7416573867739413
301, 3.605551275463989
302, 3.605551275463989
303, 3.605551275463989
304, 3.4641016151377544
305, 3.4641016151377544
306, 3.3166247903554
307, 3.1622776601683795
308, 3.0
309, 3.0
310, 3.0
311, 3.0
312, 3.0
313, 2.6457513110645907
314, 2.6457513110645907
315, 2.6457513110645907
316, 2.6457513110645907
317, 2.6457513110645907
318, 2.6457513110645907
319, 2.6457513110645907
320, 2.449489742783178
321, 2.449489742783178
322, 2.449489742783178
323, 2.449489742783178
324, 2.449489742783178
325, 2.449489742783178
326, 2.449489742783178
327, 2.449489742783178
328, 2.449489742783178
329, 2.0
330, 2.0
331, 2.0
332, 2.0
333, 2.0
334, 2.0
335, 2.0
336, 2.0
337, 2.0
338, 2.0
339, 2.0
340, 1.7320508075688772
341, 1.7320508075688772
342, 1.7320508075688772
343, 1.7320508075688772
344, 1.7320508075688772
345, 1.7320508075688772
346, 1.7320508075688772
347, 1.7320508075688772
348, 1.7320508075688772
349, 1.7320508075688772
350, 1.7320508075688772
351, 1.7320508075688772
352, 1.7320508075688772
353, 1.7320508075688772
354, 1.7320508075688772
355, 1.7320508075688772
356, 1.7320508075688772
357, 1.4142135623730951
358, 1.4142135623730951
359, 1.4142135623730951
360, 1.4142135623730951
361, 1.4142135623730951
362, 1.0
363, 1.0
364, 1.0
365, 1.0
366, 1.0
367, 1.0
368, 1.0
369, 1.0
370, 1.0
371, 1.0
372, 1.0
373, 1.0
374, 1.0
375, 1.0
376, 1.0
377, 0.0
