1, 288.95847452532
2, 258.8513086696685
3, 245.14077588194095
4, 217.6533941844234
5, 198.022725968511
6, 195.65786465153911
7, 195.65786465153911
8, 188.02659386374046
9, 171.0087717048456
10, 154.39235732380018
11, 153.27426398453198
12, 152.0065788049978
13, 152.0065788049978
14, 139.810586151407
15, 130.0
16, 119.49895397031725
17, 118.0127111797708
18, 106.85972113008718
19, 104.18253212511203
20, 104.16813332300815
21, 97.59610647971567
22, 97.59610647971567
23, 93.888231424391
24, 85.901105930017
25, 85.901105930017
26, 79.86864215698174
27, 79.74960814950754
28, 79.36623967405788
29, 79.36623967405788
30, 77.86526825228306
31, 71.47027354082255
32, 71.47027354082255
33, 66.89544080129826
34, 66.89544080129826
35, 66.11353870426238
36, 66.11353870426238
37, 64.97691897897283
38, 64.97691897897283
39, 64.97691897897283
40, 63.76519426771944
41, 58.66003750424986
42, 58.66003750424986
43, 57.55866572463264
44, 55.92852581643825
45, 55.92852581643825
46, 55.60575509783138
47, 55.60575509783138
48, 54.46099521676041
49, 54.46099521676041
50, 54.46099521676041
51, 54.3415126767741
52, 53.97221507405454
53, 53.81449618829484
54, 53.81449618829484
55, 53.1883445878888
56, 51.633322573702344
57, 50.93132631298737
58, 50.19960159204453
59, 48.31148931672465
60, 48.0
61, 47.41307836451879
62, 47.41307836451879
63, 47.40253157796533
64, 44.94441010848846
65, 44.94441010848846
66, 44.73253849269008
67, 42.661458015403085
68, 42.661458015403085
69, 42.42640687119285
70, 42.2965719651132
71, 41.641325627314025
72, 41.641325627314025
73, 40.80441152620633
74, 40.80441152620633
75, 38.768543949960254
76, 38.768543949960254
77, 38.768543949960254
78, 38.768543949960254
79, 38.768543949960254
80, 38.52272056851645
81, 38.52272056851645
82, 38.02630668366309
83, 37.749172176353746
84, 36.359317925395686
85, 36.359317925395686
86, 36.30426972134269
87, 34.46737587922817
88, 34.46737587922817
89, 34.46737587922817
90, 34.46737587922817
91, 34.46737587922817
92, 34.46737587922817
93, 34.38022687534217
94, 32.817678162843876
95, 32.817678162843876
96, 32.817678162843876
97, 32.817678162843876
98, 32.2490309931942
99, 32.2490309931942
100, 31.68595903550972
101, 31.606961258558215
102, 31.606961258558215
103, 31.606961258558215
104, 31.606961258558215
105, 31.54362059117501
106, 31.160872901765767
107, 30.903074280724887
108, 30.903074280724887
109, 30.903074280724887
110, 30.315012782448235
111, 30.133038346638727
112, 30.01666203960727
113, 29.866369046136157
114, 29.49576240750525
115, 29.0516780926679
116, 29.0516780926679
117, 28.879058156387302
118, 28.21347195933177
119, 28.21347195933177
120, 28.21347195933177
121, 27.964262908219126
122, 27.568097504180443
123, 26.720778431774775
124, 26.720778431774775
125, 26.038433132583073
126, 26.038433132583073
127, 26.038433132583073
128, 26.038433132583073
129, 25.67099530598687
130, 25.67099530598687
131, 25.436194683953808
132, 25.436194683953808
133, 25.03996805109783
134, 25.03996805109783
135, 24.596747752497688
136, 23.130067012440755
137, 23.130067012440755
138, 23.130067012440755
139, 22.891046284519195
140, 22.516660498395403
141, 20.149441679609886
142, 20.09975124224178
143, 20.09975124224178
144, 19.519221295943137
145, 19.519221295943137
146, 19.390719429665317
147, 19.390719429665317
148, 19.390719429665317
149, 19.390719429665317
150, 18.973665961010276
151, 18.973665961010276
152, 18.49324200890693
153, 18.49324200890693
154, 18.466185312619388
155, 18.466185312619388
156, 18.193405398660254
157, 18.027756377319946
158, 17.97220075561143
159, 17.72004514666935
160, 17.72004514666935
161, 17.549928774784245
162, 17.349351572897472
163, 17.349351572897472
164, 17.204650534085253
165, 17.11724276862369
166, 16.1245154965971
167, 16.1245154965971
168, 16.1245154965971
169, 16.1245154965971
170, 15.362291495737216
171, 15.362291495737216
172, 15.033296378372908
173, 15.033296378372908
174, 15.033296378372908
175, 15.033296378372908
176, 14.52583904633395
177, 14.52583904633395
178, 14.52583904633395
179, 14.52583904633395
180, 14.491376746189438
181, 14.035668847618199
182, 14.035668847618199
183, 13.92838827718412
184, 13.820274961085254
185, 13.228756555322953
186, 13.228756555322953
187, 13.076696830622021
188, 13.076696830622021
189, 12.922847983320086
190, 12.922847983320086
191, 12.922847983320086
192, 12.727922061357855
193, 12.569805089976535
194, 12.569805089976535
195, 12.529964086141668
196, 12.409673645990857
197, 12.288205727444508
198, 12.041594578792296
199, 12.041594578792296
200, 11.661903789690601
201, 11.661903789690601
202, 11.661903789690601
203, 11.313708498984761
204, 11.313708498984761
205, 11.090536506409418
206, 11.090536506409418
207, 10.488088481701515
208, 10.488088481701515
209, 10.04987562112089
210, 9.591663046625438
211, 9.591663046625438
212, 9.591663046625438
213, 9.591663046625438
214, 9.591663046625438
215, 9.591663046625438
216, 9.591663046625438
217, 9.591663046625438
218, 9.591663046625438
219, 9.486832980505138
220, 9.433981132056603
221, 9.327379053088816
222, 9.327379053088816
223, 9.055385138137417
224, 9.0
225, 9.0
226, 8.831760866327848
227, 8.774964387392123
228, 8.48528137423857
229, 8.246211251235321
230, 8.246211251235321
231, 8.246211251235321
232, 8.246211251235321
233, 8.246211251235321
234, 8.0
235, 8.0
236, 7.745966692414834
237, 7.745966692414834
238, 7.745966692414834
239, 7.745966692414834
240, 7.280109889280518
241, 7.280109889280518
242, 7.280109889280518
243, 7.280109889280518
244, 6.928203230275509
245, 6.928203230275509
246, 6.928203230275509
247, 6.928203230275509
248, 6.928203230275509
249, 6.48074069840786
250, 6.48074069840786
251, 6.48074069840786
252, 6.48074069840786
253, 6.324555320336759
254, 6.164414002968976
255, 6.164414002968976
256, 6.164414002968976
257, 6.0
258, 5.916079783099616
259, 5.656854249492381
260, 5.656854249492381
261, 5.656854249492381
262, 5.477225575051661
263, 5.477225575051661
264, 5.477225575051661
265, 5.477225575051661
266, 5.196152422706632
267, 5.196152422706632
268, 5.0990195135927845
269, 5.0990195135927845
270, 5.0990195135927845
271, 5.0
272, 5.0
273, 4.69041575982343
274, 4.358898943540674
275, 4.242640687119285
276, 4.242640687119285
277, 4.242640687119285
278, 4.242640687119285
279, 3.872983346207417
280, 3.872983346207417
281, 3.872983346207417
282, 3.872983346207417
283, 3.605551275463989
284, 3.605551275463989
285, 3.605551275463989
286, 3.605551275463989
287, 3.605551275463989
288, 3.605551275463989
289, 3.605551275463989
290, 3.605551275463989
291, 3.3166247903554
292, 3.3166247903554
293, 3.1622776601683795
294, 3.1622776601683795
295, 3.1622776601683795
296, 3.1622776601683795
297, 3.0
298, 3.0
299, 3.0
300, 3.0
301, 3.0
302, 2.8284271247461903
303, 2.8284271247461903
304, 2.8284271247461903
305, 2.6457513110645907
306, 2.6457513110645907
307, 2.6457513110645907
308, 2.6457513110645907
309, 2.6457513110645907
310, 2.6457513110645907
311, 2.6457513110645907
312, 2.449489742783178
313, 2.449489742783178
314, 2.449489742783178
315, 2.449489742783178
316, 2.449489742783178
317, 2.449489742783178
318, 2.23606797749979
319, 2.23606797749979
320, 2.0
321, 2.0
322, 2.0
323, 2.0
324, 2.0
325, 2.0
326, 2.0
327, 2.0
328, 2.0
329, 2.0
330, 2.0
331, 2.0
332, 2.0
333, 1.7320508075688772
334, 1.7320508075688772
335, 1.7320508075688772
336, 1.7320508075688772
337, 1.7320508075688772
338, 1.7320508075688772
339, 1.7320508075688772
340, 1.7320508075688772
341, 1.7320508075688772
342, 1.7320508075688772
343, 1.4142135623730951
344, 1.4142135623730951
345, 1.4142135623730951
346, 1.4142135623730951
347, 1.4142135623730951
348, 1.0
349, 1.0
350, 1.0
351, 1.0
352, 1.0
353, 1.0
354, 1.0
355, 1.0
356, 1.0
357, 1.0
358, 1.0
359, 1.0
360, 1.0
361, 1.0
362, 1.0
363, 1.0
364, 1.0
365, 1.0
366, 1.0
367, 1.0
368, 1.0
369, 1.0
370, 1.0
371, 1.0
372, 1.0
373, 1.0
374, 1.0
375, 1.0
376, 1.0
377, 1.0
378, 1.0
379, 1.0
380, 1.0
381, 1.0
382, 1.0
383, 1.0
384, 1.0
385, 1.0
386, 1.0
387, 1.0
388, 1.0
389, 1.0
390, 1.0
391, 0.0
