Iteration,Fitness
2.0,23.065125189341593
3.0,23.065125189341593
4.0,23.065125189341593
5.0,23.065125189341593
6.0,23.065125189341593
7.0,23.021728866442675
8.0,20.322401432901575
9.0,18.681541692269406
10.0,18.681541692269406
11.0,18.681541692269406
12.0,16.703293088490067
13.0,16.703293088490067
14.0,16.61324772583615
15.0,14.866068747318506
16.0,14.866068747318506
17.0,9.643650760992955
18.0,9.643650760992955
19.0,9.643650760992955
20.0,9.327379053088816
21.0,9.219544457292887
22.0,9.219544457292887
23.0,9.219544457292887
24.0,9.219544457292887
25.0,9.219544457292887
26.0,9.219544457292887
27.0,8.831760866327848
28.0,8.831760866327848
29.0,8.831760866327848
30.0,7.280109889280518
31.0,7.280109889280518
32.0,6.855654600401044
33.0,6.855654600401044
34.0,6.855654600401044
35.0,6.855654600401044
36.0,6.855654600401044
37.0,6.708203932499369
38.0,6.708203932499369
39.0,6.708203932499369
40.0,6.708203932499369
41.0,6.708203932499369
42.0,6.48074069840786
43.0,6.48074069840786
44.0,6.48074069840786
45.0,6.48074069840786
46.0,6.48074069840786
47.0,6.48074069840786
48.0,6.48074069840786
49.0,6.48074069840786
50.0,6.164414002968976
51.0,4.47213595499958
52.0,4.47213595499958
53.0,4.47213595499958
54.0,4.47213595499958
55.0,4.47213595499958
56.0,4.47213595499958
57.0,4.47213595499958
58.0,4.47213595499958
59.0,4.47213595499958
60.0,4.47213595499958
61.0,4.47213595499958
62.0,4.47213595499958
63.0,4.47213595499958
64.0,4.47213595499958
65.0,4.47213595499958
66.0,3.7416573867739413
67.0,3.7416573867739413
68.0,3.7416573867739413
69.0,3.7416573867739413
70.0,3.7416573867739413
71.0,3.7416573867739413
72.0,3.7416573867739413
73.0,3.7416573867739413
74.0,3.7416573867739413
75.0,3.7416573867739413
76.0,3.7416573867739413
77.0,3.7416573867739413
78.0,3.7416573867739413
79.0,3.7416573867739413
80.0,3.7416573867739413
81.0,3.7416573867739413
82.0,3.7416573867739413
83.0,3.7416573867739413
84.0,3.7416573867739413
85.0,3.7416573867739413
86.0,3.7416573867739413
87.0,3.7416573867739413
88.0,3.7416573867739413
89.0,3.7416573867739413
90.0,3.7416573867739413
91.0,3.7416573867739413
92.0,3.7416573867739413
93.0,3.7416573867739413
94.0,3.7416573867739413
95.0,3.7416573867739413
96.0,3.7416573867739413
97.0,3.7416573867739413
98.0,3.7416573867739413
99.0,3.7416573867739413
100.0,3.7416573867739413
101.0,3.7416573867739413
102.0,3.3166247903554
103.0,3.3166247903554
104.0,3.3166247903554
105.0,3.3166247903554
106.0,3.3166247903554
107.0,3.3166247903554
108.0,3.3166247903554
109.0,3.3166247903554
110.0,3.3166247903554
111.0,3.3166247903554
112.0,3.3166247903554
113.0,3.3166247903554
114.0,3.3166247903554
115.0,3.3166247903554
116.0,3.3166247903554
117.0,3.3166247903554
118.0,3.3166247903554
119.0,3.3166247903554
120.0,3.3166247903554
121.0,3.3166247903554
122.0,3.3166247903554
123.0,3.3166247903554
124.0,3.3166247903554
125.0,3.3166247903554
126.0,3.3166247903554
127.0,3.3166247903554
128.0,3.3166247903554
129.0,3.3166247903554
130.0,3.3166247903554
131.0,3.3166247903554
132.0,3.3166247903554
133.0,3.3166247903554
134.0,3.3166247903554
135.0,3.3166247903554
136.0,3.3166247903554
137.0,3.3166247903554
138.0,3.3166247903554
139.0,3.3166247903554
140.0,3.3166247903554
141.0,3.3166247903554
142.0,3.3166247903554
143.0,3.3166247903554
144.0,3.3166247903554
145.0,3.3166247903554
146.0,3.3166247903554
147.0,3.3166247903554
148.0,3.3166247903554
149.0,3.3166247903554
150.0,3.3166247903554
151.0,3.3166247903554
152.0,3.3166247903554
153.0,3.3166247903554
154.0,3.3166247903554
155.0,3.0
156.0,3.0
157.0,3.0
158.0,3.0
159.0,3.0
160.0,3.0
161.0,3.0
162.0,3.0
163.0,3.0
164.0,2.6457513110645907
165.0,2.6457513110645907
166.0,2.6457513110645907
167.0,2.6457513110645907
168.0,2.6457513110645907
169.0,2.6457513110645907
170.0,2.6457513110645907
171.0,2.6457513110645907
172.0,2.6457513110645907
173.0,2.449489742783178
174.0,2.449489742783178
175.0,2.449489742783178
176.0,2.449489742783178
177.0,2.449489742783178
178.0,2.449489742783178
179.0,2.449489742783178
180.0,2.449489742783178
181.0,2.449489742783178
182.0,2.449489742783178
183.0,2.449489742783178
184.0,2.449489742783178
185.0,2.449489742783178
186.0,2.0
187.0,2.0
188.0,2.0
189.0,2.0
190.0,2.0
191.0,2.0
192.0,2.0
193.0,2.0
194.0,2.0
195.0,2.0
196.0,2.0
197.0,2.0
198.0,2.0
199.0,2.0
200.0,2.0
201.0,2.0
202.0,2.0
203.0,2.0
204.0,2.0
205.0,2.0
206.0,2.0
207.0,2.0
208.0,2.0
209.0,2.0
210.0,2.0
211.0,2.0
212.0,2.0
213.0,2.0
214.0,2.0
215.0,2.0
216.0,2.0
217.0,2.0
218.0,2.0
219.0,2.0
220.0,2.0
221.0,2.0
222.0,2.0
223.0,2.0
224.0,2.0
225.0,2.0
226.0,2.0
227.0,2.0
228.0,2.0
229.0,2.0
230.0,2.0
231.0,2.0
232.0,1.7320508075688772
233.0,1.7320508075688772
234.0,1.7320508075688772
235.0,1.7320508075688772
236.0,1.7320508075688772
237.0,1.7320508075688772
238.0,1.7320508075688772
239.0,1.7320508075688772
240.0,1.7320508075688772
241.0,1.7320508075688772
242.0,1.7320508075688772
243.0,1.7320508075688772
244.0,1.7320508075688772
245.0,1.7320508075688772
246.0,1.7320508075688772
247.0,1.7320508075688772
248.0,1.7320508075688772
249.0,1.4142135623730951
250.0,1.4142135623730951
251.0,1.4142135623730951
252.0,1.4142135623730951
253.0,1.4142135623730951
254.0,1.4142135623730951
255.0,1.4142135623730951
256.0,1.4142135623730951
257.0,1.4142135623730951
258.0,1.4142135623730951
259.0,1.4142135623730951
260.0,1.4142135623730951
261.0,1.4142135623730951
262.0,1.4142135623730951
263.0,1.4142135623730951
264.0,1.4142135623730951
265.0,1.4142135623730951
266.0,1.4142135623730951
267.0,1.4142135623730951
268.0,1.4142135623730951
269.0,1.4142135623730951
270.0,1.4142135623730951
271.0,1.4142135623730951
272.0,1.4142135623730951
273.0,1.4142135623730951
274.0,1.4142135623730951
275.0,1.4142135623730951
276.0,1.4142135623730951
277.0,1.4142135623730951
278.0,1.4142135623730951
279.0,1.4142135623730951
280.0,1.4142135623730951
281.0,1.4142135623730951
282.0,1.4142135623730951
283.0,1.4142135623730951
284.0,1.4142135623730951
285.0,1.4142135623730951
286.0,1.4142135623730951
287.0,1.4142135623730951
288.0,1.4142135623730951
289.0,1.4142135623730951
290.0,1.4142135623730951
291.0,1.4142135623730951
292.0,1.0
293.0,1.0
294.0,1.0
295.0,1.0
296.0,1.0
297.0,1.0
298.0,1.0
299.0,1.0
300.0,1.0
301.0,1.0
302.0,1.0
303.0,1.0
304.0,1.0
305.0,1.0
306.0,1.0
307.0,1.0
308.0,1.0
309.0,1.0
310.0,1.0
311.0,1.0
312.0,1.0
313.0,1.0
314.0,1.0
315.0,1.0
316.0,1.0
317.0,1.0
318.0,1.0
319.0,1.0
320.0,1.0
321.0,1.0
322.0,1.0
323.0,1.0
324.0,1.0
325.0,1.0
326.0,1.0
327.0,1.0
328.0,1.0
329.0,1.0
330.0,1.0
331.0,1.0
332.0,1.0
333.0,1.0
334.0,1.0
335.0,1.0
336.0,1.0
337.0,1.0
338.0,1.0
339.0,1.0
340.0,1.0
341.0,1.0
342.0,1.0
343.0,1.0
344.0,1.0
345.0,1.0
346.0,1.0
347.0,1.0
348.0,1.0
349.0,1.0
350.0,1.0
351.0,1.0
352.0,1.0
353.0,1.0
354.0,1.0
355.0,1.0
356.0,1.0
357.0,1.0
357.0,0.0
