Iteration,Fitness
2.0,48.40454524112379
3.0,47.486840282335066
4.0,30.4138126514911
5.0,30.4138126514911
6.0,23.769728648009426
7.0,23.769728648009426
8.0,23.769728648009426
9.0,23.769728648009426
10.0,23.62202362203543
11.0,23.62202362203543
12.0,17.378147196982766
13.0,17.378147196982766
14.0,16.278820596099706
15.0,16.278820596099706
16.0,15.427248620541512
17.0,15.427248620541512
18.0,13.152946437965905
19.0,13.152946437965905
20.0,11.704699910719626
21.0,11.704699910719626
22.0,11.704699910719626
23.0,8.602325267042627
24.0,8.602325267042627
25.0,4.795831523312719
26.0,4.795831523312719
27.0,4.795831523312719
28.0,4.795831523312719
29.0,4.795831523312719
30.0,4.795831523312719
31.0,4.795831523312719
32.0,4.795831523312719
33.0,4.795831523312719
34.0,4.795831523312719
35.0,4.795831523312719
36.0,4.795831523312719
37.0,4.795831523312719
38.0,4.795831523312719
39.0,4.795831523312719
40.0,4.795831523312719
41.0,4.795831523312719
42.0,4.795831523312719
43.0,4.795831523312719
44.0,4.795831523312719
45.0,4.795831523312719
46.0,4.795831523312719
47.0,4.795831523312719
48.0,4.47213595499958
49.0,4.47213595499958
50.0,4.47213595499958
51.0,4.47213595499958
52.0,4.47213595499958
53.0,4.47213595499958
54.0,4.47213595499958
55.0,4.242640687119285
56.0,4.242640687119285
57.0,4.242640687119285
58.0,4.242640687119285
59.0,4.242640687119285
60.0,4.242640687119285
61.0,4.242640687119285
62.0,4.242640687119285
63.0,4.242640687119285
64.0,4.242640687119285
65.0,4.242640687119285
66.0,3.1622776601683795
67.0,3.1622776601683795
68.0,3.1622776601683795
69.0,3.1622776601683795
70.0,3.1622776601683795
71.0,3.1622776601683795
72.0,3.1622776601683795
73.0,3.1622776601683795
74.0,3.1622776601683795
75.0,3.1622776601683795
76.0,3.1622776601683795
77.0,3.1622776601683795
78.0,3.1622776601683795
79.0,3.1622776601683795
80.0,3.1622776601683795
81.0,3.1622776601683795
82.0,3.1622776601683795
83.0,3.1622776601683795
84.0,3.1622776601683795
85.0,3.1622776601683795
86.0,3.1622776601683795
87.0,3.1622776601683795
88.0,3.1622776601683795
89.0,3.1622776601683795
90.0,3.1622776601683795
91.0,3.1622776601683795
92.0,3.1622776601683795
93.0,3.1622776601683795
94.0,3.1622776601683795
95.0,3.1622776601683795
96.0,2.449489742783178
97.0,2.449489742783178
98.0,2.449489742783178
99.0,2.449489742783178
100.0,2.449489742783178
101.0,2.449489742783178
102.0,2.449489742783178
103.0,2.449489742783178
104.0,2.449489742783178
105.0,2.449489742783178
106.0,2.449489742783178
107.0,2.449489742783178
108.0,2.449489742783178
109.0,2.449489742783178
110.0,2.449489742783178
111.0,2.449489742783178
112.0,2.449489742783178
113.0,2.449489742783178
114.0,2.449489742783178
115.0,2.449489742783178
116.0,2.449489742783178
117.0,2.449489742783178
118.0,2.0
119.0,2.0
120.0,2.0
121.0,2.0
122.0,2.0
123.0,2.0
124.0,2.0
125.0,2.0
126.0,2.0
127.0,2.0
128.0,2.0
129.0,2.0
130.0,2.0
131.0,2.0
132.0,2.0
133.0,2.0
134.0,2.0
135.0,2.0
136.0,2.0
137.0,2.0
138.0,2.0
139.0,2.0
140.0,2.0
141.0,2.0
142.0,2.0
143.0,2.0
144.0,2.0
145.0,2.0
146.0,2.0
147.0,2.0
148.0,2.0
149.0,2.0
150.0,2.0
151.0,2.0
152.0,2.0
153.0,2.0
154.0,2.0
155.0,2.0
156.0,2.0
157.0,2.0
158.0,2.0
159.0,2.0
160.0,2.0
161.0,2.0
162.0,1.7320508075688772
163.0,1.7320508075688772
164.0,1.7320508075688772
165.0,1.7320508075688772
166.0,1.7320508075688772
167.0,1.7320508075688772
168.0,1.7320508075688772
169.0,1.7320508075688772
170.0,1.7320508075688772
171.0,1.7320508075688772
172.0,1.7320508075688772
173.0,1.7320508075688772
174.0,1.7320508075688772
175.0,1.7320508075688772
176.0,1.7320508075688772
177.0,1.7320508075688772
178.0,1.7320508075688772
179.0,1.7320508075688772
180.0,1.4142135623730951
181.0,1.4142135623730951
182.0,1.4142135623730951
183.0,1.4142135623730951
184.0,1.4142135623730951
185.0,1.4142135623730951
186.0,1.4142135623730951
187.0,1.4142135623730951
188.0,1.4142135623730951
189.0,1.4142135623730951
190.0,1.4142135623730951
191.0,1.4142135623730951
192.0,1.4142135623730951
193.0,1.4142135623730951
194.0,1.4142135623730951
195.0,1.4142135623730951
196.0,1.4142135623730951
197.0,1.4142135623730951
198.0,1.4142135623730951
199.0,1.4142135623730951
200.0,1.4142135623730951
201.0,1.4142135623730951
202.0,1.4142135623730951
203.0,1.4142135623730951
204.0,1.4142135623730951
205.0,1.4142135623730951
206.0,1.4142135623730951
207.0,1.4142135623730951
208.0,1.4142135623730951
209.0,1.4142135623730951
210.0,1.4142135623730951
211.0,1.4142135623730951
212.0,1.4142135623730951
213.0,1.4142135623730951
214.0,1.4142135623730951
215.0,1.4142135623730951
216.0,1.4142135623730951
217.0,1.4142135623730951
218.0,1.4142135623730951
219.0,1.4142135623730951
220.0,1.4142135623730951
221.0,1.4142135623730951
222.0,1.4142135623730951
223.0,1.4142135623730951
224.0,1.4142135623730951
225.0,1.4142135623730951
226.0,1.4142135623730951
227.0,1.4142135623730951
228.0,1.4142135623730951
229.0,1.4142135623730951
230.0,1.4142135623730951
231.0,1.4142135623730951
232.0,1.4142135623730951
233.0,1.4142135623730951
234.0,1.4142135623730951
235.0,1.4142135623730951
236.0,1.4142135623730951
237.0,1.4142135623730951
238.0,1.4142135623730951
239.0,1.4142135623730951
240.0,1.4142135623730951
241.0,1.4142135623730951
242.0,1.4142135623730951
243.0,1.4142135623730951
244.0,1.4142135623730951
245.0,1.4142135623730951
246.0,1.4142135623730951
247.0,1.4142135623730951
248.0,1.4142135623730951
249.0,1.4142135623730951
250.0,1.4142135623730951
251.0,1.4142135623730951
252.0,1.4142135623730951
253.0,1.4142135623730951
254.0,1.4142135623730951
255.0,1.4142135623730951
256.0,1.4142135623730951
257.0,1.4142135623730951
258.0,1.4142135623730951
259.0,1.4142135623730951
260.0,1.4142135623730951
261.0,1.4142135623730951
262.0,1.4142135623730951
263.0,1.4142135623730951
264.0,1.4142135623730951
265.0,1.4142135623730951
266.0,1.4142135623730951
267.0,1.0
268.0,1.0
269.0,1.0
270.0,1.0
271.0,1.0
272.0,1.0
273.0,1.0
274.0,1.0
275.0,1.0
276.0,1.0
277.0,1.0
278.0,1.0
279.0,1.0
280.0,1.0
281.0,1.0
282.0,1.0
283.0,1.0
284.0,1.0
285.0,1.0
286.0,1.0
287.0,1.0
288.0,1.0
289.0,1.0
290.0,1.0
290.0,0.0
