Iteration,Fitness
2.0,58.36951259004995
3.0,56.382621436041795
4.0,38.02630668366309
5.0,38.02630668366309
6.0,35.86084215408221
7.0,34.48187929913333
8.0,25.475478405713993
9.0,24.61706725018234
10.0,19.672315572906
11.0,18.841443681416774
12.0,18.841443681416774
13.0,18.841443681416774
14.0,18.841443681416774
15.0,14.7648230602334
16.0,14.7648230602334
17.0,13.490737563232042
18.0,12.489995996796797
19.0,12.489995996796797
20.0,12.489995996796797
21.0,12.489995996796797
22.0,12.489995996796797
23.0,12.489995996796797
24.0,12.489995996796797
25.0,12.489995996796797
26.0,12.489995996796797
27.0,11.224972160321824
28.0,11.224972160321824
29.0,11.224972160321824
30.0,10.63014581273465
31.0,10.63014581273465
32.0,10.63014581273465
33.0,10.246950765959598
34.0,10.246950765959598
35.0,10.246950765959598
36.0,10.04987562112089
37.0,10.04987562112089
38.0,7.280109889280518
39.0,7.280109889280518
40.0,7.280109889280518
41.0,7.280109889280518
42.0,7.280109889280518
43.0,7.280109889280518
44.0,7.280109889280518
45.0,7.280109889280518
46.0,7.280109889280518
47.0,7.280109889280518
48.0,7.280109889280518
49.0,7.280109889280518
50.0,7.280109889280518
51.0,7.280109889280518
52.0,7.280109889280518
53.0,7.280109889280518
54.0,7.280109889280518
55.0,7.280109889280518
56.0,7.280109889280518
57.0,7.280109889280518
58.0,7.280109889280518
59.0,7.280109889280518
60.0,7.280109889280518
61.0,7.280109889280518
62.0,7.280109889280518
63.0,7.280109889280518
64.0,6.557438524302
65.0,6.557438524302
66.0,6.557438524302
67.0,6.557438524302
68.0,6.557438524302
69.0,6.557438524302
70.0,6.557438524302
71.0,6.557438524302
72.0,5.0
73.0,5.0
74.0,5.0
75.0,5.0
76.0,4.795831523312719
77.0,4.795831523312719
78.0,4.795831523312719
79.0,4.795831523312719
80.0,4.795831523312719
81.0,4.795831523312719
82.0,4.58257569495584
83.0,4.242640687119285
84.0,4.242640687119285
85.0,4.242640687119285
86.0,4.242640687119285
87.0,4.242640687119285
88.0,4.242640687119285
89.0,3.872983346207417
90.0,3.872983346207417
91.0,3.872983346207417
92.0,3.872983346207417
93.0,3.605551275463989
94.0,3.605551275463989
95.0,3.605551275463989
96.0,3.605551275463989
97.0,3.605551275463989
98.0,3.605551275463989
99.0,3.605551275463989
100.0,3.605551275463989
101.0,3.605551275463989
102.0,3.605551275463989
103.0,3.605551275463989
104.0,3.605551275463989
105.0,3.605551275463989
106.0,3.605551275463989
107.0,3.605551275463989
108.0,3.605551275463989
109.0,3.605551275463989
110.0,3.605551275463989
111.0,3.605551275463989
112.0,3.605551275463989
113.0,3.605551275463989
114.0,3.605551275463989
115.0,3.605551275463989
116.0,3.605551275463989
117.0,3.605551275463989
118.0,3.605551275463989
119.0,3.605551275463989
120.0,3.4641016151377544
121.0,3.4641016151377544
122.0,3.4641016151377544
123.0,3.4641016151377544
124.0,3.4641016151377544
125.0,3.4641016151377544
126.0,3.4641016151377544
127.0,3.0
128.0,3.0
129.0,3.0
130.0,3.0
131.0,3.0
132.0,3.0
133.0,3.0
134.0,3.0
135.0,3.0
136.0,3.0
137.0,3.0
138.0,3.0
139.0,3.0
140.0,3.0
141.0,3.0
142.0,3.0
143.0,3.0
144.0,3.0
145.0,3.0
146.0,3.0
147.0,3.0
148.0,3.0
149.0,3.0
150.0,3.0
151.0,3.0
152.0,3.0
153.0,3.0
154.0,3.0
155.0,3.0
156.0,2.449489742783178
157.0,2.449489742783178
158.0,2.449489742783178
159.0,2.449489742783178
160.0,2.449489742783178
161.0,2.449489742783178
162.0,2.449489742783178
163.0,2.449489742783178
164.0,2.449489742783178
165.0,2.449489742783178
166.0,2.449489742783178
167.0,2.449489742783178
168.0,2.449489742783178
169.0,2.449489742783178
170.0,2.449489742783178
171.0,2.449489742783178
172.0,2.449489742783178
173.0,2.23606797749979
174.0,2.23606797749979
175.0,2.23606797749979
176.0,2.23606797749979
177.0,2.23606797749979
178.0,2.23606797749979
179.0,2.23606797749979
180.0,2.23606797749979
181.0,2.23606797749979
182.0,2.23606797749979
183.0,2.23606797749979
184.0,2.23606797749979
185.0,2.23606797749979
186.0,2.23606797749979
187.0,2.23606797749979
188.0,2.23606797749979
189.0,2.23606797749979
190.0,2.23606797749979
191.0,2.23606797749979
192.0,2.23606797749979
193.0,2.23606797749979
194.0,2.23606797749979
195.0,2.23606797749979
196.0,2.23606797749979
197.0,2.23606797749979
198.0,2.23606797749979
199.0,2.23606797749979
200.0,2.23606797749979
201.0,2.23606797749979
202.0,2.23606797749979
203.0,2.23606797749979
204.0,2.23606797749979
205.0,2.23606797749979
206.0,2.23606797749979
207.0,2.23606797749979
208.0,2.23606797749979
209.0,2.23606797749979
210.0,2.23606797749979
211.0,2.23606797749979
212.0,2.23606797749979
213.0,2.23606797749979
214.0,2.23606797749979
215.0,2.23606797749979
216.0,2.23606797749979
217.0,2.23606797749979
218.0,2.23606797749979
219.0,2.23606797749979
220.0,2.23606797749979
221.0,2.23606797749979
222.0,2.23606797749979
223.0,2.23606797749979
224.0,2.23606797749979
225.0,2.0
226.0,2.0
227.0,2.0
228.0,2.0
229.0,2.0
230.0,2.0
231.0,2.0
232.0,2.0
233.0,2.0
234.0,2.0
235.0,2.0
236.0,2.0
237.0,2.0
238.0,2.0
239.0,2.0
240.0,2.0
241.0,2.0
242.0,2.0
243.0,2.0
244.0,2.0
245.0,2.0
246.0,2.0
247.0,2.0
248.0,2.0
249.0,2.0
250.0,2.0
251.0,2.0
252.0,2.0
253.0,2.0
254.0,2.0
255.0,2.0
256.0,2.0
257.0,2.0
258.0,2.0
259.0,2.0
260.0,2.0
261.0,2.0
262.0,2.0
263.0,2.0
264.0,2.0
265.0,2.0
266.0,2.0
267.0,2.0
268.0,2.0
269.0,2.0
270.0,2.0
271.0,2.0
272.0,2.0
273.0,2.0
274.0,2.0
275.0,2.0
276.0,2.0
277.0,2.0
278.0,2.0
279.0,2.0
280.0,1.7320508075688772
281.0,1.7320508075688772
282.0,1.7320508075688772
283.0,1.7320508075688772
284.0,1.7320508075688772
285.0,1.7320508075688772
286.0,1.7320508075688772
287.0,1.7320508075688772
288.0,1.7320508075688772
289.0,1.7320508075688772
290.0,1.7320508075688772
291.0,1.7320508075688772
292.0,1.7320508075688772
293.0,1.7320508075688772
294.0,1.7320508075688772
295.0,1.7320508075688772
296.0,1.7320508075688772
297.0,1.7320508075688772
298.0,1.7320508075688772
299.0,1.7320508075688772
300.0,1.7320508075688772
301.0,1.7320508075688772
302.0,1.7320508075688772
303.0,1.7320508075688772
304.0,1.7320508075688772
305.0,1.7320508075688772
306.0,1.7320508075688772
307.0,1.7320508075688772
308.0,1.7320508075688772
309.0,1.7320508075688772
310.0,1.7320508075688772
311.0,1.7320508075688772
312.0,1.7320508075688772
313.0,1.7320508075688772
314.0,1.7320508075688772
315.0,1.7320508075688772
316.0,1.7320508075688772
317.0,1.7320508075688772
318.0,1.7320508075688772
319.0,1.7320508075688772
320.0,1.7320508075688772
321.0,1.7320508075688772
322.0,1.7320508075688772
323.0,1.7320508075688772
324.0,1.7320508075688772
325.0,1.7320508075688772
326.0,1.7320508075688772
327.0,1.7320508075688772
328.0,1.7320508075688772
329.0,1.7320508075688772
330.0,1.7320508075688772
331.0,1.7320508075688772
332.0,1.7320508075688772
333.0,1.7320508075688772
334.0,1.7320508075688772
335.0,1.7320508075688772
336.0,1.7320508075688772
337.0,1.7320508075688772
338.0,1.7320508075688772
339.0,1.7320508075688772
340.0,1.7320508075688772
341.0,1.7320508075688772
342.0,1.7320508075688772
343.0,1.7320508075688772
344.0,1.7320508075688772
345.0,1.7320508075688772
346.0,1.7320508075688772
347.0,1.7320508075688772
348.0,1.7320508075688772
349.0,1.7320508075688772
350.0,1.7320508075688772
351.0,1.7320508075688772
352.0,1.7320508075688772
353.0,1.7320508075688772
354.0,1.7320508075688772
355.0,1.7320508075688772
356.0,1.7320508075688772
357.0,1.7320508075688772
358.0,1.7320508075688772
359.0,1.7320508075688772
360.0,1.7320508075688772
361.0,1.7320508075688772
362.0,1.7320508075688772
363.0,1.7320508075688772
364.0,1.7320508075688772
365.0,1.7320508075688772
366.0,1.7320508075688772
367.0,1.7320508075688772
368.0,1.7320508075688772
369.0,1.7320508075688772
370.0,1.7320508075688772
371.0,1.7320508075688772
372.0,1.7320508075688772
373.0,1.7320508075688772
374.0,1.7320508075688772
375.0,1.7320508075688772
376.0,1.7320508075688772
377.0,1.7320508075688772
378.0,1.7320508075688772
379.0,1.7320508075688772
380.0,1.7320508075688772
381.0,1.7320508075688772
382.0,1.7320508075688772
383.0,1.7320508075688772
384.0,1.7320508075688772
385.0,1.7320508075688772
386.0,1.7320508075688772
387.0,1.7320508075688772
388.0,1.7320508075688772
389.0,1.7320508075688772
390.0,1.7320508075688772
391.0,1.7320508075688772
392.0,1.7320508075688772
393.0,1.7320508075688772
394.0,1.7320508075688772
395.0,1.7320508075688772
396.0,1.7320508075688772
397.0,1.7320508075688772
398.0,1.4142135623730951
399.0,1.4142135623730951
400.0,1.4142135623730951
401.0,1.0
402.0,1.0
403.0,1.0
404.0,1.0
405.0,1.0
406.0,1.0
407.0,1.0
408.0,1.0
409.0,1.0
410.0,1.0
411.0,1.0
412.0,1.0
413.0,1.0
414.0,1.0
415.0,1.0
416.0,1.0
417.0,1.0
418.0,1.0
419.0,1.0
420.0,1.0
421.0,1.0
422.0,1.0
423.0,1.0
424.0,1.0
425.0,1.0
426.0,1.0
427.0,1.0
428.0,1.0
429.0,1.0
430.0,1.0
431.0,1.0
432.0,1.0
433.0,1.0
434.0,1.0
435.0,1.0
436.0,1.0
437.0,1.0
438.0,1.0
439.0,1.0
440.0,1.0
441.0,1.0
442.0,1.0
443.0,1.0
444.0,1.0
445.0,1.0
446.0,1.0
447.0,1.0
448.0,1.0
449.0,1.0
450.0,1.0
451.0,1.0
452.0,1.0
453.0,1.0
454.0,1.0
455.0,1.0
456.0,1.0
457.0,1.0
458.0,1.0
459.0,1.0
460.0,1.0
461.0,1.0
462.0,1.0
463.0,1.0
464.0,1.0
465.0,1.0
466.0,1.0
467.0,1.0
468.0,1.0
469.0,1.0
470.0,1.0
471.0,1.0
472.0,1.0
473.0,1.0
474.0,1.0
475.0,1.0
476.0,1.0
477.0,1.0
478.0,1.0
479.0,1.0
480.0,1.0
481.0,1.0
482.0,1.0
483.0,1.0
484.0,1.0
485.0,1.0
486.0,1.0
487.0,1.0
488.0,1.0
489.0,1.0
490.0,1.0
491.0,1.0
492.0,1.0
493.0,1.0
494.0,1.0
495.0,1.0
496.0,1.0
497.0,1.0
498.0,1.0
499.0,1.0
500.0,1.0
501.0,1.0
502.0,1.0
503.0,1.0
504.0,1.0
505.0,1.0
506.0,1.0
507.0,1.0
508.0,1.0
509.0,1.0
510.0,1.0
511.0,1.0
512.0,1.0
513.0,1.0
514.0,1.0
515.0,1.0
516.0,1.0
517.0,1.0
518.0,1.0
519.0,1.0
519.0,0.0
