Iteration,Fitness
2.0,58.36951259004995
3.0,58.36951259004995
4.0,58.36951259004995
5.0,58.36951259004995
6.0,54.76312628037227
7.0,46.42197755374064
8.0,39.06404996924922
9.0,39.06404996924922
10.0,33.15116890850155
11.0,33.15116890850155
12.0,30.380915061926625
13.0,30.380915061926625
14.0,29.257477676655586
15.0,29.257477676655586
16.0,29.257477676655586
17.0,20.049937655763422
18.0,20.049937655763422
19.0,20.049937655763422
20.0,20.049937655763422
21.0,20.049937655763422
22.0,20.049937655763422
23.0,20.049937655763422
24.0,20.049937655763422
25.0,20.049937655763422
26.0,20.049937655763422
27.0,20.049937655763422
28.0,20.049937655763422
29.0,19.4164878389476
30.0,17.663521732655695
31.0,17.663521732655695
32.0,17.663521732655695
33.0,17.663521732655695
34.0,17.663521732655695
35.0,17.05872210923198
36.0,17.05872210923198
37.0,17.05872210923198
38.0,17.05872210923198
39.0,17.05872210923198
40.0,17.05872210923198
41.0,17.05872210923198
42.0,17.05872210923198
43.0,17.05872210923198
44.0,17.05872210923198
45.0,17.05872210923198
46.0,17.05872210923198
47.0,17.05872210923198
48.0,17.05872210923198
49.0,16.822603841260722
50.0,16.822603841260722
51.0,16.822603841260722
52.0,16.3707055437449
53.0,16.3707055437449
54.0,16.3707055437449
55.0,16.3707055437449
56.0,16.3707055437449
57.0,16.3707055437449
58.0,16.3707055437449
59.0,16.3707055437449
60.0,15.066519173319364
61.0,14.696938456699069
62.0,13.527749258468683
63.0,13.527749258468683
64.0,13.527749258468683
65.0,13.527749258468683
66.0,13.527749258468683
67.0,13.527749258468683
68.0,13.527749258468683
69.0,13.527749258468683
70.0,13.527749258468683
71.0,13.527749258468683
72.0,13.527749258468683
73.0,13.527749258468683
74.0,13.527749258468683
75.0,13.527749258468683
76.0,12.96148139681572
77.0,12.96148139681572
78.0,12.96148139681572
79.0,12.96148139681572
80.0,12.96148139681572
81.0,12.96148139681572
82.0,12.96148139681572
83.0,12.96148139681572
84.0,12.328828005937952
85.0,12.328828005937952
86.0,12.328828005937952
87.0,10.344080432788601
88.0,9.273618495495704
89.0,9.273618495495704
90.0,9.273618495495704
91.0,9.273618495495704
92.0,9.273618495495704
93.0,9.273618495495704
94.0,9.273618495495704
95.0,9.273618495495704
96.0,9.273618495495704
97.0,9.273618495495704
98.0,9.273618495495704
99.0,9.273618495495704
100.0,9.273618495495704
101.0,7.615773105863909
102.0,7.615773105863909
103.0,7.615773105863909
104.0,7.615773105863909
105.0,7.615773105863909
106.0,7.615773105863909
107.0,7.615773105863909
108.0,7.615773105863909
109.0,7.615773105863909
110.0,7.615773105863909
111.0,7.615773105863909
112.0,7.615773105863909
113.0,7.615773105863909
114.0,7.615773105863909
115.0,7.615773105863909
116.0,7.615773105863909
117.0,7.615773105863909
118.0,7.615773105863909
119.0,7.615773105863909
120.0,7.615773105863909
121.0,7.615773105863909
122.0,7.615773105863909
123.0,7.615773105863909
124.0,7.615773105863909
125.0,7.615773105863909
126.0,7.615773105863909
127.0,7.615773105863909
128.0,7.615773105863909
129.0,7.615773105863909
130.0,7.615773105863909
131.0,7.615773105863909
132.0,7.615773105863909
133.0,7.615773105863909
134.0,7.615773105863909
135.0,7.615773105863909
136.0,6.928203230275509
137.0,6.928203230275509
138.0,6.928203230275509
139.0,6.928203230275509
140.0,6.928203230275509
141.0,6.928203230275509
142.0,6.928203230275509
143.0,6.928203230275509
144.0,6.244997998398398
145.0,6.244997998398398
146.0,6.244997998398398
147.0,6.244997998398398
148.0,6.244997998398398
149.0,4.58257569495584
150.0,4.58257569495584
151.0,4.58257569495584
152.0,4.58257569495584
153.0,4.58257569495584
154.0,4.58257569495584
155.0,4.58257569495584
156.0,4.58257569495584
157.0,4.58257569495584
158.0,4.58257569495584
159.0,4.58257569495584
160.0,4.58257569495584
161.0,4.58257569495584
162.0,4.58257569495584
163.0,4.58257569495584
164.0,4.58257569495584
165.0,4.58257569495584
166.0,4.58257569495584
167.0,4.58257569495584
168.0,4.58257569495584
169.0,4.58257569495584
170.0,4.58257569495584
171.0,4.58257569495584
172.0,4.58257569495584
173.0,4.58257569495584
174.0,4.58257569495584
175.0,4.58257569495584
176.0,4.58257569495584
177.0,4.58257569495584
178.0,4.58257569495584
179.0,4.58257569495584
180.0,4.58257569495584
181.0,4.58257569495584
182.0,4.58257569495584
183.0,4.58257569495584
184.0,4.58257569495584
185.0,4.58257569495584
186.0,4.58257569495584
187.0,4.58257569495584
188.0,4.58257569495584
189.0,4.58257569495584
190.0,4.58257569495584
191.0,4.58257569495584
192.0,4.58257569495584
193.0,4.58257569495584
194.0,4.58257569495584
195.0,4.58257569495584
196.0,4.58257569495584
197.0,4.58257569495584
198.0,4.58257569495584
199.0,4.58257569495584
200.0,4.58257569495584
201.0,4.58257569495584
202.0,4.58257569495584
203.0,4.58257569495584
204.0,4.58257569495584
205.0,4.58257569495584
206.0,4.58257569495584
207.0,4.58257569495584
208.0,4.58257569495584
209.0,4.58257569495584
210.0,4.58257569495584
211.0,4.58257569495584
212.0,4.58257569495584
213.0,4.58257569495584
214.0,4.58257569495584
215.0,4.58257569495584
216.0,4.58257569495584
217.0,4.58257569495584
218.0,4.58257569495584
219.0,4.58257569495584
220.0,4.58257569495584
221.0,4.58257569495584
222.0,4.58257569495584
223.0,4.58257569495584
224.0,4.58257569495584
225.0,4.58257569495584
226.0,4.58257569495584
227.0,4.58257569495584
228.0,4.58257569495584
229.0,4.58257569495584
230.0,4.58257569495584
231.0,4.58257569495584
232.0,4.58257569495584
233.0,4.58257569495584
234.0,4.58257569495584
235.0,4.58257569495584
236.0,4.58257569495584
237.0,4.58257569495584
238.0,4.58257569495584
239.0,4.58257569495584
240.0,4.58257569495584
241.0,4.58257569495584
242.0,4.58257569495584
243.0,4.58257569495584
244.0,4.58257569495584
245.0,4.58257569495584
246.0,4.58257569495584
247.0,4.58257569495584
248.0,4.58257569495584
249.0,4.58257569495584
250.0,4.58257569495584
251.0,4.58257569495584
252.0,4.58257569495584
253.0,4.58257569495584
254.0,4.58257569495584
255.0,4.58257569495584
256.0,4.58257569495584
257.0,4.58257569495584
258.0,4.58257569495584
259.0,4.58257569495584
260.0,4.58257569495584
261.0,4.58257569495584
262.0,4.58257569495584
263.0,4.58257569495584
264.0,4.58257569495584
265.0,4.58257569495584
266.0,4.58257569495584
267.0,4.58257569495584
268.0,4.58257569495584
269.0,4.58257569495584
270.0,4.58257569495584
271.0,4.58257569495584
272.0,4.58257569495584
273.0,4.58257569495584
274.0,4.58257569495584
275.0,4.58257569495584
276.0,4.58257569495584
277.0,4.58257569495584
278.0,4.58257569495584
279.0,4.58257569495584
280.0,4.58257569495584
281.0,4.58257569495584
282.0,4.58257569495584
283.0,4.58257569495584
284.0,4.58257569495584
285.0,4.58257569495584
286.0,4.58257569495584
287.0,4.58257569495584
288.0,4.58257569495584
289.0,4.58257569495584
290.0,4.58257569495584
291.0,4.58257569495584
292.0,4.58257569495584
293.0,4.58257569495584
294.0,4.58257569495584
295.0,4.58257569495584
296.0,4.58257569495584
297.0,4.58257569495584
298.0,4.58257569495584
299.0,4.58257569495584
300.0,4.58257569495584
301.0,4.58257569495584
302.0,4.58257569495584
303.0,4.58257569495584
304.0,4.58257569495584
305.0,4.58257569495584
306.0,4.58257569495584
307.0,4.58257569495584
308.0,4.58257569495584
309.0,4.58257569495584
310.0,4.58257569495584
311.0,4.58257569495584
312.0,4.58257569495584
313.0,4.58257569495584
314.0,4.58257569495584
315.0,4.58257569495584
316.0,4.58257569495584
317.0,4.58257569495584
318.0,4.58257569495584
319.0,4.58257569495584
320.0,4.58257569495584
321.0,4.58257569495584
322.0,4.58257569495584
323.0,4.58257569495584
324.0,4.58257569495584
325.0,4.58257569495584
326.0,4.58257569495584
327.0,4.58257569495584
328.0,4.58257569495584
329.0,4.58257569495584
330.0,4.58257569495584
331.0,4.58257569495584
332.0,4.58257569495584
333.0,4.58257569495584
334.0,4.58257569495584
335.0,4.58257569495584
336.0,4.58257569495584
337.0,4.47213595499958
338.0,4.47213595499958
339.0,4.47213595499958
340.0,4.47213595499958
341.0,4.47213595499958
342.0,4.47213595499958
343.0,4.47213595499958
344.0,4.47213595499958
345.0,4.47213595499958
346.0,4.47213595499958
347.0,4.47213595499958
348.0,4.47213595499958
349.0,4.47213595499958
350.0,4.358898943540674
351.0,4.358898943540674
352.0,4.358898943540674
353.0,4.358898943540674
354.0,4.358898943540674
355.0,4.358898943540674
356.0,4.358898943540674
357.0,4.358898943540674
358.0,4.358898943540674
359.0,4.358898943540674
360.0,4.358898943540674
361.0,4.358898943540674
362.0,4.358898943540674
363.0,4.358898943540674
364.0,4.358898943540674
365.0,4.358898943540674
366.0,4.358898943540674
367.0,4.358898943540674
368.0,4.358898943540674
369.0,4.358898943540674
370.0,4.358898943540674
371.0,4.358898943540674
372.0,4.358898943540674
373.0,4.358898943540674
374.0,4.358898943540674
375.0,4.358898943540674
376.0,4.358898943540674
377.0,4.358898943540674
378.0,4.358898943540674
379.0,4.358898943540674
380.0,4.358898943540674
381.0,4.358898943540674
382.0,4.358898943540674
383.0,4.358898943540674
384.0,4.358898943540674
385.0,4.358898943540674
386.0,4.358898943540674
387.0,4.358898943540674
388.0,4.358898943540674
389.0,4.358898943540674
390.0,4.358898943540674
391.0,4.358898943540674
392.0,4.358898943540674
393.0,4.358898943540674
394.0,4.358898943540674
395.0,4.358898943540674
396.0,4.358898943540674
397.0,4.358898943540674
398.0,4.358898943540674
399.0,4.358898943540674
400.0,4.358898943540674
401.0,4.358898943540674
402.0,4.358898943540674
403.0,4.358898943540674
404.0,4.358898943540674
405.0,4.358898943540674
406.0,4.358898943540674
407.0,4.358898943540674
408.0,4.358898943540674
409.0,4.358898943540674
410.0,4.358898943540674
411.0,4.358898943540674
412.0,4.358898943540674
413.0,4.358898943540674
414.0,4.358898943540674
415.0,4.358898943540674
416.0,4.358898943540674
417.0,4.358898943540674
418.0,4.358898943540674
419.0,4.358898943540674
420.0,4.358898943540674
421.0,4.358898943540674
422.0,4.358898943540674
423.0,4.358898943540674
424.0,4.358898943540674
425.0,4.358898943540674
426.0,4.358898943540674
427.0,4.358898943540674
428.0,4.358898943540674
429.0,4.358898943540674
430.0,4.358898943540674
431.0,4.358898943540674
432.0,4.358898943540674
433.0,4.358898943540674
434.0,4.242640687119285
435.0,4.242640687119285
436.0,4.242640687119285
437.0,4.242640687119285
438.0,4.242640687119285
439.0,4.242640687119285
440.0,4.242640687119285
441.0,4.242640687119285
442.0,4.242640687119285
443.0,4.242640687119285
444.0,4.242640687119285
445.0,4.242640687119285
446.0,4.242640687119285
447.0,4.242640687119285
448.0,4.242640687119285
449.0,4.242640687119285
450.0,4.242640687119285
451.0,4.242640687119285
452.0,4.242640687119285
453.0,4.242640687119285
454.0,4.242640687119285
455.0,4.242640687119285
456.0,4.242640687119285
457.0,4.242640687119285
458.0,4.242640687119285
459.0,4.242640687119285
460.0,4.242640687119285
461.0,4.242640687119285
462.0,4.242640687119285
463.0,4.242640687119285
464.0,4.242640687119285
465.0,4.242640687119285
466.0,4.242640687119285
467.0,4.242640687119285
468.0,4.242640687119285
469.0,4.242640687119285
470.0,4.242640687119285
471.0,4.242640687119285
472.0,4.242640687119285
473.0,4.242640687119285
474.0,4.242640687119285
475.0,4.242640687119285
476.0,4.242640687119285
477.0,4.242640687119285
478.0,4.242640687119285
479.0,4.242640687119285
480.0,4.242640687119285
481.0,4.242640687119285
482.0,4.242640687119285
483.0,4.242640687119285
484.0,4.242640687119285
485.0,4.242640687119285
486.0,4.242640687119285
487.0,4.242640687119285
488.0,4.242640687119285
489.0,4.242640687119285
490.0,4.123105625617661
491.0,4.123105625617661
492.0,4.123105625617661
493.0,4.123105625617661
494.0,4.123105625617661
495.0,4.123105625617661
496.0,4.123105625617661
497.0,4.123105625617661
498.0,4.123105625617661
499.0,4.123105625617661
500.0,4.123105625617661
501.0,4.123105625617661
502.0,4.123105625617661
503.0,4.123105625617661
504.0,4.123105625617661
505.0,4.123105625617661
506.0,4.123105625617661
507.0,4.123105625617661
508.0,4.123105625617661
509.0,3.605551275463989
510.0,3.605551275463989
511.0,3.605551275463989
512.0,3.605551275463989
513.0,3.605551275463989
514.0,3.605551275463989
515.0,3.605551275463989
516.0,3.605551275463989
517.0,3.605551275463989
518.0,3.605551275463989
519.0,3.605551275463989
520.0,3.605551275463989
521.0,3.605551275463989
522.0,3.605551275463989
523.0,3.605551275463989
524.0,3.605551275463989
525.0,3.605551275463989
526.0,3.605551275463989
527.0,3.605551275463989
528.0,3.605551275463989
529.0,3.605551275463989
530.0,3.605551275463989
531.0,3.605551275463989
532.0,3.605551275463989
533.0,3.605551275463989
534.0,3.605551275463989
535.0,3.605551275463989
536.0,3.605551275463989
537.0,3.605551275463989
538.0,3.605551275463989
539.0,3.605551275463989
540.0,3.605551275463989
541.0,3.605551275463989
542.0,3.605551275463989
543.0,3.605551275463989
544.0,3.605551275463989
545.0,3.605551275463989
546.0,3.605551275463989
547.0,3.605551275463989
548.0,3.605551275463989
549.0,3.4641016151377544
550.0,3.4641016151377544
551.0,3.4641016151377544
552.0,3.4641016151377544
553.0,3.4641016151377544
554.0,3.4641016151377544
555.0,3.4641016151377544
556.0,3.4641016151377544
557.0,3.4641016151377544
558.0,3.4641016151377544
559.0,3.4641016151377544
560.0,3.4641016151377544
561.0,3.4641016151377544
562.0,3.4641016151377544
563.0,3.4641016151377544
564.0,3.3166247903554
565.0,3.3166247903554
566.0,3.3166247903554
567.0,3.3166247903554
568.0,3.1622776601683795
569.0,3.1622776601683795
570.0,3.1622776601683795
571.0,3.1622776601683795
572.0,3.1622776601683795
573.0,3.1622776601683795
574.0,3.1622776601683795
575.0,3.1622776601683795
576.0,3.1622776601683795
577.0,3.1622776601683795
578.0,3.1622776601683795
579.0,3.1622776601683795
580.0,3.1622776601683795
581.0,3.1622776601683795
582.0,3.1622776601683795
583.0,3.1622776601683795
584.0,3.1622776601683795
585.0,3.1622776601683795
586.0,3.1622776601683795
587.0,3.1622776601683795
588.0,3.0
589.0,3.0
590.0,3.0
591.0,3.0
592.0,3.0
593.0,3.0
594.0,3.0
595.0,3.0
596.0,3.0
597.0,3.0
598.0,3.0
599.0,3.0
600.0,3.0
601.0,3.0
602.0,3.0
603.0,3.0
604.0,3.0
605.0,3.0
606.0,3.0
607.0,3.0
608.0,3.0
609.0,3.0
610.0,3.0
611.0,3.0
612.0,3.0
613.0,3.0
614.0,3.0
615.0,3.0
616.0,3.0
617.0,3.0
618.0,3.0
619.0,3.0
620.0,3.0
621.0,3.0
622.0,3.0
623.0,3.0
624.0,3.0
625.0,3.0
626.0,3.0
627.0,3.0
628.0,3.0
629.0,3.0
630.0,3.0
631.0,3.0
632.0,3.0
633.0,3.0
634.0,3.0
635.0,3.0
636.0,3.0
637.0,3.0
638.0,3.0
639.0,3.0
640.0,3.0
641.0,3.0
642.0,3.0
643.0,3.0
644.0,3.0
645.0,3.0
646.0,3.0
647.0,3.0
648.0,3.0
649.0,3.0
650.0,3.0
651.0,3.0
652.0,3.0
653.0,3.0
654.0,3.0
655.0,3.0
656.0,3.0
657.0,3.0
658.0,3.0
659.0,3.0
660.0,3.0
661.0,3.0
662.0,3.0
663.0,3.0
664.0,3.0
665.0,3.0
666.0,3.0
667.0,3.0
668.0,3.0
669.0,3.0
670.0,3.0
671.0,3.0
672.0,3.0
673.0,3.0
674.0,3.0
675.0,3.0
676.0,3.0
677.0,3.0
678.0,3.0
679.0,3.0
680.0,3.0
681.0,3.0
682.0,3.0
683.0,3.0
684.0,3.0
685.0,3.0
686.0,3.0
687.0,3.0
688.0,3.0
689.0,3.0
690.0,3.0
691.0,3.0
692.0,3.0
693.0,3.0
694.0,3.0
695.0,3.0
696.0,3.0
697.0,3.0
698.0,3.0
699.0,3.0
700.0,3.0
701.0,3.0
702.0,3.0
703.0,2.6457513110645907
704.0,2.6457513110645907
705.0,2.6457513110645907
706.0,2.6457513110645907
707.0,2.6457513110645907
708.0,2.6457513110645907
709.0,2.6457513110645907
710.0,2.6457513110645907
711.0,2.6457513110645907
712.0,2.6457513110645907
713.0,2.6457513110645907
714.0,2.6457513110645907
715.0,2.6457513110645907
716.0,2.6457513110645907
717.0,2.6457513110645907
718.0,2.6457513110645907
719.0,2.6457513110645907
720.0,2.6457513110645907
721.0,2.6457513110645907
722.0,2.6457513110645907
723.0,2.6457513110645907
724.0,2.6457513110645907
725.0,2.6457513110645907
726.0,2.6457513110645907
727.0,2.6457513110645907
728.0,2.6457513110645907
729.0,2.6457513110645907
730.0,2.6457513110645907
731.0,2.6457513110645907
732.0,2.6457513110645907
733.0,2.6457513110645907
734.0,2.6457513110645907
735.0,2.6457513110645907
736.0,2.6457513110645907
737.0,2.6457513110645907
738.0,2.6457513110645907
739.0,2.6457513110645907
740.0,2.6457513110645907
741.0,2.6457513110645907
742.0,2.6457513110645907
743.0,2.6457513110645907
744.0,2.6457513110645907
745.0,2.6457513110645907
746.0,2.6457513110645907
747.0,2.6457513110645907
748.0,2.6457513110645907
749.0,2.6457513110645907
750.0,2.6457513110645907
751.0,2.6457513110645907
752.0,2.6457513110645907
753.0,2.6457513110645907
754.0,2.6457513110645907
755.0,2.6457513110645907
756.0,2.6457513110645907
757.0,2.6457513110645907
758.0,2.6457513110645907
759.0,2.6457513110645907
760.0,2.6457513110645907
761.0,2.6457513110645907
762.0,2.6457513110645907
763.0,2.6457513110645907
764.0,2.6457513110645907
765.0,2.6457513110645907
766.0,2.6457513110645907
767.0,2.6457513110645907
768.0,2.6457513110645907
769.0,2.6457513110645907
770.0,2.6457513110645907
771.0,2.6457513110645907
772.0,2.6457513110645907
773.0,2.6457513110645907
774.0,2.6457513110645907
775.0,2.6457513110645907
776.0,2.6457513110645907
777.0,2.6457513110645907
778.0,2.6457513110645907
779.0,2.6457513110645907
780.0,2.6457513110645907
781.0,2.6457513110645907
782.0,2.6457513110645907
783.0,2.6457513110645907
784.0,2.23606797749979
785.0,2.23606797749979
786.0,2.23606797749979
787.0,2.23606797749979
788.0,2.23606797749979
789.0,2.23606797749979
790.0,2.23606797749979
791.0,2.23606797749979
792.0,2.23606797749979
793.0,2.23606797749979
794.0,2.23606797749979
795.0,2.23606797749979
796.0,2.23606797749979
797.0,2.23606797749979
798.0,2.23606797749979
799.0,2.23606797749979
800.0,2.23606797749979
801.0,2.23606797749979
802.0,2.23606797749979
803.0,2.23606797749979
804.0,2.23606797749979
805.0,2.23606797749979
806.0,2.23606797749979
807.0,2.23606797749979
808.0,2.23606797749979
809.0,2.23606797749979
810.0,2.23606797749979
811.0,2.23606797749979
812.0,2.23606797749979
813.0,2.23606797749979
814.0,2.23606797749979
815.0,2.23606797749979
816.0,2.23606797749979
817.0,2.23606797749979
818.0,2.23606797749979
819.0,2.23606797749979
820.0,2.23606797749979
821.0,2.23606797749979
822.0,2.23606797749979
823.0,2.23606797749979
824.0,2.23606797749979
825.0,2.23606797749979
826.0,2.23606797749979
827.0,2.23606797749979
828.0,2.23606797749979
829.0,2.23606797749979
830.0,2.23606797749979
831.0,2.23606797749979
832.0,2.23606797749979
833.0,2.23606797749979
834.0,2.23606797749979
835.0,2.23606797749979
836.0,2.23606797749979
837.0,2.23606797749979
838.0,2.23606797749979
839.0,2.23606797749979
840.0,2.23606797749979
841.0,2.23606797749979
842.0,2.23606797749979
843.0,2.23606797749979
844.0,2.23606797749979
845.0,2.0
846.0,2.0
847.0,2.0
848.0,2.0
849.0,2.0
850.0,2.0
851.0,2.0
852.0,2.0
853.0,2.0
854.0,2.0
855.0,2.0
856.0,2.0
857.0,2.0
858.0,2.0
859.0,2.0
860.0,2.0
861.0,2.0
862.0,2.0
863.0,2.0
864.0,2.0
865.0,2.0
866.0,2.0
867.0,2.0
868.0,2.0
869.0,2.0
870.0,2.0
871.0,2.0
872.0,2.0
873.0,2.0
874.0,2.0
875.0,2.0
876.0,2.0
877.0,2.0
878.0,2.0
879.0,2.0
880.0,2.0
881.0,2.0
882.0,2.0
883.0,2.0
884.0,2.0
885.0,2.0
886.0,2.0
887.0,2.0
888.0,2.0
889.0,2.0
890.0,2.0
891.0,2.0
892.0,2.0
893.0,2.0
894.0,2.0
895.0,2.0
896.0,2.0
897.0,2.0
898.0,2.0
899.0,2.0
900.0,2.0
901.0,2.0
902.0,2.0
903.0,2.0
904.0,2.0
905.0,2.0
906.0,2.0
907.0,2.0
908.0,2.0
909.0,2.0
910.0,2.0
911.0,2.0
912.0,2.0
913.0,2.0
914.0,2.0
915.0,2.0
916.0,2.0
917.0,2.0
918.0,2.0
919.0,2.0
920.0,2.0
921.0,2.0
922.0,2.0
923.0,2.0
924.0,2.0
925.0,2.0
926.0,2.0
927.0,2.0
928.0,2.0
929.0,2.0
930.0,2.0
931.0,2.0
932.0,2.0
933.0,2.0
934.0,2.0
935.0,2.0
936.0,2.0
937.0,2.0
938.0,2.0
939.0,2.0
940.0,2.0
941.0,2.0
942.0,2.0
943.0,2.0
944.0,2.0
945.0,2.0
946.0,2.0
947.0,2.0
948.0,2.0
949.0,2.0
950.0,2.0
951.0,2.0
952.0,2.0
953.0,2.0
954.0,2.0
955.0,2.0
956.0,2.0
957.0,2.0
958.0,2.0
959.0,2.0
960.0,2.0
961.0,2.0
962.0,2.0
963.0,2.0
964.0,2.0
965.0,2.0
966.0,2.0
967.0,2.0
968.0,2.0
969.0,2.0
970.0,2.0
971.0,2.0
972.0,2.0
973.0,2.0
974.0,2.0
975.0,2.0
976.0,2.0
977.0,2.0
978.0,2.0
979.0,2.0
980.0,2.0
981.0,2.0
982.0,2.0
983.0,2.0
984.0,2.0
985.0,2.0
986.0,2.0
987.0,2.0
988.0,2.0
989.0,2.0
990.0,2.0
991.0,2.0
992.0,2.0
993.0,2.0
994.0,2.0
995.0,2.0
996.0,2.0
997.0,2.0
998.0,2.0
999.0,2.0
1000.0,2.0
1001.0,2.0
1002.0,2.0
1003.0,2.0
1004.0,2.0
1005.0,2.0
1006.0,2.0
1007.0,2.0
1008.0,2.0
1009.0,2.0
1010.0,2.0
1011.0,2.0
1012.0,2.0
1013.0,2.0
1014.0,2.0
1015.0,2.0
1016.0,2.0
1017.0,2.0
1018.0,2.0
1019.0,2.0
1020.0,2.0
1021.0,2.0
1022.0,2.0
1023.0,2.0
1024.0,2.0
1025.0,2.0
1026.0,2.0
1027.0,2.0
1028.0,2.0
1029.0,2.0
1030.0,2.0
1031.0,2.0
1032.0,2.0
1033.0,2.0
1034.0,2.0
1035.0,2.0
1036.0,2.0
1037.0,2.0
1038.0,2.0
1039.0,2.0
1040.0,2.0
1041.0,2.0
1042.0,2.0
1043.0,2.0
1044.0,2.0
1045.0,2.0
1046.0,2.0
1047.0,2.0
1048.0,2.0
1049.0,2.0
1050.0,2.0
1051.0,2.0
1052.0,2.0
1053.0,2.0
1054.0,2.0
1055.0,2.0
1056.0,2.0
1057.0,2.0
1058.0,2.0
1059.0,2.0
1060.0,2.0
1061.0,2.0
1062.0,2.0
1063.0,2.0
1064.0,2.0
1065.0,2.0
1066.0,2.0
1067.0,2.0
1068.0,2.0
1069.0,2.0
1070.0,2.0
1071.0,2.0
1072.0,2.0
1073.0,2.0
1074.0,2.0
1075.0,2.0
1076.0,2.0
1077.0,2.0
1078.0,2.0
1079.0,2.0
1080.0,2.0
1081.0,2.0
1082.0,2.0
1083.0,2.0
1084.0,2.0
1085.0,2.0
1086.0,2.0
1087.0,2.0
1088.0,2.0
1089.0,2.0
1090.0,2.0
1091.0,2.0
1092.0,2.0
1093.0,2.0
1094.0,2.0
1095.0,2.0
1096.0,2.0
1097.0,2.0
1098.0,2.0
1099.0,2.0
1100.0,2.0
1101.0,2.0
1102.0,2.0
1103.0,2.0
1104.0,2.0
1105.0,2.0
1106.0,2.0
1107.0,2.0
1108.0,2.0
1109.0,2.0
1110.0,2.0
1111.0,2.0
1112.0,2.0
1113.0,2.0
1114.0,2.0
1115.0,2.0
1116.0,2.0
1117.0,2.0
1118.0,2.0
1119.0,2.0
1120.0,2.0
1121.0,2.0
1122.0,2.0
1123.0,2.0
1124.0,2.0
1125.0,2.0
1126.0,2.0
1127.0,2.0
1128.0,2.0
1129.0,2.0
1130.0,2.0
1131.0,2.0
1132.0,2.0
1133.0,2.0
1134.0,2.0
1135.0,2.0
1136.0,2.0
1137.0,2.0
1138.0,2.0
1139.0,1.7320508075688772
1140.0,1.7320508075688772
1141.0,1.7320508075688772
1142.0,1.7320508075688772
1143.0,1.7320508075688772
1144.0,1.7320508075688772
1145.0,1.7320508075688772
1146.0,1.7320508075688772
1147.0,1.7320508075688772
1148.0,1.7320508075688772
1149.0,1.7320508075688772
1150.0,1.7320508075688772
1151.0,1.7320508075688772
1152.0,1.7320508075688772
1153.0,1.7320508075688772
1154.0,1.7320508075688772
1155.0,1.7320508075688772
1156.0,1.7320508075688772
1157.0,1.7320508075688772
1158.0,1.7320508075688772
1159.0,1.7320508075688772
1160.0,1.7320508075688772
1161.0,1.7320508075688772
1162.0,1.7320508075688772
1163.0,1.7320508075688772
1164.0,1.7320508075688772
1165.0,1.7320508075688772
1166.0,1.7320508075688772
1167.0,1.7320508075688772
1168.0,1.7320508075688772
1169.0,1.7320508075688772
1170.0,1.7320508075688772
1171.0,1.7320508075688772
1172.0,1.7320508075688772
1173.0,1.7320508075688772
1174.0,1.7320508075688772
1175.0,1.7320508075688772
1176.0,1.7320508075688772
1177.0,1.7320508075688772
1178.0,1.7320508075688772
1179.0,1.7320508075688772
1180.0,1.7320508075688772
1181.0,1.7320508075688772
1182.0,1.7320508075688772
1183.0,1.7320508075688772
1184.0,1.7320508075688772
1185.0,1.7320508075688772
1186.0,1.7320508075688772
1187.0,1.7320508075688772
1188.0,1.7320508075688772
1189.0,1.7320508075688772
1190.0,1.7320508075688772
1191.0,1.7320508075688772
1192.0,1.7320508075688772
1193.0,1.7320508075688772
1194.0,1.7320508075688772
1195.0,1.7320508075688772
1196.0,1.7320508075688772
1197.0,1.7320508075688772
1198.0,1.7320508075688772
1199.0,1.7320508075688772
1200.0,1.7320508075688772
1201.0,1.7320508075688772
1202.0,1.7320508075688772
1203.0,1.7320508075688772
1204.0,1.7320508075688772
1205.0,1.7320508075688772
1206.0,1.7320508075688772
1207.0,1.7320508075688772
1208.0,1.7320508075688772
1209.0,1.7320508075688772
1210.0,1.7320508075688772
1211.0,1.7320508075688772
1212.0,1.7320508075688772
1213.0,1.7320508075688772
1214.0,1.7320508075688772
1215.0,1.7320508075688772
1216.0,1.7320508075688772
1217.0,1.7320508075688772
1218.0,1.7320508075688772
1219.0,1.7320508075688772
1220.0,1.7320508075688772
1221.0,1.7320508075688772
1222.0,1.7320508075688772
1223.0,1.7320508075688772
1224.0,1.7320508075688772
1225.0,1.7320508075688772
1226.0,1.7320508075688772
1227.0,1.7320508075688772
1228.0,1.7320508075688772
1229.0,1.7320508075688772
1230.0,1.7320508075688772
1231.0,1.7320508075688772
1232.0,1.7320508075688772
1233.0,1.7320508075688772
1234.0,1.7320508075688772
1235.0,1.7320508075688772
1236.0,1.7320508075688772
1237.0,1.7320508075688772
1238.0,1.7320508075688772
1239.0,1.7320508075688772
1240.0,1.7320508075688772
1241.0,1.7320508075688772
1242.0,1.7320508075688772
1243.0,1.7320508075688772
1244.0,1.7320508075688772
1245.0,1.7320508075688772
1246.0,1.7320508075688772
1247.0,1.7320508075688772
1248.0,1.7320508075688772
1249.0,1.7320508075688772
1250.0,1.7320508075688772
1251.0,1.7320508075688772
1252.0,1.7320508075688772
1253.0,1.7320508075688772
1254.0,1.7320508075688772
1255.0,1.7320508075688772
1256.0,1.7320508075688772
1257.0,1.7320508075688772
1258.0,1.7320508075688772
1259.0,1.7320508075688772
1260.0,1.7320508075688772
1261.0,1.7320508075688772
1262.0,1.7320508075688772
1263.0,1.7320508075688772
1264.0,1.7320508075688772
1265.0,1.7320508075688772
1266.0,1.7320508075688772
1267.0,1.7320508075688772
1268.0,1.7320508075688772
1269.0,1.7320508075688772
1270.0,1.7320508075688772
1271.0,1.7320508075688772
1272.0,1.7320508075688772
1273.0,1.7320508075688772
1274.0,1.7320508075688772
1275.0,1.7320508075688772
1276.0,1.7320508075688772
1277.0,1.7320508075688772
1278.0,1.7320508075688772
1279.0,1.7320508075688772
1280.0,1.7320508075688772
1281.0,1.7320508075688772
1282.0,1.7320508075688772
1283.0,1.7320508075688772
1284.0,1.7320508075688772
1285.0,1.7320508075688772
1286.0,1.7320508075688772
1287.0,1.7320508075688772
1288.0,1.7320508075688772
1289.0,1.7320508075688772
1290.0,1.7320508075688772
1291.0,1.7320508075688772
1292.0,1.7320508075688772
1293.0,1.7320508075688772
1294.0,1.7320508075688772
1295.0,1.7320508075688772
1296.0,1.7320508075688772
1297.0,1.7320508075688772
1298.0,1.7320508075688772
1299.0,1.7320508075688772
1300.0,1.7320508075688772
1301.0,1.7320508075688772
1302.0,1.7320508075688772
1303.0,1.7320508075688772
1304.0,1.7320508075688772
1305.0,1.7320508075688772
1306.0,1.7320508075688772
1307.0,1.7320508075688772
1308.0,1.7320508075688772
1309.0,1.7320508075688772
1310.0,1.7320508075688772
1311.0,1.7320508075688772
1312.0,1.7320508075688772
1313.0,1.7320508075688772
1314.0,1.7320508075688772
1315.0,1.7320508075688772
1316.0,1.7320508075688772
1317.0,1.7320508075688772
1318.0,1.7320508075688772
1319.0,1.7320508075688772
1320.0,1.7320508075688772
1321.0,1.7320508075688772
1322.0,1.7320508075688772
1323.0,1.7320508075688772
1324.0,1.7320508075688772
1325.0,1.7320508075688772
1326.0,1.7320508075688772
1327.0,1.7320508075688772
1328.0,1.7320508075688772
1329.0,1.7320508075688772
1330.0,1.7320508075688772
1331.0,1.7320508075688772
1332.0,1.7320508075688772
1333.0,1.7320508075688772
1334.0,1.7320508075688772
1335.0,1.7320508075688772
1336.0,1.7320508075688772
1337.0,1.7320508075688772
1338.0,1.7320508075688772
1339.0,1.7320508075688772
1340.0,1.7320508075688772
1341.0,1.7320508075688772
1342.0,1.7320508075688772
1343.0,1.7320508075688772
1344.0,1.7320508075688772
1345.0,1.7320508075688772
1346.0,1.7320508075688772
1347.0,1.7320508075688772
1348.0,1.7320508075688772
1349.0,1.7320508075688772
1350.0,1.7320508075688772
1351.0,1.7320508075688772
1352.0,1.7320508075688772
1353.0,1.7320508075688772
1354.0,1.7320508075688772
1355.0,1.7320508075688772
1356.0,1.7320508075688772
1357.0,1.7320508075688772
1358.0,1.7320508075688772
1359.0,1.7320508075688772
1360.0,1.7320508075688772
1361.0,1.7320508075688772
1362.0,1.7320508075688772
1363.0,1.7320508075688772
1364.0,1.7320508075688772
1365.0,1.7320508075688772
1366.0,1.7320508075688772
1367.0,1.7320508075688772
1368.0,1.7320508075688772
1369.0,1.7320508075688772
1370.0,1.7320508075688772
1371.0,1.7320508075688772
1372.0,1.7320508075688772
1373.0,1.7320508075688772
1374.0,1.7320508075688772
1375.0,1.7320508075688772
1376.0,1.7320508075688772
1377.0,1.7320508075688772
1378.0,1.7320508075688772
1379.0,1.7320508075688772
1380.0,1.7320508075688772
1381.0,1.7320508075688772
1382.0,1.7320508075688772
1383.0,1.7320508075688772
1384.0,1.7320508075688772
1385.0,1.7320508075688772
1386.0,1.7320508075688772
1387.0,1.7320508075688772
1388.0,1.7320508075688772
1389.0,1.7320508075688772
1390.0,1.7320508075688772
1391.0,1.7320508075688772
1392.0,1.7320508075688772
1393.0,1.7320508075688772
1394.0,1.7320508075688772
1395.0,1.7320508075688772
1396.0,1.7320508075688772
1397.0,1.7320508075688772
1398.0,1.7320508075688772
1399.0,1.7320508075688772
1400.0,1.7320508075688772
1401.0,1.7320508075688772
1402.0,1.7320508075688772
1403.0,1.7320508075688772
1404.0,1.7320508075688772
1405.0,1.7320508075688772
1406.0,1.7320508075688772
1407.0,1.7320508075688772
1408.0,1.7320508075688772
1409.0,1.7320508075688772
1410.0,1.7320508075688772
1411.0,1.7320508075688772
1412.0,1.7320508075688772
1413.0,1.7320508075688772
1414.0,1.7320508075688772
1415.0,1.7320508075688772
1416.0,1.7320508075688772
1417.0,1.7320508075688772
1418.0,1.7320508075688772
1419.0,1.7320508075688772
1420.0,1.7320508075688772
1421.0,1.7320508075688772
1422.0,1.7320508075688772
1423.0,1.7320508075688772
1424.0,1.7320508075688772
1425.0,1.7320508075688772
1426.0,1.7320508075688772
1427.0,1.7320508075688772
1428.0,1.7320508075688772
1429.0,1.7320508075688772
1430.0,1.7320508075688772
1431.0,1.7320508075688772
1432.0,1.7320508075688772
1433.0,1.7320508075688772
1434.0,1.7320508075688772
1435.0,1.7320508075688772
1436.0,1.7320508075688772
1437.0,1.7320508075688772
1438.0,1.7320508075688772
1439.0,1.7320508075688772
1440.0,1.7320508075688772
1441.0,1.7320508075688772
1442.0,1.7320508075688772
1443.0,1.7320508075688772
1444.0,1.7320508075688772
1445.0,1.7320508075688772
1446.0,1.7320508075688772
1447.0,1.7320508075688772
1448.0,1.7320508075688772
1449.0,1.7320508075688772
1450.0,1.7320508075688772
1451.0,1.7320508075688772
1452.0,1.7320508075688772
1453.0,1.7320508075688772
1454.0,1.7320508075688772
1455.0,1.7320508075688772
1456.0,1.7320508075688772
1457.0,1.7320508075688772
1458.0,1.7320508075688772
1459.0,1.7320508075688772
1460.0,1.7320508075688772
1461.0,1.7320508075688772
1462.0,1.7320508075688772
1463.0,1.7320508075688772
1464.0,1.7320508075688772
1465.0,1.7320508075688772
1466.0,1.7320508075688772
1467.0,1.7320508075688772
1468.0,1.7320508075688772
1469.0,1.7320508075688772
1470.0,1.7320508075688772
1471.0,1.7320508075688772
1472.0,1.7320508075688772
1473.0,1.7320508075688772
1474.0,1.7320508075688772
1475.0,1.7320508075688772
1476.0,1.7320508075688772
1477.0,1.7320508075688772
1478.0,1.7320508075688772
1479.0,1.7320508075688772
1480.0,1.7320508075688772
1481.0,1.7320508075688772
1482.0,1.7320508075688772
1483.0,1.7320508075688772
1484.0,1.7320508075688772
1485.0,1.7320508075688772
1486.0,1.7320508075688772
1487.0,1.7320508075688772
1488.0,1.7320508075688772
1489.0,1.7320508075688772
1490.0,1.7320508075688772
1491.0,1.7320508075688772
1492.0,1.7320508075688772
1493.0,1.7320508075688772
1494.0,1.7320508075688772
1495.0,1.7320508075688772
1496.0,1.7320508075688772
1497.0,1.7320508075688772
1498.0,1.7320508075688772
1499.0,1.7320508075688772
1500.0,1.7320508075688772
1501.0,1.7320508075688772
1502.0,1.7320508075688772
1503.0,1.7320508075688772
1504.0,1.7320508075688772
1505.0,1.7320508075688772
1506.0,1.7320508075688772
1507.0,1.7320508075688772
1508.0,1.7320508075688772
1509.0,1.7320508075688772
1510.0,1.7320508075688772
1511.0,1.7320508075688772
1512.0,1.7320508075688772
1513.0,1.7320508075688772
1514.0,1.7320508075688772
1515.0,1.7320508075688772
1516.0,1.7320508075688772
1517.0,1.7320508075688772
1518.0,1.7320508075688772
1519.0,1.7320508075688772
1520.0,1.7320508075688772
1521.0,1.7320508075688772
1522.0,1.7320508075688772
1523.0,1.7320508075688772
1524.0,1.7320508075688772
1525.0,1.7320508075688772
1526.0,1.7320508075688772
1527.0,1.7320508075688772
1528.0,1.7320508075688772
1529.0,1.7320508075688772
1530.0,1.7320508075688772
1531.0,1.7320508075688772
1532.0,1.7320508075688772
1533.0,1.7320508075688772
1534.0,1.7320508075688772
1535.0,1.7320508075688772
1536.0,1.7320508075688772
1537.0,1.7320508075688772
1538.0,1.7320508075688772
1539.0,1.7320508075688772
1540.0,1.7320508075688772
1541.0,1.7320508075688772
1542.0,1.7320508075688772
1543.0,1.4142135623730951
1544.0,1.4142135623730951
1545.0,1.4142135623730951
1546.0,1.4142135623730951
1547.0,1.4142135623730951
1548.0,1.4142135623730951
1549.0,1.4142135623730951
1550.0,1.4142135623730951
1551.0,1.4142135623730951
1552.0,1.4142135623730951
1553.0,1.4142135623730951
1554.0,1.4142135623730951
1555.0,1.4142135623730951
1556.0,1.4142135623730951
1557.0,1.4142135623730951
1558.0,1.4142135623730951
1559.0,1.4142135623730951
1560.0,1.4142135623730951
1561.0,1.4142135623730951
1562.0,1.4142135623730951
1563.0,1.4142135623730951
1564.0,1.4142135623730951
1565.0,1.4142135623730951
1566.0,1.4142135623730951
1567.0,1.4142135623730951
1568.0,1.4142135623730951
1569.0,1.4142135623730951
1570.0,1.4142135623730951
1571.0,1.4142135623730951
1572.0,1.4142135623730951
1573.0,1.4142135623730951
1574.0,1.4142135623730951
1575.0,1.4142135623730951
1576.0,1.4142135623730951
1577.0,1.4142135623730951
1578.0,1.4142135623730951
1579.0,1.4142135623730951
1580.0,1.4142135623730951
1581.0,1.4142135623730951
1582.0,1.4142135623730951
1583.0,1.4142135623730951
1584.0,1.4142135623730951
1585.0,1.4142135623730951
1586.0,1.4142135623730951
1587.0,1.4142135623730951
1588.0,1.4142135623730951
1589.0,1.4142135623730951
1590.0,1.4142135623730951
1591.0,1.4142135623730951
1592.0,1.4142135623730951
1593.0,1.4142135623730951
1594.0,1.4142135623730951
1595.0,1.4142135623730951
1596.0,1.4142135623730951
1597.0,1.4142135623730951
1598.0,1.4142135623730951
1599.0,1.4142135623730951
1600.0,1.4142135623730951
1601.0,1.4142135623730951
1602.0,1.4142135623730951
1603.0,1.4142135623730951
1604.0,1.4142135623730951
1605.0,1.4142135623730951
1606.0,1.4142135623730951
1607.0,1.4142135623730951
1608.0,1.4142135623730951
1609.0,1.4142135623730951
1610.0,1.4142135623730951
1611.0,1.4142135623730951
1612.0,1.4142135623730951
1613.0,1.4142135623730951
1614.0,1.4142135623730951
1615.0,1.4142135623730951
1616.0,1.4142135623730951
1617.0,1.4142135623730951
1618.0,1.4142135623730951
1619.0,1.4142135623730951
1620.0,1.4142135623730951
1621.0,1.4142135623730951
1622.0,1.4142135623730951
1623.0,1.4142135623730951
1624.0,1.4142135623730951
1625.0,1.4142135623730951
1626.0,1.4142135623730951
1627.0,1.4142135623730951
1628.0,1.4142135623730951
1629.0,1.4142135623730951
1630.0,1.4142135623730951
1631.0,1.4142135623730951
1632.0,1.4142135623730951
1633.0,1.4142135623730951
1634.0,1.4142135623730951
1635.0,1.4142135623730951
1636.0,1.4142135623730951
1637.0,1.4142135623730951
1638.0,1.4142135623730951
1639.0,1.4142135623730951
1640.0,1.4142135623730951
1641.0,1.4142135623730951
1642.0,1.4142135623730951
1643.0,1.4142135623730951
1644.0,1.4142135623730951
1645.0,1.4142135623730951
1646.0,1.4142135623730951
1647.0,1.4142135623730951
1648.0,1.4142135623730951
1649.0,1.4142135623730951
1650.0,1.4142135623730951
1651.0,1.4142135623730951
1652.0,1.4142135623730951
1653.0,1.4142135623730951
1654.0,1.4142135623730951
1655.0,1.4142135623730951
1656.0,1.4142135623730951
1657.0,1.4142135623730951
1658.0,1.4142135623730951
1659.0,1.4142135623730951
1660.0,1.4142135623730951
1661.0,1.4142135623730951
1662.0,1.4142135623730951
1663.0,1.4142135623730951
1664.0,1.4142135623730951
1665.0,1.4142135623730951
1666.0,1.4142135623730951
1667.0,1.4142135623730951
1668.0,1.4142135623730951
1669.0,1.4142135623730951
1670.0,1.4142135623730951
1671.0,1.4142135623730951
1672.0,1.4142135623730951
1673.0,1.4142135623730951
1674.0,1.4142135623730951
1675.0,1.4142135623730951
1676.0,1.4142135623730951
1677.0,1.4142135623730951
1678.0,1.4142135623730951
1679.0,1.4142135623730951
1680.0,1.4142135623730951
1681.0,1.4142135623730951
1682.0,1.4142135623730951
1683.0,1.4142135623730951
1684.0,1.4142135623730951
1685.0,1.4142135623730951
1686.0,1.4142135623730951
1687.0,1.4142135623730951
1688.0,1.4142135623730951
1689.0,1.4142135623730951
1690.0,1.4142135623730951
1691.0,1.4142135623730951
1692.0,1.4142135623730951
1693.0,1.4142135623730951
1694.0,1.4142135623730951
1695.0,1.4142135623730951
1696.0,1.4142135623730951
1697.0,1.4142135623730951
1698.0,1.4142135623730951
1699.0,1.4142135623730951
1700.0,1.4142135623730951
1701.0,1.4142135623730951
1702.0,1.4142135623730951
1703.0,1.4142135623730951
1704.0,1.4142135623730951
1705.0,1.4142135623730951
1706.0,1.4142135623730951
1707.0,1.4142135623730951
1708.0,1.4142135623730951
1709.0,1.4142135623730951
1710.0,1.4142135623730951
1711.0,1.4142135623730951
1712.0,1.4142135623730951
1713.0,1.4142135623730951
1714.0,1.4142135623730951
1715.0,1.4142135623730951
1716.0,1.4142135623730951
1717.0,1.4142135623730951
1718.0,1.4142135623730951
1719.0,1.4142135623730951
1720.0,1.4142135623730951
1721.0,1.4142135623730951
1722.0,1.4142135623730951
1723.0,1.4142135623730951
1724.0,1.4142135623730951
1725.0,1.4142135623730951
1726.0,1.4142135623730951
1727.0,1.4142135623730951
1728.0,1.4142135623730951
1729.0,1.4142135623730951
1730.0,1.4142135623730951
1731.0,1.4142135623730951
1732.0,1.4142135623730951
1733.0,1.4142135623730951
1734.0,1.4142135623730951
1735.0,1.4142135623730951
1736.0,1.4142135623730951
1737.0,1.4142135623730951
1738.0,1.4142135623730951
1739.0,1.4142135623730951
1740.0,1.4142135623730951
1741.0,1.4142135623730951
1742.0,1.4142135623730951
1743.0,1.4142135623730951
1744.0,1.4142135623730951
1745.0,1.4142135623730951
1746.0,1.4142135623730951
1747.0,1.4142135623730951
1748.0,1.4142135623730951
1749.0,1.4142135623730951
1750.0,1.4142135623730951
1751.0,1.4142135623730951
1752.0,1.4142135623730951
1753.0,1.4142135623730951
1754.0,1.4142135623730951
1755.0,1.4142135623730951
1756.0,1.4142135623730951
1757.0,1.4142135623730951
1758.0,1.4142135623730951
1759.0,1.4142135623730951
1760.0,1.4142135623730951
1761.0,1.4142135623730951
1762.0,1.4142135623730951
1763.0,1.4142135623730951
1764.0,1.4142135623730951
1765.0,1.4142135623730951
1766.0,1.4142135623730951
1767.0,1.4142135623730951
1768.0,1.4142135623730951
1769.0,1.4142135623730951
1770.0,1.4142135623730951
1771.0,1.4142135623730951
1772.0,1.4142135623730951
1773.0,1.4142135623730951
1774.0,1.4142135623730951
1775.0,1.4142135623730951
1776.0,1.4142135623730951
1777.0,1.4142135623730951
1778.0,1.4142135623730951
1779.0,1.4142135623730951
1780.0,1.4142135623730951
1781.0,1.4142135623730951
1782.0,1.4142135623730951
1783.0,1.4142135623730951
1784.0,1.4142135623730951
1785.0,1.4142135623730951
1786.0,1.4142135623730951
1787.0,1.4142135623730951
1788.0,1.4142135623730951
1789.0,1.4142135623730951
1790.0,1.4142135623730951
1791.0,1.4142135623730951
1792.0,1.4142135623730951
1793.0,1.4142135623730951
1794.0,1.4142135623730951
1795.0,1.4142135623730951
1796.0,1.4142135623730951
1797.0,1.4142135623730951
1798.0,1.4142135623730951
1799.0,1.4142135623730951
1800.0,1.4142135623730951
1801.0,1.4142135623730951
1802.0,1.4142135623730951
1803.0,1.4142135623730951
1804.0,1.4142135623730951
1805.0,1.4142135623730951
1806.0,1.4142135623730951
1807.0,1.4142135623730951
1808.0,1.4142135623730951
1809.0,1.4142135623730951
1810.0,1.4142135623730951
1811.0,1.4142135623730951
1812.0,1.4142135623730951
1813.0,1.4142135623730951
1814.0,1.4142135623730951
1815.0,1.4142135623730951
1816.0,1.4142135623730951
1817.0,1.4142135623730951
1818.0,1.4142135623730951
1819.0,1.4142135623730951
1820.0,1.4142135623730951
1821.0,1.4142135623730951
1822.0,1.4142135623730951
1823.0,1.4142135623730951
1824.0,1.4142135623730951
1825.0,1.4142135623730951
1826.0,1.4142135623730951
1827.0,1.4142135623730951
1828.0,1.4142135623730951
1829.0,1.4142135623730951
1830.0,1.4142135623730951
1831.0,1.4142135623730951
1832.0,1.0
1833.0,1.0
1834.0,1.0
1835.0,1.0
1836.0,1.0
1837.0,1.0
1838.0,1.0
1839.0,1.0
1840.0,1.0
1841.0,1.0
1842.0,1.0
1843.0,1.0
1844.0,1.0
1845.0,1.0
1846.0,1.0
1847.0,1.0
1848.0,1.0
1849.0,1.0
1850.0,1.0
1851.0,1.0
1852.0,1.0
1853.0,1.0
1854.0,1.0
1855.0,1.0
1856.0,1.0
1857.0,1.0
1858.0,1.0
1859.0,1.0
1860.0,1.0
1861.0,1.0
1862.0,1.0
1863.0,1.0
1864.0,1.0
1865.0,1.0
1866.0,1.0
1867.0,1.0
1868.0,1.0
1869.0,1.0
1870.0,1.0
1871.0,1.0
1872.0,1.0
1873.0,1.0
1874.0,1.0
1875.0,1.0
1876.0,1.0
1877.0,1.0
1878.0,1.0
1879.0,1.0
1880.0,1.0
1881.0,1.0
1882.0,1.0
1883.0,1.0
1884.0,1.0
1885.0,1.0
1886.0,1.0
1887.0,1.0
1888.0,1.0
1889.0,1.0
1890.0,1.0
1891.0,1.0
1892.0,1.0
1893.0,1.0
1894.0,1.0
1895.0,1.0
1896.0,1.0
1897.0,1.0
1898.0,1.0
1899.0,1.0
1900.0,1.0
1901.0,1.0
1902.0,1.0
1903.0,1.0
1904.0,1.0
1905.0,1.0
1906.0,1.0
1907.0,1.0
1908.0,1.0
1909.0,1.0
1910.0,1.0
1911.0,1.0
1912.0,1.0
1913.0,1.0
1914.0,1.0
1915.0,1.0
1916.0,1.0
1917.0,1.0
1918.0,1.0
1919.0,1.0
1920.0,1.0
1921.0,1.0
1922.0,1.0
1923.0,1.0
1924.0,1.0
1925.0,1.0
1926.0,1.0
1927.0,1.0
1928.0,1.0
1929.0,1.0
1930.0,1.0
1931.0,1.0
1932.0,1.0
1933.0,1.0
1934.0,1.0
1935.0,1.0
1936.0,1.0
1937.0,1.0
1938.0,1.0
1939.0,1.0
1940.0,1.0
1941.0,1.0
1942.0,1.0
1943.0,1.0
1944.0,1.0
1945.0,1.0
1946.0,1.0
1947.0,1.0
1948.0,1.0
1949.0,1.0
1950.0,1.0
1951.0,1.0
1952.0,1.0
1953.0,1.0
1954.0,1.0
1955.0,1.0
1956.0,1.0
1957.0,1.0
1958.0,1.0
1959.0,1.0
1960.0,1.0
1961.0,1.0
1962.0,1.0
1963.0,1.0
1964.0,1.0
1965.0,1.0
1966.0,1.0
1967.0,1.0
1968.0,1.0
1969.0,1.0
1970.0,1.0
1971.0,1.0
1972.0,1.0
1973.0,1.0
1974.0,1.0
1975.0,1.0
1976.0,1.0
1977.0,1.0
1978.0,1.0
1979.0,1.0
1980.0,1.0
1981.0,1.0
1982.0,1.0
1983.0,1.0
1984.0,1.0
1985.0,1.0
1986.0,1.0
1987.0,1.0
1988.0,1.0
1989.0,1.0
1990.0,1.0
1991.0,1.0
1992.0,1.0
1993.0,1.0
1994.0,1.0
1995.0,1.0
1996.0,1.0
1997.0,1.0
1998.0,1.0
1999.0,1.0
2000.0,1.0
2001.0,1.0
