Iteration,Fitness
2.0,58.36951259004995
3.0,57.113921245174545
4.0,42.14261501141095
5.0,39.81205847478876
6.0,34.583232931581165
7.0,28.61817604250837
8.0,28.61817604250837
9.0,28.61817604250837
10.0,28.61817604250837
11.0,22.293496809607955
12.0,22.293496809607955
13.0,19.390719429665317
14.0,17.663521732655695
15.0,17.663521732655695
16.0,17.663521732655695
17.0,17.663521732655695
18.0,16.217274740226856
19.0,15.7797338380595
20.0,15.7797338380595
21.0,15.7797338380595
22.0,15.0
23.0,12.12435565298214
24.0,12.12435565298214
25.0,12.12435565298214
26.0,12.12435565298214
27.0,10.44030650891055
28.0,10.44030650891055
29.0,10.44030650891055
30.0,10.14889156509222
31.0,9.433981132056603
32.0,9.433981132056603
33.0,9.433981132056603
34.0,9.433981132056603
35.0,9.433981132056603
36.0,9.433981132056603
37.0,9.433981132056603
38.0,9.433981132056603
39.0,9.433981132056603
40.0,9.433981132056603
41.0,9.433981132056603
42.0,9.433981132056603
43.0,9.433981132056603
44.0,9.433981132056603
45.0,9.433981132056603
46.0,9.433981132056603
47.0,9.433981132056603
48.0,9.433981132056603
49.0,9.433981132056603
50.0,9.433981132056603
51.0,9.433981132056603
52.0,9.433981132056603
53.0,8.717797887081348
54.0,8.717797887081348
55.0,8.18535277187245
56.0,8.18535277187245
57.0,8.18535277187245
58.0,8.18535277187245
59.0,8.0
60.0,8.0
61.0,8.0
62.0,8.0
63.0,8.0
64.0,8.0
65.0,8.0
66.0,8.0
67.0,8.0
68.0,8.0
69.0,8.0
70.0,8.0
71.0,8.0
72.0,7.937253933193772
73.0,7.937253933193772
74.0,7.937253933193772
75.0,7.937253933193772
76.0,7.937253933193772
77.0,7.937253933193772
78.0,7.937253933193772
79.0,7.937253933193772
80.0,7.937253933193772
81.0,7.937253933193772
82.0,7.937253933193772
83.0,7.874007874011811
84.0,7.874007874011811
85.0,7.874007874011811
86.0,7.416198487095663
87.0,7.416198487095663
88.0,7.416198487095663
89.0,7.416198487095663
90.0,7.416198487095663
91.0,7.416198487095663
92.0,7.416198487095663
93.0,7.416198487095663
94.0,7.416198487095663
95.0,7.416198487095663
96.0,7.416198487095663
97.0,7.416198487095663
98.0,7.416198487095663
99.0,7.416198487095663
100.0,5.744562646538029
101.0,5.744562646538029
102.0,5.744562646538029
103.0,5.744562646538029
104.0,5.744562646538029
105.0,5.744562646538029
106.0,5.744562646538029
107.0,5.744562646538029
108.0,5.744562646538029
109.0,5.744562646538029
110.0,5.744562646538029
111.0,5.0990195135927845
112.0,5.0990195135927845
113.0,5.0990195135927845
114.0,5.0990195135927845
115.0,5.0990195135927845
116.0,5.0990195135927845
117.0,5.0990195135927845
118.0,5.0990195135927845
119.0,5.0990195135927845
120.0,5.0990195135927845
121.0,5.0990195135927845
122.0,5.0990195135927845
123.0,5.0990195135927845
124.0,5.0990195135927845
125.0,5.0990195135927845
126.0,5.0990195135927845
127.0,5.0990195135927845
128.0,5.0990195135927845
129.0,5.0990195135927845
130.0,5.0990195135927845
131.0,5.0990195135927845
132.0,5.0990195135927845
133.0,5.0990195135927845
134.0,5.0990195135927845
135.0,5.0990195135927845
136.0,5.0990195135927845
137.0,5.0990195135927845
138.0,5.0990195135927845
139.0,5.0990195135927845
140.0,5.0990195135927845
141.0,5.0990195135927845
142.0,5.0990195135927845
143.0,5.0990195135927845
144.0,5.0990195135927845
145.0,5.0990195135927845
146.0,5.0990195135927845
147.0,5.0990195135927845
148.0,5.0990195135927845
149.0,5.0990195135927845
150.0,5.0990195135927845
151.0,5.0990195135927845
152.0,5.0990195135927845
153.0,5.0990195135927845
154.0,5.0990195135927845
155.0,5.0990195135927845
156.0,5.0990195135927845
157.0,5.0990195135927845
158.0,5.0990195135927845
159.0,5.0990195135927845
160.0,5.0990195135927845
161.0,5.0990195135927845
162.0,5.0990195135927845
163.0,5.0990195135927845
164.0,5.0990195135927845
165.0,5.0990195135927845
166.0,5.0990195135927845
167.0,5.0990195135927845
168.0,5.0990195135927845
169.0,5.0990195135927845
170.0,5.0990195135927845
171.0,5.0990195135927845
172.0,5.0990195135927845
173.0,5.0
174.0,4.358898943540674
175.0,4.358898943540674
176.0,4.358898943540674
177.0,4.358898943540674
178.0,4.358898943540674
179.0,4.242640687119285
180.0,4.242640687119285
181.0,4.123105625617661
182.0,4.123105625617661
183.0,4.123105625617661
184.0,4.123105625617661
185.0,4.123105625617661
186.0,4.123105625617661
187.0,4.123105625617661
188.0,4.123105625617661
189.0,4.123105625617661
190.0,4.123105625617661
191.0,4.123105625617661
192.0,4.123105625617661
193.0,4.123105625617661
194.0,4.123105625617661
195.0,4.123105625617661
196.0,4.123105625617661
197.0,4.123105625617661
198.0,4.123105625617661
199.0,4.123105625617661
200.0,4.123105625617661
201.0,4.123105625617661
202.0,4.123105625617661
203.0,4.123105625617661
204.0,4.123105625617661
205.0,4.123105625617661
206.0,4.123105625617661
207.0,4.123105625617661
208.0,4.123105625617661
209.0,4.123105625617661
210.0,4.123105625617661
211.0,4.123105625617661
212.0,4.123105625617661
213.0,4.123105625617661
214.0,4.123105625617661
215.0,4.123105625617661
216.0,4.123105625617661
217.0,4.123105625617661
218.0,4.123105625617661
219.0,4.123105625617661
220.0,4.0
221.0,4.0
222.0,4.0
223.0,4.0
224.0,4.0
225.0,4.0
226.0,4.0
227.0,4.0
228.0,4.0
229.0,4.0
230.0,4.0
231.0,4.0
232.0,4.0
233.0,4.0
234.0,4.0
235.0,4.0
236.0,4.0
237.0,4.0
238.0,4.0
239.0,4.0
240.0,4.0
241.0,4.0
242.0,4.0
243.0,4.0
244.0,4.0
245.0,4.0
246.0,4.0
247.0,4.0
248.0,4.0
249.0,4.0
250.0,3.872983346207417
251.0,3.872983346207417
252.0,3.872983346207417
253.0,3.872983346207417
254.0,3.872983346207417
255.0,3.872983346207417
256.0,3.872983346207417
257.0,3.872983346207417
258.0,3.7416573867739413
259.0,3.7416573867739413
260.0,3.7416573867739413
261.0,3.7416573867739413
262.0,3.7416573867739413
263.0,3.7416573867739413
264.0,3.7416573867739413
265.0,3.7416573867739413
266.0,3.7416573867739413
267.0,3.7416573867739413
268.0,3.3166247903554
269.0,3.3166247903554
270.0,3.3166247903554
271.0,3.3166247903554
272.0,3.3166247903554
273.0,3.3166247903554
274.0,3.3166247903554
275.0,3.3166247903554
276.0,3.3166247903554
277.0,3.3166247903554
278.0,3.3166247903554
279.0,3.3166247903554
280.0,3.3166247903554
281.0,3.3166247903554
282.0,3.3166247903554
283.0,3.3166247903554
284.0,3.1622776601683795
285.0,3.1622776601683795
286.0,3.1622776601683795
287.0,3.1622776601683795
288.0,3.1622776601683795
289.0,3.1622776601683795
290.0,3.1622776601683795
291.0,3.1622776601683795
292.0,3.1622776601683795
293.0,3.1622776601683795
294.0,3.1622776601683795
295.0,3.1622776601683795
296.0,3.1622776601683795
297.0,3.1622776601683795
298.0,3.1622776601683795
299.0,3.1622776601683795
300.0,3.1622776601683795
301.0,3.1622776601683795
302.0,3.1622776601683795
303.0,3.1622776601683795
304.0,3.1622776601683795
305.0,3.1622776601683795
306.0,3.1622776601683795
307.0,3.1622776601683795
308.0,3.1622776601683795
309.0,3.1622776601683795
310.0,3.1622776601683795
311.0,3.1622776601683795
312.0,3.1622776601683795
313.0,3.1622776601683795
314.0,3.1622776601683795
315.0,3.1622776601683795
316.0,3.1622776601683795
317.0,3.1622776601683795
318.0,3.1622776601683795
319.0,3.1622776601683795
320.0,3.1622776601683795
321.0,3.1622776601683795
322.0,3.1622776601683795
323.0,3.1622776601683795
324.0,3.1622776601683795
325.0,3.1622776601683795
326.0,3.1622776601683795
327.0,3.1622776601683795
328.0,3.1622776601683795
329.0,3.1622776601683795
330.0,3.1622776601683795
331.0,3.1622776601683795
332.0,3.1622776601683795
333.0,3.1622776601683795
334.0,3.1622776601683795
335.0,3.1622776601683795
336.0,3.1622776601683795
337.0,3.1622776601683795
338.0,3.1622776601683795
339.0,3.1622776601683795
340.0,3.1622776601683795
341.0,3.1622776601683795
342.0,3.1622776601683795
343.0,3.1622776601683795
344.0,3.1622776601683795
345.0,3.1622776601683795
346.0,3.1622776601683795
347.0,3.1622776601683795
348.0,3.1622776601683795
349.0,3.1622776601683795
350.0,3.1622776601683795
351.0,3.1622776601683795
352.0,3.1622776601683795
353.0,3.1622776601683795
354.0,3.1622776601683795
355.0,3.1622776601683795
356.0,3.1622776601683795
357.0,3.1622776601683795
358.0,3.1622776601683795
359.0,3.1622776601683795
360.0,3.1622776601683795
361.0,3.1622776601683795
362.0,3.1622776601683795
363.0,3.1622776601683795
364.0,2.8284271247461903
365.0,2.8284271247461903
366.0,2.8284271247461903
367.0,2.8284271247461903
368.0,2.8284271247461903
369.0,2.8284271247461903
370.0,2.8284271247461903
371.0,2.8284271247461903
372.0,2.8284271247461903
373.0,2.8284271247461903
374.0,2.8284271247461903
375.0,2.8284271247461903
376.0,2.8284271247461903
377.0,2.8284271247461903
378.0,2.8284271247461903
379.0,2.8284271247461903
380.0,2.8284271247461903
381.0,2.8284271247461903
382.0,2.8284271247461903
383.0,2.8284271247461903
384.0,2.8284271247461903
385.0,2.8284271247461903
386.0,2.8284271247461903
387.0,2.8284271247461903
388.0,2.8284271247461903
389.0,2.8284271247461903
390.0,2.8284271247461903
391.0,2.8284271247461903
392.0,2.8284271247461903
393.0,2.8284271247461903
394.0,2.8284271247461903
395.0,2.8284271247461903
396.0,2.8284271247461903
397.0,2.8284271247461903
398.0,2.8284271247461903
399.0,2.8284271247461903
400.0,2.8284271247461903
401.0,2.8284271247461903
402.0,2.8284271247461903
403.0,2.8284271247461903
404.0,2.8284271247461903
405.0,2.8284271247461903
406.0,2.8284271247461903
407.0,2.8284271247461903
408.0,2.8284271247461903
409.0,2.8284271247461903
410.0,2.8284271247461903
411.0,2.6457513110645907
412.0,2.6457513110645907
413.0,2.6457513110645907
414.0,2.6457513110645907
415.0,2.6457513110645907
416.0,2.6457513110645907
417.0,2.6457513110645907
418.0,2.6457513110645907
419.0,2.6457513110645907
420.0,2.6457513110645907
421.0,2.6457513110645907
422.0,2.6457513110645907
423.0,2.6457513110645907
424.0,2.6457513110645907
425.0,2.6457513110645907
426.0,2.6457513110645907
427.0,2.6457513110645907
428.0,2.6457513110645907
429.0,2.6457513110645907
430.0,2.6457513110645907
431.0,2.6457513110645907
432.0,2.6457513110645907
433.0,2.6457513110645907
434.0,2.6457513110645907
435.0,2.6457513110645907
436.0,2.6457513110645907
437.0,2.6457513110645907
438.0,2.6457513110645907
439.0,2.6457513110645907
440.0,2.6457513110645907
441.0,2.6457513110645907
442.0,2.6457513110645907
443.0,2.6457513110645907
444.0,2.6457513110645907
445.0,2.6457513110645907
446.0,2.6457513110645907
447.0,2.6457513110645907
448.0,2.6457513110645907
449.0,2.6457513110645907
450.0,2.6457513110645907
451.0,2.6457513110645907
452.0,2.6457513110645907
453.0,2.6457513110645907
454.0,2.6457513110645907
455.0,2.6457513110645907
456.0,2.6457513110645907
457.0,2.6457513110645907
458.0,2.6457513110645907
459.0,2.6457513110645907
460.0,2.6457513110645907
461.0,2.6457513110645907
462.0,2.6457513110645907
463.0,2.6457513110645907
464.0,2.6457513110645907
465.0,2.6457513110645907
466.0,2.6457513110645907
467.0,2.6457513110645907
468.0,2.6457513110645907
469.0,2.6457513110645907
470.0,2.6457513110645907
471.0,2.6457513110645907
472.0,2.6457513110645907
473.0,2.6457513110645907
474.0,2.6457513110645907
475.0,2.6457513110645907
476.0,2.6457513110645907
477.0,2.6457513110645907
478.0,2.6457513110645907
479.0,2.6457513110645907
480.0,2.6457513110645907
481.0,2.6457513110645907
482.0,2.6457513110645907
483.0,2.6457513110645907
484.0,2.6457513110645907
485.0,2.6457513110645907
486.0,2.6457513110645907
487.0,2.6457513110645907
488.0,2.6457513110645907
489.0,2.6457513110645907
490.0,2.6457513110645907
491.0,2.6457513110645907
492.0,2.6457513110645907
493.0,2.6457513110645907
494.0,2.6457513110645907
495.0,2.6457513110645907
496.0,2.6457513110645907
497.0,2.6457513110645907
498.0,2.6457513110645907
499.0,2.6457513110645907
500.0,2.6457513110645907
501.0,2.6457513110645907
502.0,2.6457513110645907
503.0,2.6457513110645907
504.0,2.6457513110645907
505.0,2.6457513110645907
506.0,2.6457513110645907
507.0,2.6457513110645907
508.0,2.6457513110645907
509.0,2.6457513110645907
510.0,2.6457513110645907
511.0,2.6457513110645907
512.0,2.6457513110645907
513.0,2.6457513110645907
514.0,2.6457513110645907
515.0,2.6457513110645907
516.0,2.6457513110645907
517.0,2.6457513110645907
518.0,2.6457513110645907
519.0,2.6457513110645907
520.0,2.6457513110645907
521.0,2.6457513110645907
522.0,2.449489742783178
523.0,2.449489742783178
524.0,2.449489742783178
525.0,2.449489742783178
526.0,2.449489742783178
527.0,1.4142135623730951
528.0,1.4142135623730951
529.0,1.4142135623730951
530.0,1.4142135623730951
531.0,1.4142135623730951
532.0,1.4142135623730951
533.0,1.4142135623730951
534.0,1.4142135623730951
535.0,1.4142135623730951
536.0,1.4142135623730951
537.0,1.4142135623730951
538.0,1.4142135623730951
539.0,1.4142135623730951
540.0,1.4142135623730951
541.0,1.4142135623730951
542.0,1.4142135623730951
543.0,1.4142135623730951
544.0,1.4142135623730951
545.0,1.4142135623730951
546.0,1.4142135623730951
547.0,1.4142135623730951
548.0,1.4142135623730951
549.0,1.4142135623730951
550.0,1.4142135623730951
551.0,1.4142135623730951
552.0,1.4142135623730951
553.0,1.4142135623730951
554.0,1.4142135623730951
555.0,1.4142135623730951
556.0,1.4142135623730951
557.0,1.4142135623730951
558.0,1.4142135623730951
559.0,1.4142135623730951
560.0,1.4142135623730951
561.0,1.4142135623730951
562.0,1.4142135623730951
563.0,1.4142135623730951
564.0,1.4142135623730951
565.0,1.4142135623730951
566.0,1.4142135623730951
567.0,1.4142135623730951
568.0,1.4142135623730951
569.0,1.4142135623730951
570.0,1.4142135623730951
571.0,1.4142135623730951
572.0,1.4142135623730951
573.0,1.4142135623730951
574.0,1.4142135623730951
575.0,1.4142135623730951
576.0,1.4142135623730951
577.0,1.4142135623730951
578.0,1.4142135623730951
579.0,1.4142135623730951
580.0,1.4142135623730951
581.0,1.4142135623730951
582.0,1.4142135623730951
583.0,1.4142135623730951
584.0,1.4142135623730951
585.0,1.4142135623730951
586.0,1.4142135623730951
587.0,1.4142135623730951
588.0,1.4142135623730951
589.0,1.4142135623730951
590.0,1.4142135623730951
591.0,1.4142135623730951
592.0,1.4142135623730951
593.0,1.4142135623730951
594.0,1.4142135623730951
595.0,1.4142135623730951
596.0,1.4142135623730951
597.0,1.4142135623730951
598.0,1.4142135623730951
599.0,1.4142135623730951
600.0,1.4142135623730951
601.0,1.4142135623730951
602.0,1.4142135623730951
603.0,1.4142135623730951
604.0,1.4142135623730951
605.0,1.4142135623730951
606.0,1.4142135623730951
607.0,1.4142135623730951
608.0,1.4142135623730951
609.0,1.4142135623730951
610.0,1.4142135623730951
611.0,1.4142135623730951
612.0,1.4142135623730951
613.0,1.4142135623730951
614.0,1.4142135623730951
615.0,1.4142135623730951
616.0,1.4142135623730951
617.0,1.4142135623730951
618.0,1.4142135623730951
619.0,1.4142135623730951
620.0,1.4142135623730951
621.0,1.4142135623730951
622.0,1.4142135623730951
623.0,1.4142135623730951
624.0,1.4142135623730951
625.0,1.4142135623730951
626.0,1.4142135623730951
627.0,1.4142135623730951
628.0,1.4142135623730951
629.0,1.4142135623730951
630.0,1.4142135623730951
631.0,1.4142135623730951
632.0,1.4142135623730951
633.0,1.4142135623730951
634.0,1.4142135623730951
635.0,1.4142135623730951
636.0,1.4142135623730951
637.0,1.4142135623730951
638.0,1.4142135623730951
639.0,1.4142135623730951
640.0,1.4142135623730951
641.0,1.4142135623730951
642.0,1.4142135623730951
643.0,1.4142135623730951
644.0,1.4142135623730951
645.0,1.4142135623730951
646.0,1.4142135623730951
647.0,1.4142135623730951
648.0,1.4142135623730951
649.0,1.4142135623730951
650.0,1.4142135623730951
651.0,1.4142135623730951
652.0,1.4142135623730951
653.0,1.4142135623730951
654.0,1.4142135623730951
655.0,1.4142135623730951
656.0,1.4142135623730951
657.0,1.4142135623730951
658.0,1.4142135623730951
659.0,1.4142135623730951
660.0,1.4142135623730951
661.0,1.4142135623730951
662.0,1.4142135623730951
663.0,1.4142135623730951
664.0,1.4142135623730951
665.0,1.4142135623730951
666.0,1.4142135623730951
667.0,1.4142135623730951
668.0,1.4142135623730951
669.0,1.4142135623730951
670.0,1.4142135623730951
671.0,1.4142135623730951
672.0,1.4142135623730951
673.0,1.4142135623730951
674.0,1.4142135623730951
675.0,1.4142135623730951
676.0,1.4142135623730951
677.0,1.4142135623730951
678.0,1.4142135623730951
679.0,1.4142135623730951
680.0,1.4142135623730951
681.0,1.4142135623730951
682.0,1.4142135623730951
683.0,1.4142135623730951
684.0,1.4142135623730951
685.0,1.4142135623730951
686.0,1.4142135623730951
687.0,1.4142135623730951
688.0,1.4142135623730951
689.0,1.4142135623730951
690.0,1.4142135623730951
691.0,1.4142135623730951
692.0,1.4142135623730951
693.0,1.4142135623730951
694.0,1.4142135623730951
695.0,1.4142135623730951
696.0,1.4142135623730951
697.0,1.4142135623730951
698.0,1.4142135623730951
699.0,1.4142135623730951
700.0,1.4142135623730951
701.0,1.4142135623730951
702.0,1.4142135623730951
703.0,1.4142135623730951
704.0,1.4142135623730951
705.0,1.4142135623730951
706.0,1.4142135623730951
707.0,1.4142135623730951
708.0,1.4142135623730951
709.0,1.4142135623730951
710.0,1.4142135623730951
711.0,1.4142135623730951
712.0,1.4142135623730951
713.0,1.4142135623730951
714.0,1.4142135623730951
715.0,1.4142135623730951
716.0,1.4142135623730951
717.0,1.4142135623730951
718.0,1.4142135623730951
719.0,1.4142135623730951
720.0,1.4142135623730951
721.0,1.4142135623730951
722.0,1.4142135623730951
723.0,1.4142135623730951
724.0,1.4142135623730951
725.0,1.4142135623730951
726.0,1.4142135623730951
727.0,1.4142135623730951
728.0,1.4142135623730951
729.0,1.4142135623730951
730.0,1.4142135623730951
731.0,1.4142135623730951
732.0,1.4142135623730951
733.0,1.4142135623730951
734.0,1.4142135623730951
735.0,1.4142135623730951
736.0,1.4142135623730951
737.0,1.4142135623730951
738.0,1.4142135623730951
739.0,1.4142135623730951
740.0,1.4142135623730951
741.0,1.4142135623730951
742.0,1.4142135623730951
743.0,1.4142135623730951
744.0,1.4142135623730951
745.0,1.4142135623730951
746.0,1.4142135623730951
747.0,1.4142135623730951
748.0,1.4142135623730951
749.0,1.4142135623730951
750.0,1.4142135623730951
751.0,1.4142135623730951
752.0,1.4142135623730951
753.0,1.4142135623730951
754.0,1.4142135623730951
755.0,1.4142135623730951
756.0,1.4142135623730951
757.0,1.4142135623730951
758.0,1.4142135623730951
759.0,1.4142135623730951
760.0,1.4142135623730951
761.0,1.4142135623730951
762.0,1.4142135623730951
763.0,1.4142135623730951
764.0,1.4142135623730951
765.0,1.4142135623730951
766.0,1.4142135623730951
767.0,1.4142135623730951
768.0,1.4142135623730951
769.0,1.4142135623730951
770.0,1.4142135623730951
771.0,1.4142135623730951
772.0,1.4142135623730951
773.0,1.4142135623730951
774.0,1.4142135623730951
775.0,1.4142135623730951
776.0,1.4142135623730951
777.0,1.4142135623730951
778.0,1.4142135623730951
779.0,1.4142135623730951
780.0,1.4142135623730951
781.0,1.4142135623730951
782.0,1.4142135623730951
783.0,1.4142135623730951
784.0,1.4142135623730951
785.0,1.4142135623730951
786.0,1.4142135623730951
787.0,1.4142135623730951
788.0,1.4142135623730951
789.0,1.4142135623730951
790.0,1.4142135623730951
791.0,1.4142135623730951
792.0,1.4142135623730951
793.0,1.4142135623730951
794.0,1.4142135623730951
795.0,1.4142135623730951
796.0,1.4142135623730951
797.0,1.4142135623730951
798.0,1.4142135623730951
799.0,1.4142135623730951
800.0,1.4142135623730951
801.0,1.4142135623730951
802.0,1.4142135623730951
803.0,1.4142135623730951
804.0,1.4142135623730951
805.0,1.4142135623730951
806.0,1.4142135623730951
807.0,1.4142135623730951
808.0,1.4142135623730951
809.0,1.4142135623730951
810.0,1.4142135623730951
811.0,1.4142135623730951
812.0,1.4142135623730951
813.0,1.4142135623730951
814.0,1.4142135623730951
815.0,1.4142135623730951
816.0,1.4142135623730951
817.0,1.4142135623730951
818.0,1.4142135623730951
819.0,1.4142135623730951
820.0,1.4142135623730951
821.0,1.4142135623730951
822.0,1.4142135623730951
823.0,1.4142135623730951
824.0,1.4142135623730951
825.0,1.4142135623730951
826.0,1.4142135623730951
827.0,1.4142135623730951
828.0,1.4142135623730951
829.0,1.4142135623730951
830.0,1.4142135623730951
831.0,1.4142135623730951
832.0,1.4142135623730951
833.0,1.4142135623730951
834.0,1.4142135623730951
835.0,1.4142135623730951
836.0,1.4142135623730951
837.0,1.4142135623730951
838.0,1.4142135623730951
839.0,1.4142135623730951
840.0,1.4142135623730951
841.0,1.4142135623730951
842.0,1.4142135623730951
843.0,1.4142135623730951
844.0,1.4142135623730951
845.0,1.4142135623730951
846.0,1.4142135623730951
847.0,1.4142135623730951
848.0,1.4142135623730951
849.0,1.4142135623730951
850.0,1.4142135623730951
851.0,1.4142135623730951
852.0,1.4142135623730951
853.0,1.4142135623730951
854.0,1.4142135623730951
855.0,1.4142135623730951
856.0,1.4142135623730951
857.0,1.4142135623730951
858.0,1.4142135623730951
859.0,1.4142135623730951
860.0,1.4142135623730951
861.0,1.4142135623730951
862.0,1.4142135623730951
863.0,1.4142135623730951
864.0,1.4142135623730951
865.0,1.4142135623730951
866.0,1.4142135623730951
867.0,1.4142135623730951
868.0,1.4142135623730951
869.0,1.4142135623730951
870.0,1.4142135623730951
871.0,1.4142135623730951
872.0,1.4142135623730951
873.0,1.4142135623730951
874.0,1.4142135623730951
875.0,1.4142135623730951
876.0,1.4142135623730951
877.0,1.4142135623730951
878.0,1.4142135623730951
879.0,1.4142135623730951
880.0,1.4142135623730951
881.0,1.4142135623730951
882.0,1.4142135623730951
883.0,1.4142135623730951
884.0,1.4142135623730951
885.0,1.4142135623730951
886.0,1.4142135623730951
887.0,1.4142135623730951
888.0,1.4142135623730951
889.0,1.4142135623730951
890.0,1.4142135623730951
891.0,1.4142135623730951
892.0,1.4142135623730951
893.0,1.4142135623730951
894.0,1.4142135623730951
895.0,1.4142135623730951
896.0,1.4142135623730951
897.0,1.4142135623730951
898.0,1.4142135623730951
899.0,1.4142135623730951
900.0,1.4142135623730951
901.0,1.4142135623730951
902.0,1.4142135623730951
903.0,1.4142135623730951
904.0,1.4142135623730951
905.0,1.4142135623730951
906.0,1.4142135623730951
907.0,1.0
908.0,1.0
909.0,1.0
910.0,1.0
911.0,1.0
912.0,1.0
913.0,1.0
914.0,1.0
915.0,1.0
916.0,1.0
917.0,1.0
918.0,1.0
919.0,1.0
920.0,1.0
921.0,1.0
922.0,1.0
923.0,1.0
924.0,1.0
925.0,1.0
926.0,1.0
927.0,1.0
928.0,1.0
929.0,1.0
930.0,1.0
931.0,1.0
932.0,1.0
933.0,1.0
934.0,1.0
935.0,1.0
936.0,1.0
937.0,1.0
938.0,1.0
939.0,1.0
940.0,1.0
941.0,1.0
942.0,1.0
943.0,1.0
944.0,1.0
945.0,1.0
946.0,1.0
947.0,1.0
948.0,1.0
949.0,1.0
950.0,1.0
951.0,1.0
952.0,1.0
953.0,1.0
954.0,1.0
955.0,1.0
956.0,1.0
957.0,1.0
958.0,1.0
959.0,1.0
960.0,1.0
961.0,1.0
962.0,1.0
963.0,1.0
964.0,1.0
965.0,1.0
966.0,1.0
967.0,1.0
968.0,1.0
969.0,1.0
970.0,1.0
971.0,1.0
972.0,1.0
973.0,1.0
974.0,1.0
975.0,1.0
976.0,1.0
977.0,1.0
978.0,1.0
979.0,1.0
980.0,1.0
981.0,1.0
982.0,1.0
983.0,1.0
984.0,1.0
985.0,1.0
986.0,1.0
987.0,1.0
988.0,1.0
989.0,1.0
990.0,1.0
991.0,1.0
992.0,1.0
993.0,1.0
994.0,1.0
995.0,1.0
996.0,1.0
997.0,1.0
998.0,1.0
999.0,1.0
1000.0,1.0
1001.0,1.0
1002.0,1.0
1003.0,1.0
1004.0,1.0
1005.0,1.0
1006.0,1.0
1007.0,1.0
1008.0,1.0
1009.0,1.0
1010.0,1.0
1011.0,1.0
1012.0,1.0
1013.0,1.0
1014.0,1.0
1015.0,1.0
1016.0,1.0
1017.0,1.0
1018.0,1.0
1019.0,1.0
1020.0,1.0
1021.0,1.0
1022.0,1.0
1023.0,1.0
1024.0,1.0
1025.0,1.0
1026.0,1.0
1027.0,1.0
1028.0,1.0
1029.0,1.0
1030.0,1.0
1031.0,1.0
1032.0,1.0
1033.0,1.0
1034.0,1.0
1035.0,1.0
1036.0,1.0
1037.0,1.0
1038.0,1.0
1039.0,1.0
1040.0,1.0
1041.0,1.0
1042.0,1.0
1043.0,1.0
1044.0,1.0
1045.0,1.0
1046.0,1.0
1047.0,1.0
1048.0,1.0
1049.0,1.0
1050.0,1.0
1051.0,1.0
1052.0,1.0
1053.0,1.0
1054.0,1.0
1055.0,1.0
1056.0,1.0
1057.0,1.0
1058.0,1.0
1059.0,1.0
1060.0,1.0
1061.0,1.0
1062.0,1.0
1063.0,1.0
1064.0,1.0
1065.0,1.0
1066.0,1.0
1067.0,1.0
1068.0,1.0
1069.0,1.0
1070.0,1.0
1071.0,1.0
1072.0,1.0
1073.0,1.0
1074.0,1.0
1075.0,1.0
1076.0,1.0
1077.0,1.0
1078.0,1.0
1079.0,1.0
1080.0,1.0
1081.0,1.0
1082.0,1.0
1083.0,1.0
1084.0,1.0
1085.0,1.0
1086.0,1.0
1087.0,1.0
1088.0,1.0
1089.0,1.0
1090.0,1.0
1091.0,1.0
1092.0,1.0
1093.0,1.0
1094.0,1.0
1095.0,1.0
1096.0,1.0
1097.0,1.0
1098.0,1.0
1099.0,1.0
1100.0,1.0
1101.0,1.0
1102.0,1.0
1103.0,1.0
1104.0,1.0
1105.0,1.0
1106.0,1.0
1107.0,1.0
1108.0,1.0
1109.0,1.0
1110.0,1.0
1111.0,1.0
1112.0,1.0
1113.0,1.0
1114.0,1.0
1115.0,1.0
1116.0,1.0
1117.0,1.0
1118.0,1.0
1119.0,1.0
1120.0,1.0
1121.0,1.0
1122.0,1.0
1123.0,1.0
1124.0,1.0
1125.0,1.0
1126.0,1.0
1127.0,1.0
1128.0,1.0
1129.0,1.0
1130.0,1.0
1131.0,1.0
1132.0,1.0
1133.0,1.0
1134.0,1.0
1135.0,1.0
1136.0,1.0
1137.0,1.0
1138.0,1.0
1139.0,1.0
1140.0,1.0
1141.0,1.0
1142.0,1.0
1143.0,1.0
1144.0,1.0
1145.0,1.0
1146.0,1.0
1147.0,1.0
1148.0,1.0
1149.0,1.0
1150.0,1.0
1151.0,1.0
1152.0,1.0
1153.0,1.0
1154.0,1.0
1155.0,1.0
1156.0,1.0
1157.0,1.0
1158.0,1.0
1159.0,1.0
1160.0,1.0
1161.0,1.0
1162.0,1.0
1163.0,1.0
1164.0,1.0
1165.0,1.0
1166.0,1.0
1167.0,1.0
1168.0,1.0
1169.0,1.0
1170.0,1.0
1171.0,1.0
1172.0,1.0
1173.0,1.0
1174.0,1.0
1175.0,1.0
1176.0,1.0
1177.0,1.0
1178.0,1.0
1179.0,1.0
1180.0,1.0
1181.0,1.0
1182.0,1.0
1183.0,1.0
1184.0,1.0
1185.0,1.0
1186.0,1.0
1187.0,1.0
1188.0,1.0
1189.0,1.0
1189.0,0.0
