Iteration,Fitness
2.0,58.36951259004995
3.0,58.36951259004995
4.0,45.232731511594565
5.0,42.49705872175156
6.0,42.49705872175156
7.0,32.357379374726875
8.0,25.436194683953808
9.0,25.436194683953808
10.0,16.76305461424021
11.0,16.76305461424021
12.0,16.76305461424021
13.0,16.76305461424021
14.0,16.76305461424021
15.0,15.329709716755891
16.0,15.329709716755891
17.0,14.966629547095765
18.0,14.966629547095765
19.0,11.575836902790225
20.0,11.575836902790225
21.0,11.575836902790225
22.0,11.575836902790225
23.0,11.575836902790225
24.0,11.575836902790225
25.0,11.575836902790225
26.0,8.426149773176359
27.0,8.426149773176359
28.0,8.426149773176359
29.0,8.426149773176359
30.0,8.426149773176359
31.0,7.745966692414834
32.0,7.745966692414834
33.0,7.745966692414834
34.0,7.745966692414834
35.0,7.745966692414834
36.0,7.745966692414834
37.0,7.745966692414834
38.0,7.745966692414834
39.0,7.745966692414834
40.0,7.745966692414834
41.0,7.745966692414834
42.0,7.745966692414834
43.0,7.745966692414834
44.0,7.745966692414834
45.0,7.3484692283495345
46.0,6.782329983125268
47.0,6.782329983125268
48.0,6.782329983125268
49.0,6.782329983125268
50.0,6.782329983125268
51.0,6.782329983125268
52.0,6.782329983125268
53.0,6.782329983125268
54.0,6.782329983125268
55.0,6.782329983125268
56.0,6.782329983125268
57.0,6.782329983125268
58.0,6.782329983125268
59.0,6.782329983125268
60.0,6.782329983125268
61.0,6.782329983125268
62.0,6.782329983125268
63.0,6.782329983125268
64.0,5.830951894845301
65.0,5.830951894845301
66.0,5.830951894845301
67.0,5.830951894845301
68.0,5.830951894845301
69.0,5.830951894845301
70.0,5.830951894845301
71.0,5.830951894845301
72.0,4.242640687119285
73.0,4.242640687119285
74.0,4.242640687119285
75.0,4.242640687119285
76.0,4.242640687119285
77.0,4.242640687119285
78.0,4.242640687119285
79.0,4.242640687119285
80.0,4.242640687119285
81.0,4.242640687119285
82.0,4.242640687119285
83.0,4.242640687119285
84.0,4.242640687119285
85.0,4.242640687119285
86.0,4.242640687119285
87.0,4.242640687119285
88.0,4.242640687119285
89.0,4.242640687119285
90.0,4.242640687119285
91.0,4.242640687119285
92.0,4.242640687119285
93.0,4.242640687119285
94.0,4.242640687119285
95.0,4.242640687119285
96.0,4.242640687119285
97.0,3.3166247903554
98.0,3.3166247903554
99.0,3.3166247903554
100.0,3.3166247903554
101.0,3.3166247903554
102.0,3.3166247903554
103.0,3.3166247903554
104.0,3.3166247903554
105.0,3.3166247903554
106.0,3.3166247903554
107.0,3.3166247903554
108.0,3.3166247903554
109.0,3.3166247903554
110.0,3.3166247903554
111.0,3.3166247903554
112.0,3.3166247903554
113.0,3.3166247903554
114.0,3.3166247903554
115.0,3.3166247903554
116.0,3.3166247903554
117.0,3.3166247903554
118.0,3.3166247903554
119.0,3.3166247903554
120.0,3.3166247903554
121.0,3.3166247903554
122.0,3.3166247903554
123.0,3.3166247903554
124.0,3.3166247903554
125.0,3.3166247903554
126.0,3.3166247903554
127.0,3.3166247903554
128.0,3.3166247903554
129.0,3.3166247903554
130.0,3.3166247903554
131.0,3.3166247903554
132.0,3.3166247903554
133.0,3.3166247903554
134.0,3.3166247903554
135.0,3.3166247903554
136.0,3.3166247903554
137.0,3.3166247903554
138.0,3.3166247903554
139.0,3.3166247903554
140.0,3.3166247903554
141.0,3.3166247903554
142.0,3.3166247903554
143.0,3.3166247903554
144.0,3.1622776601683795
145.0,3.1622776601683795
146.0,3.1622776601683795
147.0,3.1622776601683795
148.0,3.1622776601683795
149.0,3.1622776601683795
150.0,3.1622776601683795
151.0,3.1622776601683795
152.0,3.1622776601683795
153.0,3.1622776601683795
154.0,2.8284271247461903
155.0,2.8284271247461903
156.0,2.8284271247461903
157.0,2.8284271247461903
158.0,2.8284271247461903
159.0,2.8284271247461903
160.0,2.8284271247461903
161.0,2.8284271247461903
162.0,2.8284271247461903
163.0,2.8284271247461903
164.0,2.8284271247461903
165.0,2.8284271247461903
166.0,2.8284271247461903
167.0,2.8284271247461903
168.0,2.8284271247461903
169.0,2.8284271247461903
170.0,2.8284271247461903
171.0,2.8284271247461903
172.0,2.8284271247461903
173.0,2.8284271247461903
174.0,2.8284271247461903
175.0,2.8284271247461903
176.0,2.8284271247461903
177.0,2.8284271247461903
178.0,2.8284271247461903
179.0,2.8284271247461903
180.0,2.8284271247461903
181.0,2.8284271247461903
182.0,2.8284271247461903
183.0,2.8284271247461903
184.0,2.8284271247461903
185.0,2.6457513110645907
186.0,2.6457513110645907
187.0,2.6457513110645907
188.0,2.6457513110645907
189.0,2.6457513110645907
190.0,2.6457513110645907
191.0,2.6457513110645907
192.0,2.6457513110645907
193.0,2.6457513110645907
194.0,2.6457513110645907
195.0,2.6457513110645907
196.0,2.6457513110645907
197.0,2.6457513110645907
198.0,2.6457513110645907
199.0,2.6457513110645907
200.0,2.6457513110645907
201.0,2.6457513110645907
202.0,2.6457513110645907
203.0,2.6457513110645907
204.0,2.6457513110645907
205.0,2.6457513110645907
206.0,2.6457513110645907
207.0,2.6457513110645907
208.0,2.6457513110645907
209.0,2.6457513110645907
210.0,2.6457513110645907
211.0,2.6457513110645907
212.0,2.6457513110645907
213.0,2.6457513110645907
214.0,2.6457513110645907
215.0,2.6457513110645907
216.0,2.6457513110645907
217.0,2.6457513110645907
218.0,2.6457513110645907
219.0,2.6457513110645907
220.0,2.6457513110645907
221.0,2.6457513110645907
222.0,2.6457513110645907
223.0,2.449489742783178
224.0,2.449489742783178
225.0,2.449489742783178
226.0,2.449489742783178
227.0,2.449489742783178
228.0,2.449489742783178
229.0,2.449489742783178
230.0,2.449489742783178
231.0,2.449489742783178
232.0,2.449489742783178
233.0,2.449489742783178
234.0,2.449489742783178
235.0,2.449489742783178
236.0,2.449489742783178
237.0,2.449489742783178
238.0,2.449489742783178
239.0,2.449489742783178
240.0,2.449489742783178
241.0,2.449489742783178
242.0,2.449489742783178
243.0,2.449489742783178
244.0,2.449489742783178
245.0,2.449489742783178
246.0,2.449489742783178
247.0,2.449489742783178
248.0,2.449489742783178
249.0,2.449489742783178
250.0,2.449489742783178
251.0,2.449489742783178
252.0,2.449489742783178
253.0,2.449489742783178
254.0,2.449489742783178
255.0,2.449489742783178
256.0,2.449489742783178
257.0,2.449489742783178
258.0,2.449489742783178
259.0,2.449489742783178
260.0,2.449489742783178
261.0,2.449489742783178
262.0,2.23606797749979
263.0,2.23606797749979
264.0,2.23606797749979
265.0,2.23606797749979
266.0,2.23606797749979
267.0,2.23606797749979
268.0,2.23606797749979
269.0,2.23606797749979
270.0,2.23606797749979
271.0,2.23606797749979
272.0,2.23606797749979
273.0,2.23606797749979
274.0,2.23606797749979
275.0,2.23606797749979
276.0,2.23606797749979
277.0,2.23606797749979
278.0,2.23606797749979
279.0,2.23606797749979
280.0,2.23606797749979
281.0,2.23606797749979
282.0,2.23606797749979
283.0,2.23606797749979
284.0,2.23606797749979
285.0,2.23606797749979
286.0,2.23606797749979
287.0,2.23606797749979
288.0,2.23606797749979
289.0,2.23606797749979
290.0,2.23606797749979
291.0,2.23606797749979
292.0,2.23606797749979
293.0,2.23606797749979
294.0,2.23606797749979
295.0,2.23606797749979
296.0,2.23606797749979
297.0,2.23606797749979
298.0,2.23606797749979
299.0,2.23606797749979
300.0,2.23606797749979
301.0,2.23606797749979
302.0,2.23606797749979
303.0,2.23606797749979
304.0,2.23606797749979
305.0,2.23606797749979
306.0,2.23606797749979
307.0,2.23606797749979
308.0,2.23606797749979
309.0,2.23606797749979
310.0,2.23606797749979
311.0,2.23606797749979
312.0,2.23606797749979
313.0,2.23606797749979
314.0,2.23606797749979
315.0,2.23606797749979
316.0,2.23606797749979
317.0,2.23606797749979
318.0,2.23606797749979
319.0,2.23606797749979
320.0,2.23606797749979
321.0,2.23606797749979
322.0,2.23606797749979
323.0,2.23606797749979
324.0,2.23606797749979
325.0,2.23606797749979
326.0,2.23606797749979
327.0,2.23606797749979
328.0,2.23606797749979
329.0,2.23606797749979
330.0,2.23606797749979
331.0,2.23606797749979
332.0,2.23606797749979
333.0,2.23606797749979
334.0,2.23606797749979
335.0,2.23606797749979
336.0,2.23606797749979
337.0,2.23606797749979
338.0,2.23606797749979
339.0,2.23606797749979
340.0,2.23606797749979
341.0,2.23606797749979
342.0,2.23606797749979
343.0,2.23606797749979
344.0,2.23606797749979
345.0,2.23606797749979
346.0,2.23606797749979
347.0,2.23606797749979
348.0,2.23606797749979
349.0,2.23606797749979
350.0,2.23606797749979
351.0,2.23606797749979
352.0,2.23606797749979
353.0,2.23606797749979
354.0,2.23606797749979
355.0,2.23606797749979
356.0,2.23606797749979
357.0,2.23606797749979
358.0,2.23606797749979
359.0,2.23606797749979
360.0,2.23606797749979
361.0,2.23606797749979
362.0,2.23606797749979
363.0,2.23606797749979
364.0,2.23606797749979
365.0,2.23606797749979
366.0,2.23606797749979
367.0,2.23606797749979
368.0,2.23606797749979
369.0,2.23606797749979
370.0,2.23606797749979
371.0,2.23606797749979
372.0,2.23606797749979
373.0,2.23606797749979
374.0,2.23606797749979
375.0,2.23606797749979
376.0,2.23606797749979
377.0,2.23606797749979
378.0,2.23606797749979
379.0,2.23606797749979
380.0,2.23606797749979
381.0,2.23606797749979
382.0,2.23606797749979
383.0,2.23606797749979
384.0,2.23606797749979
385.0,2.23606797749979
386.0,2.23606797749979
387.0,2.23606797749979
388.0,2.23606797749979
389.0,2.23606797749979
390.0,2.23606797749979
391.0,2.23606797749979
392.0,2.23606797749979
393.0,2.23606797749979
394.0,2.23606797749979
395.0,2.23606797749979
396.0,2.23606797749979
397.0,2.23606797749979
398.0,2.23606797749979
399.0,2.23606797749979
400.0,2.23606797749979
401.0,2.23606797749979
402.0,2.0
403.0,2.0
404.0,2.0
405.0,2.0
406.0,2.0
407.0,2.0
408.0,2.0
409.0,2.0
410.0,2.0
411.0,2.0
412.0,2.0
413.0,2.0
414.0,2.0
415.0,2.0
416.0,2.0
417.0,2.0
418.0,2.0
419.0,2.0
420.0,2.0
421.0,2.0
422.0,2.0
423.0,2.0
424.0,2.0
425.0,2.0
426.0,2.0
427.0,2.0
428.0,2.0
429.0,2.0
430.0,2.0
431.0,2.0
432.0,2.0
433.0,2.0
434.0,2.0
435.0,2.0
436.0,2.0
437.0,2.0
438.0,2.0
439.0,2.0
440.0,2.0
441.0,2.0
442.0,2.0
443.0,2.0
444.0,2.0
445.0,2.0
446.0,2.0
447.0,2.0
448.0,2.0
449.0,2.0
450.0,2.0
451.0,2.0
452.0,2.0
453.0,2.0
454.0,2.0
455.0,2.0
456.0,2.0
457.0,2.0
458.0,2.0
459.0,2.0
460.0,2.0
461.0,2.0
462.0,2.0
463.0,2.0
464.0,2.0
465.0,2.0
466.0,2.0
467.0,2.0
468.0,2.0
469.0,2.0
470.0,2.0
471.0,2.0
472.0,2.0
473.0,2.0
474.0,2.0
475.0,2.0
476.0,2.0
477.0,2.0
478.0,2.0
479.0,2.0
480.0,2.0
481.0,2.0
482.0,2.0
483.0,2.0
484.0,2.0
485.0,2.0
486.0,2.0
487.0,2.0
488.0,2.0
489.0,2.0
490.0,2.0
491.0,2.0
492.0,2.0
493.0,2.0
494.0,2.0
495.0,2.0
496.0,2.0
497.0,2.0
498.0,2.0
499.0,2.0
500.0,2.0
501.0,2.0
502.0,2.0
503.0,2.0
504.0,1.4142135623730951
505.0,1.4142135623730951
506.0,1.4142135623730951
507.0,1.4142135623730951
508.0,1.4142135623730951
509.0,1.4142135623730951
510.0,1.4142135623730951
511.0,1.4142135623730951
512.0,1.4142135623730951
513.0,1.4142135623730951
514.0,1.4142135623730951
515.0,1.4142135623730951
516.0,1.4142135623730951
517.0,1.4142135623730951
518.0,1.4142135623730951
519.0,1.4142135623730951
520.0,1.4142135623730951
521.0,1.4142135623730951
522.0,1.4142135623730951
523.0,1.4142135623730951
524.0,1.4142135623730951
525.0,1.4142135623730951
526.0,1.4142135623730951
527.0,1.4142135623730951
528.0,1.4142135623730951
529.0,1.4142135623730951
530.0,1.4142135623730951
531.0,1.4142135623730951
532.0,1.4142135623730951
533.0,1.4142135623730951
534.0,1.4142135623730951
535.0,1.4142135623730951
536.0,1.4142135623730951
537.0,1.4142135623730951
538.0,1.4142135623730951
539.0,1.4142135623730951
540.0,1.4142135623730951
541.0,1.4142135623730951
542.0,1.4142135623730951
543.0,1.4142135623730951
544.0,1.4142135623730951
545.0,1.4142135623730951
546.0,1.4142135623730951
547.0,1.4142135623730951
548.0,1.4142135623730951
549.0,1.4142135623730951
550.0,1.4142135623730951
551.0,1.4142135623730951
552.0,1.4142135623730951
553.0,1.4142135623730951
554.0,1.4142135623730951
555.0,1.4142135623730951
556.0,1.4142135623730951
557.0,1.4142135623730951
558.0,1.4142135623730951
559.0,1.4142135623730951
560.0,1.4142135623730951
561.0,1.4142135623730951
562.0,1.4142135623730951
563.0,1.4142135623730951
564.0,1.4142135623730951
565.0,1.4142135623730951
566.0,1.4142135623730951
567.0,1.4142135623730951
568.0,1.4142135623730951
569.0,1.4142135623730951
570.0,1.4142135623730951
571.0,1.4142135623730951
572.0,1.4142135623730951
573.0,1.4142135623730951
574.0,1.4142135623730951
575.0,1.4142135623730951
576.0,1.4142135623730951
577.0,1.4142135623730951
578.0,1.4142135623730951
579.0,1.4142135623730951
580.0,1.4142135623730951
581.0,1.4142135623730951
582.0,1.4142135623730951
583.0,1.4142135623730951
584.0,1.4142135623730951
585.0,1.4142135623730951
586.0,1.4142135623730951
587.0,1.4142135623730951
588.0,1.4142135623730951
589.0,1.4142135623730951
590.0,1.4142135623730951
591.0,1.4142135623730951
592.0,1.4142135623730951
593.0,1.4142135623730951
594.0,1.4142135623730951
595.0,1.4142135623730951
596.0,1.4142135623730951
597.0,1.4142135623730951
598.0,1.4142135623730951
599.0,1.4142135623730951
600.0,1.4142135623730951
601.0,1.4142135623730951
602.0,1.4142135623730951
603.0,1.4142135623730951
604.0,1.4142135623730951
605.0,1.4142135623730951
606.0,1.4142135623730951
607.0,1.4142135623730951
608.0,1.4142135623730951
609.0,1.4142135623730951
610.0,1.4142135623730951
611.0,1.4142135623730951
612.0,1.4142135623730951
613.0,1.4142135623730951
614.0,1.4142135623730951
615.0,1.4142135623730951
616.0,1.4142135623730951
617.0,1.4142135623730951
618.0,1.4142135623730951
619.0,1.4142135623730951
620.0,1.4142135623730951
621.0,1.4142135623730951
622.0,1.4142135623730951
623.0,1.4142135623730951
624.0,1.4142135623730951
625.0,1.4142135623730951
626.0,1.4142135623730951
627.0,1.4142135623730951
628.0,1.4142135623730951
629.0,1.4142135623730951
630.0,1.4142135623730951
631.0,1.4142135623730951
632.0,1.4142135623730951
633.0,1.4142135623730951
634.0,1.4142135623730951
635.0,1.4142135623730951
636.0,1.4142135623730951
637.0,1.4142135623730951
638.0,1.4142135623730951
639.0,1.4142135623730951
640.0,1.4142135623730951
641.0,1.4142135623730951
642.0,1.4142135623730951
643.0,1.4142135623730951
644.0,1.4142135623730951
645.0,1.4142135623730951
646.0,1.4142135623730951
647.0,1.4142135623730951
648.0,1.4142135623730951
649.0,1.4142135623730951
650.0,1.4142135623730951
651.0,1.4142135623730951
652.0,1.4142135623730951
653.0,1.4142135623730951
654.0,1.4142135623730951
655.0,1.4142135623730951
656.0,1.4142135623730951
657.0,1.4142135623730951
658.0,1.4142135623730951
659.0,1.4142135623730951
660.0,1.4142135623730951
661.0,1.4142135623730951
662.0,1.4142135623730951
663.0,1.4142135623730951
664.0,1.4142135623730951
665.0,1.4142135623730951
666.0,1.4142135623730951
667.0,1.4142135623730951
668.0,1.4142135623730951
669.0,1.4142135623730951
670.0,1.4142135623730951
671.0,1.4142135623730951
672.0,1.4142135623730951
673.0,1.4142135623730951
674.0,1.4142135623730951
675.0,1.4142135623730951
676.0,1.4142135623730951
677.0,1.4142135623730951
678.0,1.4142135623730951
679.0,1.4142135623730951
680.0,1.4142135623730951
681.0,1.4142135623730951
682.0,1.4142135623730951
683.0,1.4142135623730951
684.0,1.4142135623730951
685.0,1.4142135623730951
686.0,1.4142135623730951
687.0,1.4142135623730951
688.0,1.4142135623730951
689.0,1.4142135623730951
690.0,1.4142135623730951
691.0,1.4142135623730951
692.0,1.4142135623730951
693.0,1.4142135623730951
694.0,1.4142135623730951
695.0,1.4142135623730951
696.0,1.4142135623730951
697.0,1.4142135623730951
698.0,1.4142135623730951
699.0,1.4142135623730951
700.0,1.4142135623730951
701.0,1.4142135623730951
702.0,1.4142135623730951
703.0,1.4142135623730951
704.0,1.4142135623730951
705.0,1.4142135623730951
706.0,1.4142135623730951
707.0,1.4142135623730951
708.0,1.4142135623730951
709.0,1.4142135623730951
710.0,1.4142135623730951
711.0,1.4142135623730951
712.0,1.4142135623730951
713.0,1.4142135623730951
714.0,1.4142135623730951
715.0,1.4142135623730951
716.0,1.4142135623730951
717.0,1.4142135623730951
718.0,1.4142135623730951
719.0,1.4142135623730951
720.0,1.4142135623730951
721.0,1.4142135623730951
722.0,1.4142135623730951
723.0,1.4142135623730951
724.0,1.4142135623730951
725.0,1.4142135623730951
726.0,1.4142135623730951
727.0,1.4142135623730951
728.0,1.0
729.0,1.0
730.0,1.0
731.0,1.0
732.0,1.0
733.0,1.0
734.0,1.0
735.0,1.0
736.0,1.0
737.0,1.0
738.0,1.0
739.0,1.0
740.0,1.0
741.0,1.0
742.0,1.0
743.0,1.0
744.0,1.0
745.0,1.0
746.0,1.0
747.0,1.0
748.0,1.0
749.0,1.0
750.0,1.0
751.0,1.0
752.0,1.0
753.0,1.0
754.0,1.0
755.0,1.0
756.0,1.0
757.0,1.0
758.0,1.0
759.0,1.0
760.0,1.0
761.0,1.0
762.0,1.0
763.0,1.0
764.0,1.0
765.0,1.0
766.0,1.0
767.0,1.0
768.0,1.0
769.0,1.0
770.0,1.0
771.0,1.0
772.0,1.0
773.0,1.0
774.0,1.0
775.0,1.0
776.0,1.0
777.0,1.0
778.0,1.0
779.0,1.0
780.0,1.0
781.0,1.0
782.0,1.0
783.0,1.0
784.0,1.0
785.0,1.0
786.0,1.0
787.0,1.0
788.0,1.0
789.0,1.0
790.0,1.0
791.0,1.0
792.0,1.0
793.0,1.0
794.0,1.0
795.0,1.0
796.0,1.0
797.0,1.0
798.0,1.0
799.0,1.0
800.0,1.0
801.0,1.0
802.0,1.0
803.0,1.0
804.0,1.0
805.0,1.0
806.0,1.0
807.0,1.0
808.0,1.0
809.0,1.0
810.0,1.0
811.0,1.0
812.0,1.0
813.0,1.0
814.0,1.0
815.0,1.0
816.0,1.0
817.0,1.0
818.0,1.0
819.0,1.0
820.0,1.0
821.0,1.0
822.0,1.0
823.0,1.0
824.0,1.0
825.0,1.0
826.0,1.0
827.0,1.0
828.0,1.0
829.0,1.0
830.0,1.0
831.0,1.0
832.0,1.0
833.0,1.0
834.0,1.0
835.0,1.0
836.0,1.0
837.0,1.0
838.0,1.0
839.0,1.0
840.0,1.0
841.0,1.0
842.0,1.0
843.0,1.0
844.0,1.0
845.0,1.0
846.0,1.0
847.0,1.0
848.0,1.0
849.0,1.0
850.0,1.0
851.0,1.0
852.0,1.0
853.0,1.0
854.0,1.0
855.0,1.0
856.0,1.0
857.0,1.0
858.0,1.0
859.0,1.0
860.0,1.0
861.0,1.0
862.0,1.0
863.0,1.0
864.0,1.0
865.0,1.0
866.0,1.0
867.0,1.0
868.0,1.0
869.0,1.0
870.0,1.0
871.0,1.0
872.0,1.0
873.0,1.0
874.0,1.0
875.0,1.0
876.0,1.0
877.0,1.0
878.0,1.0
879.0,1.0
880.0,1.0
881.0,1.0
882.0,1.0
883.0,1.0
884.0,1.0
885.0,1.0
886.0,1.0
887.0,1.0
888.0,1.0
888.0,0.0
