Iteration,Fitness
2.0,58.36951259004995
3.0,47.853944456021594
4.0,42.82522621072771
5.0,37.73592452822641
6.0,33.391615714128
7.0,31.144823004794873
8.0,19.672315572906
9.0,19.672315572906
10.0,19.672315572906
11.0,15.066519173319364
12.0,15.066519173319364
13.0,15.066519173319364
14.0,15.066519173319364
15.0,14.696938456699069
16.0,11.74734012447073
17.0,11.74734012447073
18.0,11.74734012447073
19.0,11.74734012447073
20.0,10.908712114635714
21.0,10.908712114635714
22.0,10.908712114635714
23.0,10.908712114635714
24.0,10.908712114635714
25.0,8.426149773176359
26.0,8.426149773176359
27.0,8.426149773176359
28.0,8.366600265340756
29.0,7.810249675906654
30.0,7.681145747868608
31.0,7.681145747868608
32.0,7.416198487095663
33.0,7.416198487095663
34.0,7.416198487095663
35.0,7.416198487095663
36.0,6.6332495807108
37.0,6.6332495807108
38.0,6.6332495807108
39.0,6.6332495807108
40.0,6.6332495807108
41.0,6.164414002968976
42.0,5.5677643628300215
43.0,5.5677643628300215
44.0,5.5677643628300215
45.0,5.5677643628300215
46.0,5.5677643628300215
47.0,5.5677643628300215
48.0,5.5677643628300215
49.0,5.5677643628300215
50.0,5.5677643628300215
51.0,5.5677643628300215
52.0,5.5677643628300215
53.0,5.5677643628300215
54.0,5.5677643628300215
55.0,5.5677643628300215
56.0,5.5677643628300215
57.0,5.196152422706632
58.0,5.196152422706632
59.0,5.196152422706632
60.0,5.196152422706632
61.0,5.196152422706632
62.0,5.196152422706632
63.0,5.196152422706632
64.0,5.196152422706632
65.0,5.196152422706632
66.0,5.196152422706632
67.0,5.196152422706632
68.0,5.196152422706632
69.0,5.196152422706632
70.0,5.196152422706632
71.0,5.196152422706632
72.0,5.196152422706632
73.0,5.196152422706632
74.0,5.196152422706632
75.0,5.0990195135927845
76.0,4.898979485566356
77.0,4.795831523312719
78.0,4.795831523312719
79.0,4.795831523312719
80.0,4.795831523312719
81.0,4.47213595499958
82.0,4.47213595499958
83.0,4.47213595499958
84.0,4.47213595499958
85.0,4.47213595499958
86.0,4.47213595499958
87.0,4.47213595499958
88.0,4.47213595499958
89.0,4.47213595499958
90.0,4.47213595499958
91.0,4.47213595499958
92.0,4.47213595499958
93.0,4.47213595499958
94.0,4.47213595499958
95.0,4.47213595499958
96.0,4.47213595499958
97.0,4.47213595499958
98.0,4.47213595499958
99.0,4.47213595499958
100.0,4.47213595499958
101.0,4.358898943540674
102.0,4.358898943540674
103.0,4.358898943540674
104.0,4.358898943540674
105.0,4.242640687119285
106.0,4.242640687119285
107.0,4.242640687119285
108.0,4.242640687119285
109.0,4.242640687119285
110.0,4.242640687119285
111.0,4.242640687119285
112.0,4.242640687119285
113.0,4.242640687119285
114.0,4.242640687119285
115.0,4.242640687119285
116.0,4.242640687119285
117.0,4.242640687119285
118.0,4.242640687119285
119.0,4.242640687119285
120.0,4.242640687119285
121.0,4.242640687119285
122.0,4.242640687119285
123.0,4.242640687119285
124.0,4.242640687119285
125.0,4.242640687119285
126.0,4.242640687119285
127.0,4.242640687119285
128.0,4.242640687119285
129.0,4.242640687119285
130.0,4.242640687119285
131.0,4.242640687119285
132.0,4.242640687119285
133.0,4.242640687119285
134.0,4.242640687119285
135.0,4.242640687119285
136.0,4.242640687119285
137.0,4.242640687119285
138.0,4.242640687119285
139.0,4.242640687119285
140.0,4.242640687119285
141.0,4.242640687119285
142.0,3.872983346207417
143.0,3.872983346207417
144.0,3.872983346207417
145.0,3.872983346207417
146.0,3.872983346207417
147.0,3.872983346207417
148.0,3.872983346207417
149.0,3.872983346207417
150.0,3.872983346207417
151.0,3.872983346207417
152.0,3.872983346207417
153.0,3.4641016151377544
154.0,3.4641016151377544
155.0,3.4641016151377544
156.0,3.4641016151377544
157.0,3.4641016151377544
158.0,3.4641016151377544
159.0,3.4641016151377544
160.0,3.4641016151377544
161.0,3.4641016151377544
162.0,3.4641016151377544
163.0,3.4641016151377544
164.0,3.4641016151377544
165.0,3.4641016151377544
166.0,3.4641016151377544
167.0,3.4641016151377544
168.0,3.4641016151377544
169.0,3.4641016151377544
170.0,3.4641016151377544
171.0,3.4641016151377544
172.0,3.4641016151377544
173.0,3.4641016151377544
174.0,3.4641016151377544
175.0,3.4641016151377544
176.0,3.4641016151377544
177.0,3.4641016151377544
178.0,3.4641016151377544
179.0,3.4641016151377544
180.0,3.4641016151377544
181.0,3.4641016151377544
182.0,3.4641016151377544
183.0,3.4641016151377544
184.0,3.3166247903554
185.0,3.3166247903554
186.0,3.3166247903554
187.0,3.3166247903554
188.0,3.3166247903554
189.0,3.3166247903554
190.0,3.3166247903554
191.0,3.3166247903554
192.0,3.3166247903554
193.0,3.3166247903554
194.0,3.3166247903554
195.0,3.3166247903554
196.0,3.0
197.0,3.0
198.0,3.0
199.0,3.0
200.0,3.0
201.0,3.0
202.0,3.0
203.0,3.0
204.0,3.0
205.0,3.0
206.0,3.0
207.0,2.8284271247461903
208.0,2.23606797749979
209.0,2.23606797749979
210.0,2.23606797749979
211.0,2.23606797749979
212.0,2.23606797749979
213.0,2.23606797749979
214.0,2.23606797749979
215.0,2.23606797749979
216.0,2.23606797749979
217.0,2.23606797749979
218.0,2.23606797749979
219.0,2.23606797749979
220.0,2.23606797749979
221.0,2.23606797749979
222.0,2.23606797749979
223.0,2.23606797749979
224.0,2.23606797749979
225.0,2.23606797749979
226.0,2.23606797749979
227.0,2.23606797749979
228.0,2.23606797749979
229.0,2.23606797749979
230.0,2.23606797749979
231.0,2.23606797749979
232.0,2.23606797749979
233.0,2.23606797749979
234.0,2.23606797749979
235.0,2.23606797749979
236.0,2.23606797749979
237.0,2.23606797749979
238.0,2.23606797749979
239.0,2.23606797749979
240.0,2.23606797749979
241.0,2.23606797749979
242.0,2.23606797749979
243.0,2.23606797749979
244.0,2.23606797749979
245.0,2.23606797749979
246.0,2.23606797749979
247.0,2.23606797749979
248.0,2.23606797749979
249.0,2.23606797749979
250.0,2.23606797749979
251.0,2.23606797749979
252.0,2.0
253.0,2.0
254.0,2.0
255.0,2.0
256.0,2.0
257.0,2.0
258.0,2.0
259.0,2.0
260.0,2.0
261.0,2.0
262.0,2.0
263.0,2.0
264.0,2.0
265.0,2.0
266.0,2.0
267.0,2.0
268.0,2.0
269.0,2.0
270.0,2.0
271.0,2.0
272.0,2.0
273.0,2.0
274.0,2.0
275.0,2.0
276.0,2.0
277.0,2.0
278.0,2.0
279.0,2.0
280.0,2.0
281.0,2.0
282.0,2.0
283.0,2.0
284.0,1.7320508075688772
285.0,1.7320508075688772
286.0,1.7320508075688772
287.0,1.7320508075688772
288.0,1.7320508075688772
289.0,1.7320508075688772
290.0,1.7320508075688772
291.0,1.7320508075688772
292.0,1.7320508075688772
293.0,1.7320508075688772
294.0,1.7320508075688772
295.0,1.7320508075688772
296.0,1.7320508075688772
297.0,1.7320508075688772
298.0,1.7320508075688772
299.0,1.7320508075688772
300.0,1.7320508075688772
301.0,1.7320508075688772
302.0,1.7320508075688772
303.0,1.7320508075688772
304.0,1.7320508075688772
305.0,1.7320508075688772
306.0,1.7320508075688772
307.0,1.7320508075688772
308.0,1.7320508075688772
309.0,1.7320508075688772
310.0,1.7320508075688772
311.0,1.7320508075688772
312.0,1.7320508075688772
313.0,1.7320508075688772
314.0,1.7320508075688772
315.0,1.7320508075688772
316.0,1.7320508075688772
317.0,1.7320508075688772
318.0,1.7320508075688772
319.0,1.7320508075688772
320.0,1.7320508075688772
321.0,1.7320508075688772
322.0,1.7320508075688772
323.0,1.7320508075688772
324.0,1.7320508075688772
325.0,1.7320508075688772
326.0,1.7320508075688772
327.0,1.7320508075688772
328.0,1.7320508075688772
329.0,1.7320508075688772
330.0,1.7320508075688772
331.0,1.7320508075688772
332.0,1.7320508075688772
333.0,1.7320508075688772
334.0,1.7320508075688772
335.0,1.7320508075688772
336.0,1.7320508075688772
337.0,1.7320508075688772
338.0,1.7320508075688772
339.0,1.7320508075688772
340.0,1.7320508075688772
341.0,1.7320508075688772
342.0,1.7320508075688772
343.0,1.7320508075688772
344.0,1.7320508075688772
345.0,1.7320508075688772
346.0,1.7320508075688772
347.0,1.7320508075688772
348.0,1.7320508075688772
349.0,1.7320508075688772
350.0,1.7320508075688772
351.0,1.7320508075688772
352.0,1.7320508075688772
353.0,1.7320508075688772
354.0,1.7320508075688772
355.0,1.7320508075688772
356.0,1.7320508075688772
357.0,1.7320508075688772
358.0,1.7320508075688772
359.0,1.7320508075688772
360.0,1.7320508075688772
361.0,1.7320508075688772
362.0,1.7320508075688772
363.0,1.7320508075688772
364.0,1.7320508075688772
365.0,1.7320508075688772
366.0,1.7320508075688772
367.0,1.7320508075688772
368.0,1.7320508075688772
369.0,1.7320508075688772
370.0,1.7320508075688772
371.0,1.7320508075688772
372.0,1.7320508075688772
373.0,1.7320508075688772
374.0,1.7320508075688772
375.0,1.7320508075688772
376.0,1.7320508075688772
377.0,1.7320508075688772
378.0,1.7320508075688772
379.0,1.7320508075688772
380.0,1.7320508075688772
381.0,1.7320508075688772
382.0,1.7320508075688772
383.0,1.7320508075688772
384.0,1.7320508075688772
385.0,1.7320508075688772
386.0,1.7320508075688772
387.0,1.7320508075688772
388.0,1.7320508075688772
389.0,1.7320508075688772
390.0,1.7320508075688772
391.0,1.7320508075688772
392.0,1.7320508075688772
393.0,1.4142135623730951
394.0,1.4142135623730951
395.0,1.4142135623730951
396.0,1.4142135623730951
397.0,1.4142135623730951
398.0,1.4142135623730951
399.0,1.4142135623730951
400.0,1.4142135623730951
401.0,1.4142135623730951
402.0,1.4142135623730951
403.0,1.4142135623730951
404.0,1.4142135623730951
405.0,1.4142135623730951
406.0,1.4142135623730951
407.0,1.4142135623730951
408.0,1.4142135623730951
409.0,1.4142135623730951
410.0,1.4142135623730951
411.0,1.4142135623730951
412.0,1.4142135623730951
413.0,1.4142135623730951
414.0,1.4142135623730951
415.0,1.4142135623730951
416.0,1.4142135623730951
417.0,1.4142135623730951
418.0,1.4142135623730951
419.0,1.4142135623730951
420.0,1.4142135623730951
421.0,1.4142135623730951
422.0,1.4142135623730951
423.0,1.4142135623730951
424.0,1.4142135623730951
425.0,1.4142135623730951
426.0,1.4142135623730951
427.0,1.4142135623730951
428.0,1.4142135623730951
429.0,1.4142135623730951
430.0,1.4142135623730951
431.0,1.4142135623730951
432.0,1.4142135623730951
433.0,1.4142135623730951
434.0,1.4142135623730951
435.0,1.4142135623730951
436.0,1.4142135623730951
437.0,1.4142135623730951
438.0,1.4142135623730951
439.0,1.4142135623730951
440.0,1.4142135623730951
441.0,1.4142135623730951
442.0,1.4142135623730951
443.0,1.4142135623730951
444.0,1.4142135623730951
445.0,1.4142135623730951
446.0,1.4142135623730951
447.0,1.4142135623730951
448.0,1.4142135623730951
449.0,1.4142135623730951
450.0,1.4142135623730951
451.0,1.4142135623730951
452.0,1.4142135623730951
453.0,1.4142135623730951
454.0,1.4142135623730951
455.0,1.4142135623730951
456.0,1.4142135623730951
457.0,1.4142135623730951
458.0,1.4142135623730951
459.0,1.4142135623730951
460.0,1.4142135623730951
461.0,1.4142135623730951
462.0,1.4142135623730951
463.0,1.4142135623730951
464.0,1.4142135623730951
465.0,1.4142135623730951
466.0,1.4142135623730951
467.0,1.4142135623730951
468.0,1.4142135623730951
469.0,1.4142135623730951
470.0,1.4142135623730951
471.0,1.4142135623730951
472.0,1.4142135623730951
473.0,1.4142135623730951
474.0,1.4142135623730951
475.0,1.4142135623730951
476.0,1.4142135623730951
477.0,1.4142135623730951
478.0,1.4142135623730951
479.0,1.4142135623730951
480.0,1.4142135623730951
481.0,1.4142135623730951
482.0,1.4142135623730951
483.0,1.4142135623730951
484.0,1.4142135623730951
485.0,1.4142135623730951
486.0,1.4142135623730951
487.0,1.4142135623730951
488.0,1.4142135623730951
489.0,1.4142135623730951
490.0,1.4142135623730951
491.0,1.4142135623730951
492.0,1.4142135623730951
493.0,1.4142135623730951
494.0,1.4142135623730951
495.0,1.4142135623730951
496.0,1.4142135623730951
497.0,1.4142135623730951
498.0,1.4142135623730951
499.0,1.4142135623730951
500.0,1.4142135623730951
501.0,1.4142135623730951
502.0,1.4142135623730951
503.0,1.4142135623730951
504.0,1.4142135623730951
505.0,1.4142135623730951
506.0,1.4142135623730951
507.0,1.4142135623730951
508.0,1.4142135623730951
509.0,1.4142135623730951
510.0,1.4142135623730951
511.0,1.4142135623730951
512.0,1.4142135623730951
513.0,1.4142135623730951
514.0,1.4142135623730951
515.0,1.4142135623730951
516.0,1.4142135623730951
517.0,1.4142135623730951
518.0,1.4142135623730951
519.0,1.4142135623730951
520.0,1.4142135623730951
521.0,1.4142135623730951
522.0,1.4142135623730951
523.0,1.4142135623730951
524.0,1.4142135623730951
525.0,1.4142135623730951
526.0,1.4142135623730951
527.0,1.4142135623730951
528.0,1.4142135623730951
529.0,1.4142135623730951
530.0,1.4142135623730951
531.0,1.4142135623730951
532.0,1.4142135623730951
533.0,1.4142135623730951
534.0,1.4142135623730951
535.0,1.4142135623730951
536.0,1.4142135623730951
537.0,1.4142135623730951
538.0,1.4142135623730951
539.0,1.4142135623730951
540.0,1.4142135623730951
541.0,1.4142135623730951
542.0,1.4142135623730951
543.0,1.4142135623730951
544.0,1.4142135623730951
545.0,1.4142135623730951
546.0,1.0
547.0,1.0
548.0,1.0
549.0,1.0
550.0,1.0
551.0,1.0
552.0,1.0
553.0,1.0
554.0,1.0
555.0,1.0
556.0,1.0
557.0,1.0
558.0,1.0
559.0,1.0
560.0,1.0
561.0,1.0
562.0,1.0
563.0,1.0
564.0,1.0
565.0,1.0
566.0,1.0
567.0,1.0
568.0,1.0
569.0,1.0
570.0,1.0
571.0,1.0
572.0,1.0
573.0,1.0
574.0,1.0
575.0,1.0
576.0,1.0
577.0,1.0
578.0,1.0
579.0,1.0
580.0,1.0
581.0,1.0
582.0,1.0
583.0,1.0
584.0,1.0
585.0,1.0
586.0,1.0
587.0,1.0
588.0,1.0
589.0,1.0
590.0,1.0
591.0,1.0
592.0,1.0
593.0,1.0
594.0,1.0
595.0,1.0
596.0,1.0
597.0,1.0
598.0,1.0
599.0,1.0
600.0,1.0
601.0,1.0
602.0,1.0
603.0,1.0
604.0,1.0
605.0,1.0
606.0,1.0
607.0,1.0
608.0,1.0
609.0,1.0
610.0,1.0
611.0,1.0
612.0,1.0
613.0,1.0
614.0,1.0
615.0,1.0
616.0,1.0
617.0,1.0
618.0,1.0
619.0,1.0
620.0,1.0
621.0,1.0
622.0,1.0
623.0,1.0
624.0,1.0
625.0,1.0
626.0,1.0
627.0,1.0
628.0,1.0
629.0,1.0
630.0,1.0
631.0,1.0
632.0,1.0
633.0,1.0
634.0,1.0
635.0,1.0
636.0,1.0
637.0,1.0
638.0,1.0
639.0,1.0
640.0,1.0
641.0,1.0
642.0,1.0
643.0,1.0
643.0,0.0
