Iteration,Fitness
2.0,58.36951259004995
3.0,57.8013840664737
4.0,48.041648597857254
5.0,47.4236228055175
6.0,27.784887978899608
7.0,23.15167380558045
8.0,23.108440016582687
9.0,20.37154878746336
10.0,20.37154878746336
11.0,16.3707055437449
12.0,16.3707055437449
13.0,12.083045973594572
14.0,12.083045973594572
15.0,12.083045973594572
16.0,12.083045973594572
17.0,12.083045973594572
18.0,11.61895003862225
19.0,11.61895003862225
20.0,11.61895003862225
21.0,9.38083151964686
22.0,9.38083151964686
23.0,9.38083151964686
24.0,9.38083151964686
25.0,9.38083151964686
26.0,9.38083151964686
27.0,9.38083151964686
28.0,9.38083151964686
29.0,9.38083151964686
30.0,9.38083151964686
31.0,8.366600265340756
32.0,8.366600265340756
33.0,8.366600265340756
34.0,8.366600265340756
35.0,8.366600265340756
36.0,7.810249675906654
37.0,7.280109889280518
38.0,7.280109889280518
39.0,7.280109889280518
40.0,7.280109889280518
41.0,6.855654600401044
42.0,6.855654600401044
43.0,6.855654600401044
44.0,6.244997998398398
45.0,6.244997998398398
46.0,6.244997998398398
47.0,6.244997998398398
48.0,6.244997998398398
49.0,6.244997998398398
50.0,6.244997998398398
51.0,6.244997998398398
52.0,6.244997998398398
53.0,6.244997998398398
54.0,5.5677643628300215
55.0,5.5677643628300215
56.0,5.5677643628300215
57.0,5.5677643628300215
58.0,5.5677643628300215
59.0,5.5677643628300215
60.0,5.5677643628300215
61.0,5.5677643628300215
62.0,5.5677643628300215
63.0,5.5677643628300215
64.0,5.5677643628300215
65.0,5.5677643628300215
66.0,5.5677643628300215
67.0,5.5677643628300215
68.0,5.5677643628300215
69.0,5.5677643628300215
70.0,5.5677643628300215
71.0,5.0990195135927845
72.0,5.0990195135927845
73.0,5.0990195135927845
74.0,5.0990195135927845
75.0,4.898979485566356
76.0,4.898979485566356
77.0,4.898979485566356
78.0,4.358898943540674
79.0,4.358898943540674
80.0,4.358898943540674
81.0,4.358898943540674
82.0,4.358898943540674
83.0,4.358898943540674
84.0,4.358898943540674
85.0,4.358898943540674
86.0,4.358898943540674
87.0,4.358898943540674
88.0,4.358898943540674
89.0,4.358898943540674
90.0,4.358898943540674
91.0,4.358898943540674
92.0,4.358898943540674
93.0,4.358898943540674
94.0,4.358898943540674
95.0,4.358898943540674
96.0,4.358898943540674
97.0,4.358898943540674
98.0,4.358898943540674
99.0,3.872983346207417
100.0,3.872983346207417
101.0,3.872983346207417
102.0,3.872983346207417
103.0,3.872983346207417
104.0,3.872983346207417
105.0,3.872983346207417
106.0,3.872983346207417
107.0,3.872983346207417
108.0,3.872983346207417
109.0,3.872983346207417
110.0,3.872983346207417
111.0,3.872983346207417
112.0,3.872983346207417
113.0,3.872983346207417
114.0,3.872983346207417
115.0,3.872983346207417
116.0,3.872983346207417
117.0,3.872983346207417
118.0,3.872983346207417
119.0,3.872983346207417
120.0,3.872983346207417
121.0,3.872983346207417
122.0,3.872983346207417
123.0,3.872983346207417
124.0,3.872983346207417
125.0,3.872983346207417
126.0,3.872983346207417
127.0,3.872983346207417
128.0,3.872983346207417
129.0,3.872983346207417
130.0,3.872983346207417
131.0,3.872983346207417
132.0,3.872983346207417
133.0,3.872983346207417
134.0,3.872983346207417
135.0,3.872983346207417
136.0,3.872983346207417
137.0,3.872983346207417
138.0,3.872983346207417
139.0,3.872983346207417
140.0,3.872983346207417
141.0,3.872983346207417
142.0,3.872983346207417
143.0,3.872983346207417
144.0,3.3166247903554
145.0,3.3166247903554
146.0,3.3166247903554
147.0,3.0
148.0,3.0
149.0,3.0
150.0,3.0
151.0,3.0
152.0,2.8284271247461903
153.0,2.8284271247461903
154.0,2.8284271247461903
155.0,2.8284271247461903
156.0,2.8284271247461903
157.0,2.8284271247461903
158.0,2.8284271247461903
159.0,2.8284271247461903
160.0,2.8284271247461903
161.0,2.8284271247461903
162.0,2.8284271247461903
163.0,2.8284271247461903
164.0,2.8284271247461903
165.0,2.8284271247461903
166.0,2.8284271247461903
167.0,2.8284271247461903
168.0,2.8284271247461903
169.0,2.8284271247461903
170.0,2.8284271247461903
171.0,2.8284271247461903
172.0,2.8284271247461903
173.0,2.8284271247461903
174.0,2.8284271247461903
175.0,2.8284271247461903
176.0,2.6457513110645907
177.0,2.6457513110645907
178.0,2.6457513110645907
179.0,2.6457513110645907
180.0,2.6457513110645907
181.0,2.6457513110645907
182.0,2.6457513110645907
183.0,2.6457513110645907
184.0,2.6457513110645907
185.0,2.6457513110645907
186.0,2.6457513110645907
187.0,2.6457513110645907
188.0,2.6457513110645907
189.0,2.6457513110645907
190.0,2.6457513110645907
191.0,2.6457513110645907
192.0,2.6457513110645907
193.0,2.6457513110645907
194.0,2.6457513110645907
195.0,2.6457513110645907
196.0,2.6457513110645907
197.0,2.6457513110645907
198.0,2.6457513110645907
199.0,2.6457513110645907
200.0,2.6457513110645907
201.0,2.6457513110645907
202.0,2.6457513110645907
203.0,2.449489742783178
204.0,2.449489742783178
205.0,2.449489742783178
206.0,2.449489742783178
207.0,2.449489742783178
208.0,2.449489742783178
209.0,2.449489742783178
210.0,2.449489742783178
211.0,2.449489742783178
212.0,2.449489742783178
213.0,2.449489742783178
214.0,2.449489742783178
215.0,2.449489742783178
216.0,2.449489742783178
217.0,2.449489742783178
218.0,2.449489742783178
219.0,2.449489742783178
220.0,2.449489742783178
221.0,2.449489742783178
222.0,2.449489742783178
223.0,2.449489742783178
224.0,2.449489742783178
225.0,2.449489742783178
226.0,2.449489742783178
227.0,2.23606797749979
228.0,2.23606797749979
229.0,2.23606797749979
230.0,2.23606797749979
231.0,2.23606797749979
232.0,2.23606797749979
233.0,2.23606797749979
234.0,2.23606797749979
235.0,2.23606797749979
236.0,2.23606797749979
237.0,2.23606797749979
238.0,2.23606797749979
239.0,2.23606797749979
240.0,2.23606797749979
241.0,2.23606797749979
242.0,2.23606797749979
243.0,2.23606797749979
244.0,2.23606797749979
245.0,2.23606797749979
246.0,2.23606797749979
247.0,2.23606797749979
248.0,2.23606797749979
249.0,2.23606797749979
250.0,2.23606797749979
251.0,1.7320508075688772
252.0,1.7320508075688772
253.0,1.7320508075688772
254.0,1.7320508075688772
255.0,1.7320508075688772
256.0,1.7320508075688772
257.0,1.7320508075688772
258.0,1.7320508075688772
259.0,1.7320508075688772
260.0,1.7320508075688772
261.0,1.7320508075688772
262.0,1.7320508075688772
263.0,1.7320508075688772
264.0,1.7320508075688772
265.0,1.7320508075688772
266.0,1.7320508075688772
267.0,1.7320508075688772
268.0,1.7320508075688772
269.0,1.7320508075688772
270.0,1.7320508075688772
271.0,1.7320508075688772
272.0,1.7320508075688772
273.0,1.7320508075688772
274.0,1.7320508075688772
275.0,1.7320508075688772
276.0,1.7320508075688772
277.0,1.7320508075688772
278.0,1.7320508075688772
279.0,1.7320508075688772
280.0,1.7320508075688772
281.0,1.7320508075688772
282.0,1.7320508075688772
283.0,1.7320508075688772
284.0,1.7320508075688772
285.0,1.7320508075688772
286.0,1.7320508075688772
287.0,1.7320508075688772
288.0,1.7320508075688772
289.0,1.7320508075688772
290.0,1.7320508075688772
291.0,1.7320508075688772
292.0,1.7320508075688772
293.0,1.7320508075688772
294.0,1.7320508075688772
295.0,1.7320508075688772
296.0,1.7320508075688772
297.0,1.7320508075688772
298.0,1.7320508075688772
299.0,1.7320508075688772
300.0,1.7320508075688772
301.0,1.7320508075688772
302.0,1.7320508075688772
303.0,1.7320508075688772
304.0,1.7320508075688772
305.0,1.7320508075688772
306.0,1.7320508075688772
307.0,1.7320508075688772
308.0,1.7320508075688772
309.0,1.7320508075688772
310.0,1.7320508075688772
311.0,1.7320508075688772
312.0,1.7320508075688772
313.0,1.7320508075688772
314.0,1.7320508075688772
315.0,1.7320508075688772
316.0,1.7320508075688772
317.0,1.7320508075688772
318.0,1.7320508075688772
319.0,1.7320508075688772
320.0,1.7320508075688772
321.0,1.7320508075688772
322.0,1.7320508075688772
323.0,1.7320508075688772
324.0,1.7320508075688772
325.0,1.7320508075688772
326.0,1.7320508075688772
327.0,1.7320508075688772
328.0,1.7320508075688772
329.0,1.7320508075688772
330.0,1.7320508075688772
331.0,1.7320508075688772
332.0,1.7320508075688772
333.0,1.7320508075688772
334.0,1.7320508075688772
335.0,1.7320508075688772
336.0,1.7320508075688772
337.0,1.7320508075688772
338.0,1.4142135623730951
339.0,1.4142135623730951
340.0,1.4142135623730951
341.0,1.4142135623730951
342.0,1.4142135623730951
343.0,1.4142135623730951
344.0,1.4142135623730951
345.0,1.4142135623730951
346.0,1.4142135623730951
347.0,1.4142135623730951
348.0,1.4142135623730951
349.0,1.4142135623730951
350.0,1.4142135623730951
351.0,1.4142135623730951
352.0,1.4142135623730951
353.0,1.4142135623730951
354.0,1.4142135623730951
355.0,1.4142135623730951
356.0,1.4142135623730951
357.0,1.4142135623730951
358.0,1.4142135623730951
359.0,1.4142135623730951
360.0,1.4142135623730951
361.0,1.4142135623730951
362.0,1.4142135623730951
363.0,1.4142135623730951
364.0,1.4142135623730951
365.0,1.4142135623730951
366.0,1.4142135623730951
367.0,1.4142135623730951
368.0,1.4142135623730951
369.0,1.4142135623730951
370.0,1.4142135623730951
371.0,1.4142135623730951
372.0,1.4142135623730951
373.0,1.4142135623730951
374.0,1.4142135623730951
375.0,1.4142135623730951
376.0,1.4142135623730951
377.0,1.4142135623730951
378.0,1.4142135623730951
379.0,1.0
380.0,1.0
381.0,1.0
382.0,1.0
383.0,1.0
384.0,1.0
385.0,1.0
386.0,1.0
387.0,1.0
388.0,1.0
389.0,1.0
390.0,1.0
391.0,1.0
392.0,1.0
393.0,1.0
394.0,1.0
395.0,1.0
396.0,1.0
397.0,1.0
398.0,1.0
399.0,1.0
400.0,1.0
401.0,1.0
402.0,1.0
403.0,1.0
404.0,1.0
405.0,1.0
406.0,1.0
407.0,1.0
408.0,1.0
409.0,1.0
410.0,1.0
411.0,1.0
412.0,1.0
413.0,1.0
414.0,1.0
415.0,1.0
416.0,1.0
417.0,1.0
418.0,1.0
419.0,1.0
420.0,1.0
421.0,1.0
422.0,1.0
423.0,1.0
424.0,1.0
425.0,1.0
426.0,1.0
427.0,1.0
428.0,1.0
429.0,1.0
430.0,1.0
431.0,1.0
432.0,1.0
433.0,1.0
434.0,1.0
435.0,1.0
436.0,1.0
437.0,1.0
438.0,1.0
439.0,1.0
440.0,1.0
441.0,1.0
442.0,1.0
443.0,1.0
444.0,1.0
445.0,1.0
446.0,1.0
447.0,1.0
448.0,1.0
449.0,1.0
450.0,1.0
451.0,1.0
452.0,1.0
453.0,1.0
454.0,1.0
455.0,1.0
456.0,1.0
457.0,1.0
458.0,1.0
459.0,1.0
460.0,1.0
461.0,1.0
462.0,1.0
463.0,1.0
464.0,1.0
465.0,1.0
466.0,1.0
467.0,1.0
468.0,1.0
469.0,1.0
470.0,1.0
471.0,1.0
472.0,1.0
473.0,1.0
474.0,1.0
475.0,1.0
476.0,1.0
477.0,1.0
478.0,1.0
479.0,1.0
480.0,1.0
481.0,1.0
482.0,1.0
483.0,1.0
484.0,1.0
485.0,1.0
486.0,1.0
487.0,1.0
488.0,1.0
489.0,1.0
490.0,1.0
491.0,1.0
492.0,1.0
493.0,1.0
494.0,1.0
495.0,1.0
496.0,1.0
497.0,1.0
498.0,1.0
499.0,1.0
500.0,1.0
501.0,1.0
502.0,1.0
503.0,1.0
504.0,1.0
505.0,1.0
506.0,1.0
507.0,1.0
508.0,1.0
509.0,1.0
510.0,1.0
511.0,1.0
512.0,1.0
513.0,1.0
514.0,1.0
515.0,1.0
516.0,1.0
517.0,1.0
518.0,1.0
519.0,1.0
520.0,1.0
521.0,1.0
522.0,1.0
523.0,1.0
524.0,1.0
525.0,1.0
526.0,1.0
527.0,1.0
528.0,1.0
529.0,1.0
530.0,1.0
531.0,1.0
532.0,1.0
533.0,1.0
534.0,1.0
535.0,1.0
536.0,1.0
537.0,1.0
538.0,1.0
539.0,1.0
540.0,1.0
541.0,1.0
542.0,1.0
543.0,1.0
544.0,1.0
545.0,1.0
546.0,1.0
547.0,1.0
548.0,1.0
549.0,1.0
550.0,1.0
551.0,1.0
552.0,1.0
553.0,1.0
554.0,1.0
555.0,1.0
556.0,1.0
557.0,1.0
558.0,1.0
559.0,1.0
560.0,1.0
561.0,1.0
562.0,1.0
563.0,1.0
564.0,1.0
565.0,1.0
566.0,1.0
567.0,1.0
568.0,1.0
569.0,1.0
570.0,1.0
571.0,1.0
572.0,1.0
573.0,1.0
574.0,1.0
575.0,1.0
576.0,1.0
577.0,1.0
578.0,1.0
579.0,1.0
580.0,1.0
580.0,0.0
