Iteration,Fitness
2.0,58.36951259004995
3.0,44.02272140611028
4.0,42.24926034855522
5.0,37.77565353504821
6.0,34.11744421846396
7.0,29.478805945967352
8.0,29.478805945967352
9.0,26.28687885618983
10.0,26.28687885618983
11.0,18.16590212458495
12.0,18.16590212458495
13.0,16.822603841260722
14.0,16.822603841260722
15.0,15.524174696260024
16.0,10.677078252031311
17.0,10.099504938362077
18.0,10.099504938362077
19.0,10.099504938362077
20.0,7.211102550927978
21.0,7.211102550927978
22.0,7.211102550927978
23.0,7.211102550927978
24.0,7.211102550927978
25.0,7.211102550927978
26.0,7.211102550927978
27.0,7.211102550927978
28.0,7.211102550927978
29.0,7.211102550927978
30.0,7.211102550927978
31.0,7.211102550927978
32.0,7.211102550927978
33.0,7.211102550927978
34.0,7.14142842854285
35.0,7.14142842854285
36.0,6.855654600401044
37.0,5.5677643628300215
38.0,5.5677643628300215
39.0,5.5677643628300215
40.0,5.5677643628300215
41.0,5.5677643628300215
42.0,5.5677643628300215
43.0,4.795831523312719
44.0,4.795831523312719
45.0,4.795831523312719
46.0,4.795831523312719
47.0,4.795831523312719
48.0,4.795831523312719
49.0,4.795831523312719
50.0,4.795831523312719
51.0,4.795831523312719
52.0,4.795831523312719
53.0,4.795831523312719
54.0,4.795831523312719
55.0,4.795831523312719
56.0,4.795831523312719
57.0,4.795831523312719
58.0,4.795831523312719
59.0,4.795831523312719
60.0,4.795831523312719
61.0,4.795831523312719
62.0,4.69041575982343
63.0,4.69041575982343
64.0,4.69041575982343
65.0,4.69041575982343
66.0,4.69041575982343
67.0,4.69041575982343
68.0,4.69041575982343
69.0,4.69041575982343
70.0,4.69041575982343
71.0,4.69041575982343
72.0,4.69041575982343
73.0,4.69041575982343
74.0,4.69041575982343
75.0,4.69041575982343
76.0,4.69041575982343
77.0,4.69041575982343
78.0,4.69041575982343
79.0,4.69041575982343
80.0,4.69041575982343
81.0,4.47213595499958
82.0,4.47213595499958
83.0,4.47213595499958
84.0,4.47213595499958
85.0,4.47213595499958
86.0,4.47213595499958
87.0,4.47213595499958
88.0,4.47213595499958
89.0,4.47213595499958
90.0,4.242640687119285
91.0,4.242640687119285
92.0,4.242640687119285
93.0,4.242640687119285
94.0,4.242640687119285
95.0,4.242640687119285
96.0,4.242640687119285
97.0,4.242640687119285
98.0,4.123105625617661
99.0,3.7416573867739413
100.0,3.7416573867739413
101.0,3.7416573867739413
102.0,3.7416573867739413
103.0,3.7416573867739413
104.0,3.7416573867739413
105.0,3.7416573867739413
106.0,3.7416573867739413
107.0,3.7416573867739413
108.0,3.7416573867739413
109.0,3.7416573867739413
110.0,3.7416573867739413
111.0,3.7416573867739413
112.0,3.7416573867739413
113.0,3.7416573867739413
114.0,3.3166247903554
115.0,3.3166247903554
116.0,3.3166247903554
117.0,3.3166247903554
118.0,3.3166247903554
119.0,3.3166247903554
120.0,3.3166247903554
121.0,3.3166247903554
122.0,3.3166247903554
123.0,3.3166247903554
124.0,3.3166247903554
125.0,3.3166247903554
126.0,3.3166247903554
127.0,3.3166247903554
128.0,3.3166247903554
129.0,3.3166247903554
130.0,3.1622776601683795
131.0,3.1622776601683795
132.0,3.1622776601683795
133.0,3.1622776601683795
134.0,3.1622776601683795
135.0,3.1622776601683795
136.0,3.1622776601683795
137.0,3.1622776601683795
138.0,3.1622776601683795
139.0,3.1622776601683795
140.0,3.1622776601683795
141.0,3.1622776601683795
142.0,3.1622776601683795
143.0,3.1622776601683795
144.0,3.0
145.0,3.0
146.0,3.0
147.0,3.0
148.0,3.0
149.0,3.0
150.0,3.0
151.0,3.0
152.0,3.0
153.0,3.0
154.0,3.0
155.0,3.0
156.0,3.0
157.0,3.0
158.0,3.0
159.0,3.0
160.0,3.0
161.0,3.0
162.0,3.0
163.0,3.0
164.0,3.0
165.0,3.0
166.0,3.0
167.0,3.0
168.0,2.8284271247461903
169.0,2.8284271247461903
170.0,2.8284271247461903
171.0,2.8284271247461903
172.0,2.8284271247461903
173.0,2.8284271247461903
174.0,2.8284271247461903
175.0,2.8284271247461903
176.0,2.8284271247461903
177.0,2.8284271247461903
178.0,2.8284271247461903
179.0,2.8284271247461903
180.0,2.8284271247461903
181.0,2.8284271247461903
182.0,2.8284271247461903
183.0,2.8284271247461903
184.0,2.8284271247461903
185.0,2.8284271247461903
186.0,2.8284271247461903
187.0,2.8284271247461903
188.0,2.8284271247461903
189.0,2.8284271247461903
190.0,2.8284271247461903
191.0,2.8284271247461903
192.0,2.8284271247461903
193.0,2.8284271247461903
194.0,2.8284271247461903
195.0,2.8284271247461903
196.0,2.8284271247461903
197.0,2.8284271247461903
198.0,2.8284271247461903
199.0,2.8284271247461903
200.0,2.8284271247461903
201.0,2.8284271247461903
202.0,2.0
203.0,2.0
204.0,2.0
205.0,2.0
206.0,2.0
207.0,2.0
208.0,2.0
209.0,2.0
210.0,2.0
211.0,2.0
212.0,2.0
213.0,2.0
214.0,2.0
215.0,2.0
216.0,2.0
217.0,2.0
218.0,2.0
219.0,2.0
220.0,2.0
221.0,2.0
222.0,2.0
223.0,2.0
224.0,2.0
225.0,2.0
226.0,2.0
227.0,2.0
228.0,2.0
229.0,2.0
230.0,2.0
231.0,2.0
232.0,2.0
233.0,2.0
234.0,2.0
235.0,2.0
236.0,2.0
237.0,2.0
238.0,2.0
239.0,2.0
240.0,2.0
241.0,2.0
242.0,2.0
243.0,2.0
244.0,2.0
245.0,2.0
246.0,2.0
247.0,2.0
248.0,2.0
249.0,2.0
250.0,2.0
251.0,2.0
252.0,2.0
253.0,2.0
254.0,2.0
255.0,2.0
256.0,2.0
257.0,2.0
258.0,2.0
259.0,2.0
260.0,2.0
261.0,2.0
262.0,2.0
263.0,2.0
264.0,2.0
265.0,2.0
266.0,2.0
267.0,2.0
268.0,2.0
269.0,2.0
270.0,2.0
271.0,2.0
272.0,2.0
273.0,2.0
274.0,2.0
275.0,2.0
276.0,2.0
277.0,2.0
278.0,2.0
279.0,2.0
280.0,2.0
281.0,1.7320508075688772
282.0,1.7320508075688772
283.0,1.7320508075688772
284.0,1.7320508075688772
285.0,1.7320508075688772
286.0,1.7320508075688772
287.0,1.7320508075688772
288.0,1.7320508075688772
289.0,1.7320508075688772
290.0,1.7320508075688772
291.0,1.7320508075688772
292.0,1.7320508075688772
293.0,1.7320508075688772
294.0,1.7320508075688772
295.0,1.7320508075688772
296.0,1.7320508075688772
297.0,1.7320508075688772
298.0,1.7320508075688772
299.0,1.7320508075688772
300.0,1.7320508075688772
301.0,1.7320508075688772
302.0,1.7320508075688772
303.0,1.7320508075688772
304.0,1.7320508075688772
305.0,1.7320508075688772
306.0,1.7320508075688772
307.0,1.7320508075688772
308.0,1.7320508075688772
309.0,1.7320508075688772
310.0,1.4142135623730951
311.0,1.4142135623730951
312.0,1.4142135623730951
313.0,1.4142135623730951
314.0,1.4142135623730951
315.0,1.4142135623730951
316.0,1.4142135623730951
317.0,1.4142135623730951
318.0,1.4142135623730951
319.0,1.4142135623730951
320.0,1.4142135623730951
321.0,1.4142135623730951
322.0,1.4142135623730951
323.0,1.4142135623730951
324.0,1.4142135623730951
325.0,1.4142135623730951
326.0,1.4142135623730951
327.0,1.4142135623730951
328.0,1.4142135623730951
329.0,1.4142135623730951
330.0,1.4142135623730951
331.0,1.4142135623730951
332.0,1.4142135623730951
333.0,1.4142135623730951
334.0,1.4142135623730951
335.0,1.4142135623730951
336.0,1.4142135623730951
337.0,1.4142135623730951
338.0,1.4142135623730951
339.0,1.4142135623730951
340.0,1.4142135623730951
341.0,1.4142135623730951
342.0,1.4142135623730951
343.0,1.4142135623730951
344.0,1.4142135623730951
345.0,1.4142135623730951
346.0,1.4142135623730951
347.0,1.4142135623730951
348.0,1.4142135623730951
349.0,1.4142135623730951
350.0,1.4142135623730951
351.0,1.4142135623730951
352.0,1.4142135623730951
353.0,1.4142135623730951
354.0,1.4142135623730951
355.0,1.4142135623730951
356.0,1.4142135623730951
357.0,1.4142135623730951
358.0,1.4142135623730951
359.0,1.4142135623730951
360.0,1.4142135623730951
361.0,1.4142135623730951
362.0,1.4142135623730951
363.0,1.4142135623730951
364.0,1.4142135623730951
365.0,1.4142135623730951
366.0,1.4142135623730951
367.0,1.4142135623730951
368.0,1.4142135623730951
369.0,1.4142135623730951
370.0,1.4142135623730951
371.0,1.4142135623730951
372.0,1.4142135623730951
373.0,1.4142135623730951
374.0,1.4142135623730951
375.0,1.4142135623730951
376.0,1.4142135623730951
377.0,1.4142135623730951
378.0,1.4142135623730951
379.0,1.4142135623730951
380.0,1.4142135623730951
381.0,1.4142135623730951
382.0,1.4142135623730951
383.0,1.4142135623730951
384.0,1.4142135623730951
385.0,1.4142135623730951
386.0,1.4142135623730951
387.0,1.4142135623730951
388.0,1.4142135623730951
389.0,1.4142135623730951
390.0,1.4142135623730951
391.0,1.4142135623730951
392.0,1.4142135623730951
393.0,1.4142135623730951
394.0,1.4142135623730951
395.0,1.4142135623730951
396.0,1.4142135623730951
397.0,1.4142135623730951
398.0,1.4142135623730951
399.0,1.4142135623730951
400.0,1.4142135623730951
401.0,1.4142135623730951
402.0,1.4142135623730951
403.0,1.4142135623730951
404.0,1.4142135623730951
405.0,1.4142135623730951
406.0,1.4142135623730951
407.0,1.4142135623730951
408.0,1.4142135623730951
409.0,1.4142135623730951
410.0,1.4142135623730951
411.0,1.4142135623730951
412.0,1.4142135623730951
413.0,1.4142135623730951
414.0,1.4142135623730951
415.0,1.4142135623730951
416.0,1.4142135623730951
417.0,1.4142135623730951
418.0,1.4142135623730951
419.0,1.4142135623730951
420.0,1.4142135623730951
421.0,1.4142135623730951
422.0,1.4142135623730951
423.0,1.4142135623730951
424.0,1.4142135623730951
425.0,1.4142135623730951
426.0,1.4142135623730951
427.0,1.4142135623730951
428.0,1.4142135623730951
429.0,1.4142135623730951
430.0,1.4142135623730951
431.0,1.4142135623730951
432.0,1.4142135623730951
433.0,1.4142135623730951
434.0,1.4142135623730951
435.0,1.4142135623730951
436.0,1.4142135623730951
437.0,1.4142135623730951
438.0,1.0
439.0,1.0
440.0,1.0
441.0,1.0
442.0,1.0
443.0,1.0
444.0,1.0
445.0,1.0
446.0,1.0
447.0,1.0
448.0,1.0
449.0,1.0
450.0,1.0
451.0,1.0
452.0,1.0
453.0,1.0
454.0,1.0
455.0,1.0
456.0,1.0
457.0,1.0
458.0,1.0
459.0,1.0
460.0,1.0
461.0,1.0
462.0,1.0
463.0,1.0
464.0,1.0
465.0,1.0
466.0,1.0
467.0,1.0
468.0,1.0
469.0,1.0
470.0,1.0
471.0,1.0
472.0,1.0
473.0,1.0
474.0,1.0
475.0,1.0
476.0,1.0
477.0,1.0
478.0,1.0
479.0,1.0
480.0,1.0
481.0,1.0
482.0,1.0
483.0,1.0
484.0,1.0
485.0,1.0
486.0,1.0
487.0,1.0
488.0,1.0
489.0,1.0
490.0,1.0
491.0,1.0
492.0,1.0
493.0,1.0
494.0,1.0
495.0,1.0
496.0,1.0
497.0,1.0
498.0,1.0
499.0,1.0
500.0,1.0
501.0,1.0
502.0,1.0
503.0,1.0
504.0,1.0
505.0,1.0
506.0,1.0
507.0,1.0
508.0,1.0
509.0,1.0
510.0,1.0
511.0,1.0
512.0,1.0
513.0,1.0
514.0,1.0
515.0,1.0
516.0,1.0
517.0,1.0
518.0,1.0
519.0,1.0
520.0,1.0
521.0,1.0
522.0,1.0
523.0,1.0
524.0,1.0
525.0,1.0
526.0,1.0
527.0,1.0
528.0,1.0
529.0,1.0
530.0,1.0
531.0,1.0
532.0,1.0
533.0,1.0
534.0,1.0
535.0,1.0
536.0,1.0
537.0,1.0
538.0,1.0
539.0,1.0
540.0,1.0
541.0,1.0
542.0,1.0
543.0,1.0
544.0,1.0
545.0,1.0
546.0,1.0
547.0,1.0
548.0,1.0
549.0,1.0
550.0,1.0
551.0,1.0
552.0,1.0
553.0,1.0
554.0,1.0
555.0,1.0
556.0,1.0
557.0,1.0
558.0,1.0
559.0,1.0
560.0,1.0
561.0,1.0
562.0,1.0
563.0,1.0
564.0,1.0
565.0,1.0
566.0,1.0
567.0,1.0
568.0,1.0
569.0,1.0
570.0,1.0
571.0,1.0
572.0,1.0
573.0,1.0
574.0,1.0
575.0,1.0
576.0,1.0
577.0,1.0
578.0,1.0
579.0,1.0
580.0,1.0
581.0,1.0
582.0,1.0
583.0,1.0
584.0,1.0
585.0,1.0
586.0,1.0
587.0,1.0
588.0,1.0
589.0,1.0
590.0,1.0
591.0,1.0
592.0,1.0
593.0,1.0
594.0,1.0
595.0,1.0
596.0,1.0
597.0,1.0
598.0,1.0
599.0,1.0
600.0,1.0
601.0,1.0
602.0,1.0
603.0,1.0
604.0,1.0
605.0,1.0
606.0,1.0
607.0,1.0
608.0,1.0
609.0,1.0
610.0,1.0
611.0,1.0
612.0,1.0
613.0,1.0
614.0,1.0
615.0,1.0
616.0,1.0
617.0,1.0
618.0,1.0
619.0,1.0
620.0,1.0
621.0,1.0
622.0,1.0
623.0,1.0
624.0,1.0
625.0,1.0
626.0,1.0
627.0,1.0
628.0,1.0
629.0,1.0
630.0,1.0
631.0,1.0
632.0,1.0
633.0,1.0
634.0,1.0
635.0,1.0
636.0,1.0
637.0,1.0
638.0,1.0
639.0,1.0
640.0,1.0
641.0,1.0
642.0,1.0
643.0,1.0
644.0,1.0
645.0,1.0
646.0,1.0
647.0,1.0
648.0,1.0
649.0,1.0
650.0,1.0
651.0,1.0
652.0,1.0
653.0,1.0
654.0,1.0
655.0,1.0
656.0,1.0
657.0,1.0
658.0,1.0
659.0,1.0
659.0,0.0
