Iteration,Fitness
2.0,56.95612346359257
3.0,56.95612346359257
4.0,51.21523210920751
5.0,51.21523210920751
6.0,34.655446902326915
7.0,34.655446902326915
8.0,34.655446902326915
9.0,34.655446902326915
10.0,32.29551052391029
11.0,32.29551052391029
12.0,32.29551052391029
13.0,32.29551052391029
14.0,32.29551052391029
15.0,32.29551052391029
16.0,24.71841418861655
17.0,24.71841418861655
18.0,24.71841418861655
19.0,24.71841418861655
20.0,24.71841418861655
21.0,24.71841418861655
22.0,24.71841418861655
23.0,24.71841418861655
24.0,24.71841418861655
25.0,24.71841418861655
26.0,24.71841418861655
27.0,24.71841418861655
28.0,24.71841418861655
29.0,24.71841418861655
30.0,24.71841418861655
31.0,24.71841418861655
32.0,24.71841418861655
33.0,24.71841418861655
34.0,24.71841418861655
35.0,24.71841418861655
36.0,24.698178070456937
37.0,24.698178070456937
38.0,24.698178070456937
39.0,24.698178070456937
40.0,24.698178070456937
41.0,24.698178070456937
42.0,21.93171219946131
43.0,21.93171219946131
44.0,21.93171219946131
45.0,21.93171219946131
46.0,21.93171219946131
47.0,21.93171219946131
48.0,21.93171219946131
49.0,21.93171219946131
50.0,21.93171219946131
51.0,21.93171219946131
52.0,21.93171219946131
53.0,21.93171219946131
54.0,21.93171219946131
55.0,21.93171219946131
56.0,21.93171219946131
57.0,21.93171219946131
58.0,21.93171219946131
59.0,21.93171219946131
60.0,21.93171219946131
61.0,21.93171219946131
62.0,21.93171219946131
63.0,21.93171219946131
64.0,21.93171219946131
65.0,17.776388834631177
66.0,17.776388834631177
67.0,17.776388834631177
68.0,17.776388834631177
69.0,17.776388834631177
70.0,17.69180601295413
71.0,17.69180601295413
72.0,17.69180601295413
73.0,17.69180601295413
74.0,17.69180601295413
75.0,17.69180601295413
76.0,17.69180601295413
77.0,17.69180601295413
78.0,17.69180601295413
79.0,17.69180601295413
80.0,17.69180601295413
81.0,17.69180601295413
82.0,17.69180601295413
83.0,17.69180601295413
84.0,17.69180601295413
85.0,17.69180601295413
86.0,17.69180601295413
87.0,17.69180601295413
88.0,17.69180601295413
89.0,17.69180601295413
90.0,17.69180601295413
91.0,17.69180601295413
92.0,17.69180601295413
93.0,17.69180601295413
94.0,17.69180601295413
95.0,17.69180601295413
96.0,17.69180601295413
97.0,17.69180601295413
98.0,17.69180601295413
99.0,17.69180601295413
100.0,17.69180601295413
101.0,17.69180601295413
102.0,17.69180601295413
103.0,17.69180601295413
104.0,17.69180601295413
105.0,17.69180601295413
106.0,17.69180601295413
107.0,17.69180601295413
108.0,17.69180601295413
109.0,17.69180601295413
110.0,17.69180601295413
111.0,17.69180601295413
112.0,17.69180601295413
113.0,17.69180601295413
114.0,17.69180601295413
115.0,17.69180601295413
116.0,17.69180601295413
117.0,16.186414056238647
118.0,16.186414056238647
119.0,16.186414056238647
120.0,16.186414056238647
121.0,16.186414056238647
122.0,16.186414056238647
123.0,16.186414056238647
124.0,16.186414056238647
125.0,16.186414056238647
126.0,16.186414056238647
127.0,16.186414056238647
128.0,16.186414056238647
129.0,16.186414056238647
130.0,16.186414056238647
131.0,15.968719422671311
132.0,15.968719422671311
133.0,15.968719422671311
134.0,15.491933384829668
135.0,15.491933384829668
136.0,15.491933384829668
137.0,15.491933384829668
138.0,15.491933384829668
139.0,15.491933384829668
140.0,15.491933384829668
141.0,15.491933384829668
142.0,15.491933384829668
143.0,15.491933384829668
144.0,15.491933384829668
145.0,15.491933384829668
146.0,15.491933384829668
147.0,15.491933384829668
148.0,15.491933384829668
149.0,15.491933384829668
150.0,15.491933384829668
151.0,15.491933384829668
152.0,15.491933384829668
153.0,15.491933384829668
154.0,15.491933384829668
155.0,15.491933384829668
156.0,15.491933384829668
157.0,15.491933384829668
158.0,15.491933384829668
159.0,15.491933384829668
160.0,15.491933384829668
161.0,15.491933384829668
162.0,15.491933384829668
163.0,15.491933384829668
164.0,15.491933384829668
165.0,15.491933384829668
166.0,15.491933384829668
167.0,15.491933384829668
168.0,15.491933384829668
169.0,15.491933384829668
170.0,15.491933384829668
171.0,15.491933384829668
172.0,15.491933384829668
173.0,15.491933384829668
174.0,15.491933384829668
175.0,15.491933384829668
176.0,15.491933384829668
177.0,15.491933384829668
178.0,15.491933384829668
179.0,15.491933384829668
180.0,15.491933384829668
181.0,15.491933384829668
182.0,15.491933384829668
183.0,15.491933384829668
184.0,15.491933384829668
185.0,15.491933384829668
186.0,15.491933384829668
187.0,15.491933384829668
188.0,15.491933384829668
189.0,15.491933384829668
190.0,15.491933384829668
191.0,15.491933384829668
192.0,15.491933384829668
193.0,15.491933384829668
194.0,15.491933384829668
195.0,15.491933384829668
196.0,15.491933384829668
197.0,15.491933384829668
198.0,15.491933384829668
199.0,15.491933384829668
200.0,15.491933384829668
201.0,15.491933384829668
202.0,15.491933384829668
203.0,15.491933384829668
204.0,15.491933384829668
205.0,15.491933384829668
206.0,15.491933384829668
207.0,15.491933384829668
208.0,15.491933384829668
209.0,15.491933384829668
210.0,15.491933384829668
211.0,15.491933384829668
212.0,15.491933384829668
213.0,15.491933384829668
214.0,15.491933384829668
215.0,15.491933384829668
216.0,15.491933384829668
217.0,15.491933384829668
218.0,15.491933384829668
219.0,15.491933384829668
220.0,15.491933384829668
221.0,15.491933384829668
222.0,15.491933384829668
223.0,15.491933384829668
224.0,15.491933384829668
225.0,15.491933384829668
226.0,15.491933384829668
227.0,15.491933384829668
228.0,15.491933384829668
229.0,15.491933384829668
230.0,15.491933384829668
231.0,15.491933384829668
232.0,15.491933384829668
233.0,15.491933384829668
234.0,15.491933384829668
235.0,15.491933384829668
236.0,15.491933384829668
237.0,15.491933384829668
238.0,15.491933384829668
239.0,15.491933384829668
240.0,15.491933384829668
241.0,15.491933384829668
242.0,15.491933384829668
243.0,15.491933384829668
244.0,13.114877048604
245.0,13.114877048604
246.0,13.114877048604
247.0,13.114877048604
248.0,13.114877048604
249.0,13.114877048604
250.0,13.114877048604
251.0,13.114877048604
252.0,13.114877048604
253.0,13.114877048604
254.0,13.114877048604
255.0,13.114877048604
256.0,13.114877048604
257.0,13.114877048604
258.0,13.114877048604
259.0,13.114877048604
260.0,13.114877048604
261.0,13.114877048604
262.0,13.114877048604
263.0,13.114877048604
264.0,13.114877048604
265.0,13.114877048604
266.0,13.114877048604
267.0,13.114877048604
268.0,13.114877048604
269.0,13.114877048604
270.0,13.114877048604
271.0,13.114877048604
272.0,13.114877048604
273.0,13.114877048604
274.0,13.114877048604
275.0,13.114877048604
276.0,13.114877048604
277.0,13.114877048604
278.0,13.114877048604
279.0,13.114877048604
280.0,13.114877048604
281.0,13.114877048604
282.0,13.114877048604
283.0,13.114877048604
284.0,13.114877048604
285.0,13.114877048604
286.0,13.114877048604
287.0,13.114877048604
288.0,13.114877048604
289.0,13.114877048604
290.0,13.114877048604
291.0,13.114877048604
292.0,13.114877048604
293.0,13.114877048604
294.0,13.114877048604
295.0,13.114877048604
296.0,13.114877048604
297.0,13.114877048604
298.0,13.114877048604
299.0,13.114877048604
300.0,13.114877048604
301.0,13.114877048604
302.0,13.114877048604
303.0,13.114877048604
304.0,13.114877048604
305.0,13.114877048604
306.0,13.114877048604
307.0,13.114877048604
308.0,13.114877048604
309.0,13.114877048604
310.0,13.114877048604
311.0,13.114877048604
312.0,13.114877048604
313.0,13.114877048604
314.0,13.114877048604
315.0,13.114877048604
316.0,13.114877048604
317.0,13.114877048604
318.0,13.114877048604
319.0,13.114877048604
320.0,13.114877048604
321.0,13.114877048604
322.0,13.114877048604
323.0,13.114877048604
324.0,13.114877048604
325.0,13.114877048604
326.0,13.114877048604
327.0,13.114877048604
328.0,13.114877048604
329.0,13.114877048604
330.0,13.114877048604
331.0,13.114877048604
332.0,13.114877048604
333.0,13.114877048604
334.0,13.114877048604
335.0,13.114877048604
336.0,13.114877048604
337.0,13.114877048604
338.0,13.114877048604
339.0,13.114877048604
340.0,13.114877048604
341.0,13.114877048604
342.0,13.114877048604
343.0,13.114877048604
344.0,13.114877048604
345.0,13.114877048604
346.0,13.114877048604
347.0,13.114877048604
348.0,13.114877048604
349.0,13.114877048604
350.0,13.114877048604
351.0,13.114877048604
352.0,13.114877048604
353.0,13.114877048604
354.0,13.114877048604
355.0,13.114877048604
356.0,13.114877048604
357.0,13.114877048604
358.0,13.114877048604
359.0,13.114877048604
360.0,13.114877048604
361.0,13.114877048604
362.0,13.114877048604
363.0,13.114877048604
364.0,13.114877048604
365.0,13.114877048604
366.0,13.114877048604
367.0,13.114877048604
368.0,13.114877048604
369.0,13.114877048604
370.0,13.114877048604
371.0,13.114877048604
372.0,13.114877048604
373.0,13.114877048604
374.0,13.114877048604
375.0,13.114877048604
376.0,13.114877048604
377.0,13.114877048604
378.0,13.114877048604
379.0,13.114877048604
380.0,13.114877048604
381.0,13.114877048604
382.0,13.114877048604
383.0,13.114877048604
384.0,13.114877048604
385.0,13.114877048604
386.0,13.114877048604
387.0,13.114877048604
388.0,13.114877048604
389.0,13.114877048604
390.0,13.114877048604
391.0,12.288205727444508
392.0,12.288205727444508
393.0,12.288205727444508
394.0,12.288205727444508
395.0,12.288205727444508
396.0,12.288205727444508
397.0,12.288205727444508
398.0,12.288205727444508
399.0,12.288205727444508
400.0,12.288205727444508
401.0,12.288205727444508
402.0,12.288205727444508
403.0,12.288205727444508
404.0,12.288205727444508
405.0,12.288205727444508
406.0,12.288205727444508
407.0,12.288205727444508
408.0,12.288205727444508
409.0,12.288205727444508
410.0,12.288205727444508
411.0,12.288205727444508
412.0,12.288205727444508
413.0,12.288205727444508
414.0,12.288205727444508
415.0,12.288205727444508
416.0,12.288205727444508
417.0,12.288205727444508
418.0,12.288205727444508
419.0,12.288205727444508
420.0,12.288205727444508
421.0,12.288205727444508
422.0,12.288205727444508
423.0,12.288205727444508
424.0,12.288205727444508
425.0,12.288205727444508
426.0,12.288205727444508
427.0,12.288205727444508
428.0,12.288205727444508
429.0,12.288205727444508
430.0,12.288205727444508
431.0,12.288205727444508
432.0,12.288205727444508
433.0,12.288205727444508
434.0,12.288205727444508
435.0,12.288205727444508
436.0,12.288205727444508
437.0,12.288205727444508
438.0,12.288205727444508
439.0,12.288205727444508
440.0,12.288205727444508
441.0,12.288205727444508
442.0,12.288205727444508
443.0,12.288205727444508
444.0,12.288205727444508
445.0,12.288205727444508
446.0,12.288205727444508
447.0,12.288205727444508
448.0,12.288205727444508
449.0,12.288205727444508
450.0,12.288205727444508
451.0,12.288205727444508
452.0,12.288205727444508
453.0,12.288205727444508
454.0,12.288205727444508
455.0,12.288205727444508
456.0,12.288205727444508
457.0,12.288205727444508
458.0,12.288205727444508
459.0,12.288205727444508
460.0,12.288205727444508
461.0,12.288205727444508
462.0,12.288205727444508
463.0,12.288205727444508
464.0,12.288205727444508
465.0,12.288205727444508
466.0,12.288205727444508
467.0,12.288205727444508
468.0,12.288205727444508
469.0,12.288205727444508
470.0,12.288205727444508
471.0,12.288205727444508
472.0,12.288205727444508
473.0,12.288205727444508
474.0,12.288205727444508
475.0,12.288205727444508
476.0,12.288205727444508
477.0,12.288205727444508
478.0,12.288205727444508
479.0,12.288205727444508
480.0,12.288205727444508
481.0,12.288205727444508
482.0,12.288205727444508
483.0,12.288205727444508
484.0,12.288205727444508
485.0,12.288205727444508
486.0,12.288205727444508
487.0,12.288205727444508
488.0,12.288205727444508
489.0,12.288205727444508
490.0,12.288205727444508
491.0,12.288205727444508
492.0,12.288205727444508
493.0,12.288205727444508
494.0,12.288205727444508
495.0,12.288205727444508
496.0,12.288205727444508
497.0,12.288205727444508
498.0,12.288205727444508
499.0,12.288205727444508
500.0,12.288205727444508
501.0,12.288205727444508
502.0,12.288205727444508
503.0,12.288205727444508
504.0,12.288205727444508
505.0,12.288205727444508
506.0,12.288205727444508
507.0,12.288205727444508
508.0,12.288205727444508
509.0,12.288205727444508
510.0,12.288205727444508
511.0,12.288205727444508
512.0,12.288205727444508
513.0,12.288205727444508
514.0,12.288205727444508
515.0,12.288205727444508
516.0,12.288205727444508
517.0,12.288205727444508
518.0,12.288205727444508
519.0,12.288205727444508
520.0,12.288205727444508
521.0,12.288205727444508
522.0,12.288205727444508
523.0,12.288205727444508
524.0,12.288205727444508
525.0,12.288205727444508
526.0,12.288205727444508
527.0,12.288205727444508
528.0,12.288205727444508
529.0,12.288205727444508
530.0,12.288205727444508
531.0,12.288205727444508
532.0,12.288205727444508
533.0,12.288205727444508
534.0,12.288205727444508
535.0,12.288205727444508
536.0,12.288205727444508
537.0,12.288205727444508
538.0,12.288205727444508
539.0,12.288205727444508
540.0,12.288205727444508
541.0,12.288205727444508
542.0,12.288205727444508
543.0,12.288205727444508
544.0,12.288205727444508
545.0,12.288205727444508
546.0,12.288205727444508
547.0,12.288205727444508
548.0,12.288205727444508
549.0,12.288205727444508
550.0,12.288205727444508
551.0,12.288205727444508
552.0,12.288205727444508
553.0,12.288205727444508
554.0,12.288205727444508
555.0,12.288205727444508
556.0,12.288205727444508
557.0,12.288205727444508
558.0,12.288205727444508
559.0,12.288205727444508
560.0,12.288205727444508
561.0,12.288205727444508
562.0,12.288205727444508
563.0,12.288205727444508
564.0,12.288205727444508
565.0,12.288205727444508
566.0,12.288205727444508
567.0,12.288205727444508
568.0,12.288205727444508
569.0,12.288205727444508
570.0,12.288205727444508
571.0,12.288205727444508
572.0,12.288205727444508
573.0,12.288205727444508
574.0,12.288205727444508
575.0,12.288205727444508
576.0,12.288205727444508
577.0,12.288205727444508
578.0,12.288205727444508
579.0,12.288205727444508
580.0,12.288205727444508
581.0,12.288205727444508
582.0,12.288205727444508
583.0,12.288205727444508
584.0,12.288205727444508
585.0,12.288205727444508
586.0,12.288205727444508
587.0,12.288205727444508
588.0,12.288205727444508
589.0,12.288205727444508
590.0,12.288205727444508
591.0,12.288205727444508
592.0,12.288205727444508
593.0,12.288205727444508
594.0,12.288205727444508
595.0,12.288205727444508
596.0,12.288205727444508
597.0,12.288205727444508
598.0,12.288205727444508
599.0,12.288205727444508
600.0,12.288205727444508
601.0,12.288205727444508
602.0,12.288205727444508
603.0,11.704699910719626
604.0,11.704699910719626
605.0,11.704699910719626
606.0,11.704699910719626
607.0,11.704699910719626
608.0,11.704699910719626
609.0,11.704699910719626
610.0,11.704699910719626
611.0,11.704699910719626
612.0,11.704699910719626
613.0,11.704699910719626
614.0,11.704699910719626
615.0,11.704699910719626
616.0,11.704699910719626
617.0,11.704699910719626
618.0,11.704699910719626
619.0,11.704699910719626
620.0,11.704699910719626
621.0,11.704699910719626
622.0,11.704699910719626
623.0,11.704699910719626
624.0,11.704699910719626
625.0,11.704699910719626
626.0,11.704699910719626
627.0,11.704699910719626
628.0,11.704699910719626
629.0,11.704699910719626
630.0,11.704699910719626
631.0,11.704699910719626
632.0,11.704699910719626
633.0,11.704699910719626
634.0,11.704699910719626
635.0,11.704699910719626
636.0,11.704699910719626
637.0,11.704699910719626
638.0,11.704699910719626
639.0,11.704699910719626
640.0,11.704699910719626
641.0,11.704699910719626
642.0,11.704699910719626
643.0,11.704699910719626
644.0,11.704699910719626
645.0,11.704699910719626
646.0,11.704699910719626
647.0,11.704699910719626
648.0,11.704699910719626
649.0,11.704699910719626
650.0,11.704699910719626
651.0,11.704699910719626
652.0,11.704699910719626
653.0,11.704699910719626
654.0,11.704699910719626
655.0,11.704699910719626
656.0,11.704699910719626
657.0,11.704699910719626
658.0,11.704699910719626
659.0,11.704699910719626
660.0,11.704699910719626
661.0,11.704699910719626
662.0,11.704699910719626
663.0,11.704699910719626
664.0,11.704699910719626
665.0,11.704699910719626
666.0,11.704699910719626
667.0,11.704699910719626
668.0,11.704699910719626
669.0,11.704699910719626
670.0,11.704699910719626
671.0,11.704699910719626
672.0,11.704699910719626
673.0,11.704699910719626
674.0,11.704699910719626
675.0,11.704699910719626
676.0,11.704699910719626
677.0,11.704699910719626
678.0,11.704699910719626
679.0,11.704699910719626
680.0,11.704699910719626
681.0,11.704699910719626
682.0,11.704699910719626
683.0,11.704699910719626
684.0,11.704699910719626
685.0,11.704699910719626
686.0,11.704699910719626
687.0,11.704699910719626
688.0,11.704699910719626
689.0,11.704699910719626
690.0,11.704699910719626
691.0,11.704699910719626
692.0,11.704699910719626
693.0,11.704699910719626
694.0,11.704699910719626
695.0,11.704699910719626
696.0,11.704699910719626
697.0,11.704699910719626
698.0,11.704699910719626
699.0,11.704699910719626
700.0,11.704699910719626
701.0,11.704699910719626
702.0,11.704699910719626
703.0,11.704699910719626
704.0,11.704699910719626
705.0,11.704699910719626
706.0,11.704699910719626
707.0,11.704699910719626
708.0,11.704699910719626
709.0,11.704699910719626
710.0,11.704699910719626
711.0,11.704699910719626
712.0,11.704699910719626
713.0,11.704699910719626
714.0,11.704699910719626
715.0,11.704699910719626
716.0,11.704699910719626
717.0,11.704699910719626
718.0,11.704699910719626
719.0,11.704699910719626
720.0,11.704699910719626
721.0,11.704699910719626
722.0,11.704699910719626
723.0,11.704699910719626
724.0,11.704699910719626
725.0,11.704699910719626
726.0,11.704699910719626
727.0,11.704699910719626
728.0,11.704699910719626
729.0,11.704699910719626
730.0,11.704699910719626
731.0,11.704699910719626
732.0,11.704699910719626
733.0,11.704699910719626
734.0,11.704699910719626
735.0,11.704699910719626
736.0,11.704699910719626
737.0,11.704699910719626
738.0,11.704699910719626
739.0,11.704699910719626
740.0,11.704699910719626
741.0,11.704699910719626
742.0,11.704699910719626
743.0,11.704699910719626
744.0,11.704699910719626
745.0,11.704699910719626
746.0,11.704699910719626
747.0,11.704699910719626
748.0,11.704699910719626
749.0,11.704699910719626
750.0,11.704699910719626
751.0,11.704699910719626
752.0,11.704699910719626
753.0,11.704699910719626
754.0,11.704699910719626
755.0,11.704699910719626
756.0,11.704699910719626
757.0,11.704699910719626
758.0,11.704699910719626
759.0,11.704699910719626
760.0,11.704699910719626
761.0,11.704699910719626
762.0,11.704699910719626
763.0,11.704699910719626
764.0,11.704699910719626
765.0,11.704699910719626
766.0,11.704699910719626
767.0,11.704699910719626
768.0,11.704699910719626
769.0,11.704699910719626
770.0,11.704699910719626
771.0,11.704699910719626
772.0,11.704699910719626
773.0,11.704699910719626
774.0,11.704699910719626
775.0,11.704699910719626
776.0,11.704699910719626
777.0,11.704699910719626
778.0,11.704699910719626
779.0,11.704699910719626
780.0,11.704699910719626
781.0,11.704699910719626
782.0,11.704699910719626
783.0,11.704699910719626
784.0,11.704699910719626
785.0,11.704699910719626
786.0,11.704699910719626
787.0,11.704699910719626
788.0,11.704699910719626
789.0,11.704699910719626
790.0,11.704699910719626
791.0,11.704699910719626
792.0,11.704699910719626
793.0,11.704699910719626
794.0,11.704699910719626
795.0,11.704699910719626
796.0,11.704699910719626
797.0,11.704699910719626
798.0,11.704699910719626
799.0,11.704699910719626
800.0,11.704699910719626
801.0,11.704699910719626
802.0,11.704699910719626
803.0,11.704699910719626
804.0,11.704699910719626
805.0,11.704699910719626
806.0,11.704699910719626
807.0,11.704699910719626
808.0,11.704699910719626
809.0,11.704699910719626
810.0,11.704699910719626
811.0,11.704699910719626
812.0,11.704699910719626
813.0,11.704699910719626
814.0,11.704699910719626
815.0,11.704699910719626
816.0,11.704699910719626
817.0,11.704699910719626
818.0,11.704699910719626
819.0,11.704699910719626
820.0,11.704699910719626
821.0,11.704699910719626
822.0,11.704699910719626
823.0,11.704699910719626
824.0,11.704699910719626
825.0,11.704699910719626
826.0,11.704699910719626
827.0,11.704699910719626
828.0,11.704699910719626
829.0,11.704699910719626
830.0,11.704699910719626
831.0,11.704699910719626
832.0,11.704699910719626
833.0,11.704699910719626
834.0,11.704699910719626
835.0,11.704699910719626
836.0,11.704699910719626
837.0,11.704699910719626
838.0,11.704699910719626
839.0,11.704699910719626
840.0,11.704699910719626
841.0,11.704699910719626
842.0,11.704699910719626
843.0,11.704699910719626
844.0,11.704699910719626
845.0,11.704699910719626
846.0,11.704699910719626
847.0,11.704699910719626
848.0,11.704699910719626
849.0,11.704699910719626
850.0,11.704699910719626
851.0,11.704699910719626
852.0,11.704699910719626
853.0,11.704699910719626
854.0,11.704699910719626
855.0,11.704699910719626
856.0,11.704699910719626
857.0,11.704699910719626
858.0,11.704699910719626
859.0,11.704699910719626
860.0,11.704699910719626
861.0,11.704699910719626
862.0,11.704699910719626
863.0,11.704699910719626
864.0,11.704699910719626
865.0,11.704699910719626
866.0,11.704699910719626
867.0,11.704699910719626
868.0,11.704699910719626
869.0,11.704699910719626
870.0,11.704699910719626
871.0,11.704699910719626
872.0,11.704699910719626
873.0,11.704699910719626
874.0,11.704699910719626
875.0,11.704699910719626
876.0,11.704699910719626
877.0,11.704699910719626
878.0,11.704699910719626
879.0,11.704699910719626
880.0,11.704699910719626
881.0,11.704699910719626
882.0,11.704699910719626
883.0,11.704699910719626
884.0,11.704699910719626
885.0,11.704699910719626
886.0,11.704699910719626
887.0,11.704699910719626
888.0,11.704699910719626
889.0,11.704699910719626
890.0,11.704699910719626
891.0,11.704699910719626
892.0,11.704699910719626
893.0,11.704699910719626
894.0,11.704699910719626
895.0,11.704699910719626
896.0,11.704699910719626
897.0,11.704699910719626
898.0,11.704699910719626
899.0,11.704699910719626
900.0,11.704699910719626
901.0,11.704699910719626
902.0,11.704699910719626
903.0,11.704699910719626
904.0,11.704699910719626
905.0,11.704699910719626
906.0,11.704699910719626
907.0,11.704699910719626
908.0,11.704699910719626
909.0,11.704699910719626
910.0,11.704699910719626
911.0,11.704699910719626
912.0,11.704699910719626
913.0,11.704699910719626
914.0,11.704699910719626
915.0,11.704699910719626
916.0,11.704699910719626
917.0,11.704699910719626
918.0,11.704699910719626
919.0,11.704699910719626
920.0,11.704699910719626
921.0,11.704699910719626
922.0,11.704699910719626
923.0,11.704699910719626
924.0,11.704699910719626
925.0,11.704699910719626
926.0,11.704699910719626
927.0,11.704699910719626
928.0,11.704699910719626
929.0,11.704699910719626
930.0,11.704699910719626
931.0,11.704699910719626
932.0,11.704699910719626
933.0,11.704699910719626
934.0,11.704699910719626
935.0,11.704699910719626
936.0,11.704699910719626
937.0,11.704699910719626
938.0,11.704699910719626
939.0,11.704699910719626
940.0,11.704699910719626
941.0,11.704699910719626
942.0,11.704699910719626
943.0,11.704699910719626
944.0,11.704699910719626
945.0,11.704699910719626
946.0,11.704699910719626
947.0,11.704699910719626
948.0,11.704699910719626
949.0,11.704699910719626
950.0,11.704699910719626
951.0,11.704699910719626
952.0,11.704699910719626
953.0,11.704699910719626
954.0,11.704699910719626
955.0,11.704699910719626
956.0,11.704699910719626
957.0,11.704699910719626
958.0,11.704699910719626
959.0,11.704699910719626
960.0,11.704699910719626
961.0,11.045361017187261
962.0,11.045361017187261
963.0,11.045361017187261
964.0,11.045361017187261
965.0,11.045361017187261
966.0,11.045361017187261
967.0,11.045361017187261
968.0,11.045361017187261
969.0,11.045361017187261
970.0,11.045361017187261
971.0,11.045361017187261
972.0,11.045361017187261
973.0,11.045361017187261
974.0,11.045361017187261
975.0,11.045361017187261
976.0,11.045361017187261
977.0,11.045361017187261
978.0,11.045361017187261
979.0,11.045361017187261
980.0,11.045361017187261
981.0,11.045361017187261
982.0,11.045361017187261
983.0,11.045361017187261
984.0,11.045361017187261
985.0,11.045361017187261
986.0,11.045361017187261
987.0,11.045361017187261
988.0,11.045361017187261
989.0,11.045361017187261
990.0,11.045361017187261
991.0,11.045361017187261
992.0,11.045361017187261
993.0,11.045361017187261
994.0,11.045361017187261
995.0,11.045361017187261
996.0,11.045361017187261
997.0,11.045361017187261
998.0,11.045361017187261
999.0,11.045361017187261
1000.0,11.045361017187261
1001.0,11.045361017187261
1002.0,11.045361017187261
1003.0,11.045361017187261
1004.0,11.045361017187261
1005.0,11.045361017187261
1006.0,11.045361017187261
1007.0,11.045361017187261
1008.0,11.045361017187261
1009.0,11.045361017187261
1010.0,11.045361017187261
1011.0,11.045361017187261
1012.0,11.045361017187261
1013.0,11.045361017187261
1014.0,11.045361017187261
1015.0,11.045361017187261
1016.0,11.045361017187261
1017.0,11.045361017187261
1018.0,11.045361017187261
1019.0,11.045361017187261
1020.0,11.045361017187261
1021.0,11.045361017187261
1022.0,11.045361017187261
1023.0,11.045361017187261
1024.0,11.045361017187261
1025.0,11.045361017187261
1026.0,11.045361017187261
1027.0,11.045361017187261
1028.0,11.045361017187261
1029.0,11.045361017187261
1030.0,11.045361017187261
1031.0,11.045361017187261
1032.0,11.045361017187261
1033.0,11.045361017187261
1034.0,11.045361017187261
1035.0,11.045361017187261
1036.0,11.045361017187261
1037.0,11.045361017187261
1038.0,11.045361017187261
1039.0,11.045361017187261
1040.0,11.045361017187261
1041.0,11.045361017187261
1042.0,11.045361017187261
1043.0,11.045361017187261
1044.0,11.045361017187261
1045.0,11.045361017187261
1046.0,11.045361017187261
1047.0,11.045361017187261
1048.0,11.045361017187261
1049.0,11.045361017187261
1050.0,11.045361017187261
1051.0,11.045361017187261
1052.0,11.045361017187261
1053.0,11.045361017187261
1054.0,11.045361017187261
1055.0,11.045361017187261
1056.0,11.045361017187261
1057.0,11.045361017187261
1058.0,11.045361017187261
1059.0,11.045361017187261
1060.0,11.045361017187261
1061.0,11.045361017187261
1062.0,11.045361017187261
1063.0,11.045361017187261
1064.0,11.045361017187261
1065.0,11.045361017187261
1066.0,11.045361017187261
1067.0,11.045361017187261
1068.0,11.045361017187261
1069.0,11.045361017187261
1070.0,11.045361017187261
1071.0,11.045361017187261
1072.0,11.045361017187261
1073.0,11.045361017187261
1074.0,11.045361017187261
1075.0,11.045361017187261
1076.0,11.045361017187261
1077.0,11.045361017187261
1078.0,11.045361017187261
1079.0,11.045361017187261
1080.0,11.045361017187261
1081.0,11.045361017187261
1082.0,11.045361017187261
1083.0,11.045361017187261
1084.0,11.045361017187261
1085.0,11.045361017187261
1086.0,11.045361017187261
1087.0,11.045361017187261
1088.0,11.045361017187261
1089.0,11.045361017187261
1090.0,10.908712114635714
1091.0,10.908712114635714
1092.0,10.908712114635714
1093.0,10.908712114635714
1094.0,10.908712114635714
1095.0,10.908712114635714
1096.0,10.908712114635714
1097.0,10.908712114635714
1098.0,10.908712114635714
1099.0,10.908712114635714
1100.0,10.908712114635714
1101.0,10.908712114635714
1102.0,10.908712114635714
1103.0,10.04987562112089
1104.0,10.04987562112089
1105.0,10.04987562112089
1106.0,10.04987562112089
1107.0,10.04987562112089
1108.0,10.04987562112089
1109.0,10.04987562112089
1110.0,10.04987562112089
1111.0,10.04987562112089
1112.0,10.04987562112089
1113.0,10.04987562112089
1114.0,10.04987562112089
1115.0,10.04987562112089
1116.0,10.04987562112089
1117.0,10.04987562112089
1118.0,10.04987562112089
1119.0,10.04987562112089
1120.0,10.04987562112089
1121.0,10.04987562112089
1122.0,10.04987562112089
1123.0,10.04987562112089
1124.0,10.04987562112089
1125.0,10.04987562112089
1126.0,10.04987562112089
1127.0,10.04987562112089
1128.0,10.04987562112089
1129.0,10.04987562112089
1130.0,10.04987562112089
1131.0,10.04987562112089
1132.0,10.04987562112089
1133.0,10.04987562112089
1134.0,10.04987562112089
1135.0,10.04987562112089
1136.0,10.04987562112089
1137.0,10.04987562112089
1138.0,10.04987562112089
1139.0,10.04987562112089
1140.0,10.04987562112089
1141.0,10.04987562112089
1142.0,10.04987562112089
1143.0,10.04987562112089
1144.0,10.04987562112089
1145.0,10.04987562112089
1146.0,10.04987562112089
1147.0,10.04987562112089
1148.0,10.04987562112089
1149.0,10.04987562112089
1150.0,10.04987562112089
1151.0,10.04987562112089
1152.0,10.04987562112089
1153.0,10.04987562112089
1154.0,10.04987562112089
1155.0,10.04987562112089
1156.0,10.04987562112089
1157.0,10.04987562112089
1158.0,10.04987562112089
1159.0,10.04987562112089
1160.0,10.04987562112089
1161.0,10.04987562112089
1162.0,10.04987562112089
1163.0,10.04987562112089
1164.0,10.04987562112089
1165.0,10.04987562112089
1166.0,10.04987562112089
1167.0,10.04987562112089
1168.0,10.04987562112089
1169.0,10.04987562112089
1170.0,10.04987562112089
1171.0,10.04987562112089
1172.0,10.04987562112089
1173.0,10.04987562112089
1174.0,10.04987562112089
1175.0,10.04987562112089
1176.0,10.04987562112089
1177.0,10.04987562112089
1178.0,10.04987562112089
1179.0,10.04987562112089
1180.0,10.04987562112089
1181.0,10.04987562112089
1182.0,10.04987562112089
1183.0,10.04987562112089
1184.0,10.04987562112089
1185.0,10.04987562112089
1186.0,10.04987562112089
1187.0,10.04987562112089
1188.0,10.04987562112089
1189.0,10.04987562112089
1190.0,10.04987562112089
1191.0,10.04987562112089
1192.0,10.04987562112089
1193.0,10.04987562112089
1194.0,10.04987562112089
1195.0,10.04987562112089
1196.0,10.04987562112089
1197.0,10.04987562112089
1198.0,10.04987562112089
1199.0,10.04987562112089
1200.0,10.04987562112089
1201.0,10.04987562112089
1202.0,10.04987562112089
1203.0,10.04987562112089
1204.0,10.04987562112089
1205.0,10.04987562112089
1206.0,10.04987562112089
1207.0,10.04987562112089
1208.0,10.04987562112089
1209.0,10.04987562112089
1210.0,10.04987562112089
1211.0,10.04987562112089
1212.0,10.04987562112089
1213.0,10.04987562112089
1214.0,10.04987562112089
1215.0,10.04987562112089
1216.0,10.04987562112089
1217.0,10.04987562112089
1218.0,10.04987562112089
1219.0,10.04987562112089
1220.0,10.04987562112089
1221.0,10.04987562112089
1222.0,10.04987562112089
1223.0,10.04987562112089
1224.0,10.04987562112089
1225.0,10.04987562112089
1226.0,10.04987562112089
1227.0,10.04987562112089
1228.0,10.04987562112089
1229.0,10.04987562112089
1230.0,10.04987562112089
1231.0,10.04987562112089
1232.0,10.04987562112089
1233.0,10.04987562112089
1234.0,10.04987562112089
1235.0,10.04987562112089
1236.0,10.04987562112089
1237.0,10.04987562112089
1238.0,10.04987562112089
1239.0,10.04987562112089
1240.0,10.04987562112089
1241.0,10.04987562112089
1242.0,10.04987562112089
1243.0,10.04987562112089
1244.0,10.04987562112089
1245.0,10.04987562112089
1246.0,10.04987562112089
1247.0,10.04987562112089
1248.0,10.04987562112089
1249.0,10.04987562112089
1250.0,10.04987562112089
1251.0,10.04987562112089
1252.0,10.04987562112089
1253.0,10.04987562112089
1254.0,10.04987562112089
1255.0,10.04987562112089
1256.0,10.04987562112089
1257.0,10.04987562112089
1258.0,10.04987562112089
1259.0,10.04987562112089
1260.0,10.04987562112089
1261.0,10.04987562112089
1262.0,10.04987562112089
1263.0,10.04987562112089
1264.0,10.04987562112089
1265.0,10.04987562112089
1266.0,10.04987562112089
1267.0,10.04987562112089
1268.0,10.04987562112089
1269.0,10.04987562112089
1270.0,10.04987562112089
1271.0,10.04987562112089
1272.0,10.04987562112089
1273.0,10.04987562112089
1274.0,10.04987562112089
1275.0,10.04987562112089
1276.0,10.04987562112089
1277.0,10.04987562112089
1278.0,10.04987562112089
1279.0,10.04987562112089
1280.0,10.04987562112089
1281.0,10.04987562112089
1282.0,10.04987562112089
1283.0,10.04987562112089
1284.0,10.04987562112089
1285.0,10.04987562112089
1286.0,10.04987562112089
1287.0,10.04987562112089
1288.0,10.04987562112089
1289.0,10.04987562112089
1290.0,10.04987562112089
1291.0,10.04987562112089
1292.0,10.04987562112089
1293.0,10.04987562112089
1294.0,10.04987562112089
1295.0,10.04987562112089
1296.0,10.04987562112089
1297.0,10.04987562112089
1298.0,10.04987562112089
1299.0,10.04987562112089
1300.0,10.04987562112089
1301.0,10.04987562112089
1302.0,10.04987562112089
1303.0,10.04987562112089
1304.0,10.04987562112089
1305.0,10.04987562112089
1306.0,10.04987562112089
1307.0,10.04987562112089
1308.0,10.04987562112089
1309.0,10.04987562112089
1310.0,10.04987562112089
1311.0,10.04987562112089
1312.0,10.04987562112089
1313.0,10.04987562112089
1314.0,10.04987562112089
1315.0,10.04987562112089
1316.0,10.04987562112089
1317.0,10.04987562112089
1318.0,10.04987562112089
1319.0,10.04987562112089
1320.0,10.04987562112089
1321.0,10.04987562112089
1322.0,10.04987562112089
1323.0,10.04987562112089
1324.0,10.04987562112089
1325.0,10.04987562112089
1326.0,10.04987562112089
1327.0,10.04987562112089
1328.0,10.04987562112089
1329.0,10.04987562112089
1330.0,10.04987562112089
1331.0,10.04987562112089
1332.0,10.04987562112089
1333.0,10.04987562112089
1334.0,10.04987562112089
1335.0,10.04987562112089
1336.0,10.04987562112089
1337.0,10.04987562112089
1338.0,10.04987562112089
1339.0,10.04987562112089
1340.0,10.04987562112089
1341.0,10.04987562112089
1342.0,10.04987562112089
1343.0,10.04987562112089
1344.0,10.04987562112089
1345.0,10.04987562112089
1346.0,10.04987562112089
1347.0,10.04987562112089
1348.0,10.04987562112089
1349.0,10.04987562112089
1350.0,10.04987562112089
1351.0,10.04987562112089
1352.0,10.04987562112089
1353.0,10.04987562112089
1354.0,10.04987562112089
1355.0,10.04987562112089
1356.0,10.04987562112089
1357.0,10.04987562112089
1358.0,10.04987562112089
1359.0,10.04987562112089
1360.0,10.04987562112089
1361.0,10.04987562112089
1362.0,10.04987562112089
1363.0,10.04987562112089
1364.0,10.04987562112089
1365.0,10.04987562112089
1366.0,10.04987562112089
1367.0,10.04987562112089
1368.0,10.04987562112089
1369.0,10.04987562112089
1370.0,10.04987562112089
1371.0,10.04987562112089
1372.0,10.04987562112089
1373.0,10.04987562112089
1374.0,10.04987562112089
1375.0,10.04987562112089
1376.0,10.04987562112089
1377.0,10.04987562112089
1378.0,10.04987562112089
1379.0,10.04987562112089
1380.0,10.04987562112089
1381.0,10.04987562112089
1382.0,10.04987562112089
1383.0,10.04987562112089
1384.0,10.04987562112089
1385.0,10.04987562112089
1386.0,10.04987562112089
1387.0,10.04987562112089
1388.0,10.04987562112089
1389.0,10.04987562112089
1390.0,10.04987562112089
1391.0,10.04987562112089
1392.0,10.04987562112089
1393.0,10.04987562112089
1394.0,10.04987562112089
1395.0,10.04987562112089
1396.0,10.04987562112089
1397.0,10.04987562112089
1398.0,10.04987562112089
1399.0,10.04987562112089
1400.0,10.04987562112089
1401.0,10.04987562112089
1402.0,10.04987562112089
1403.0,10.04987562112089
1404.0,10.04987562112089
1405.0,10.04987562112089
1406.0,10.04987562112089
1407.0,10.04987562112089
1408.0,10.04987562112089
1409.0,10.04987562112089
1410.0,10.04987562112089
1411.0,10.04987562112089
1412.0,10.04987562112089
1413.0,10.04987562112089
1414.0,10.04987562112089
1415.0,10.04987562112089
1416.0,10.04987562112089
1417.0,10.04987562112089
1418.0,10.04987562112089
1419.0,10.04987562112089
1420.0,10.04987562112089
1421.0,10.04987562112089
1422.0,10.04987562112089
1423.0,10.04987562112089
1424.0,10.04987562112089
1425.0,10.04987562112089
1426.0,10.04987562112089
1427.0,10.04987562112089
1428.0,10.04987562112089
1429.0,10.04987562112089
1430.0,10.04987562112089
1431.0,10.04987562112089
1432.0,10.04987562112089
1433.0,10.04987562112089
1434.0,10.04987562112089
1435.0,10.04987562112089
1436.0,10.04987562112089
1437.0,10.04987562112089
1438.0,10.04987562112089
1439.0,10.04987562112089
1440.0,10.04987562112089
1441.0,10.04987562112089
1442.0,10.04987562112089
1443.0,10.04987562112089
1444.0,10.04987562112089
1445.0,10.04987562112089
1446.0,10.04987562112089
1447.0,10.04987562112089
1448.0,10.04987562112089
1449.0,10.04987562112089
1450.0,10.04987562112089
1451.0,10.04987562112089
1452.0,10.04987562112089
1453.0,10.04987562112089
1454.0,10.04987562112089
1455.0,10.04987562112089
1456.0,10.04987562112089
1457.0,10.04987562112089
1458.0,10.04987562112089
1459.0,10.04987562112089
1460.0,10.04987562112089
1461.0,10.04987562112089
1462.0,10.04987562112089
1463.0,10.04987562112089
1464.0,10.04987562112089
1465.0,10.04987562112089
1466.0,10.04987562112089
1467.0,10.04987562112089
1468.0,10.04987562112089
1469.0,10.04987562112089
1470.0,10.04987562112089
1471.0,10.04987562112089
1472.0,10.04987562112089
1473.0,10.04987562112089
1474.0,10.04987562112089
1475.0,10.04987562112089
1476.0,10.04987562112089
1477.0,10.04987562112089
1478.0,10.04987562112089
1479.0,10.04987562112089
1480.0,10.04987562112089
1481.0,10.04987562112089
1482.0,10.04987562112089
1483.0,10.04987562112089
1484.0,10.04987562112089
1485.0,10.04987562112089
1486.0,10.04987562112089
1487.0,10.04987562112089
1488.0,10.04987562112089
1489.0,10.04987562112089
1490.0,10.04987562112089
1491.0,10.04987562112089
1492.0,10.04987562112089
1493.0,10.04987562112089
1494.0,10.04987562112089
1495.0,10.04987562112089
1496.0,10.04987562112089
1497.0,10.04987562112089
1498.0,10.04987562112089
1499.0,10.04987562112089
1500.0,10.04987562112089
1501.0,10.04987562112089
1502.0,10.04987562112089
1503.0,10.04987562112089
1504.0,10.04987562112089
1505.0,10.04987562112089
1506.0,10.04987562112089
1507.0,10.04987562112089
1508.0,10.04987562112089
1509.0,10.04987562112089
1510.0,10.04987562112089
1511.0,10.04987562112089
1512.0,10.04987562112089
1513.0,10.04987562112089
1514.0,10.04987562112089
1515.0,10.04987562112089
1516.0,10.04987562112089
1517.0,10.04987562112089
1518.0,10.04987562112089
1519.0,10.04987562112089
1520.0,10.04987562112089
1521.0,10.04987562112089
1522.0,10.04987562112089
1523.0,10.04987562112089
1524.0,10.04987562112089
1525.0,10.04987562112089
1526.0,10.04987562112089
1527.0,10.04987562112089
1528.0,10.04987562112089
1529.0,10.04987562112089
1530.0,10.04987562112089
1531.0,10.04987562112089
1532.0,10.04987562112089
1533.0,10.04987562112089
1534.0,10.04987562112089
1535.0,10.04987562112089
1536.0,10.04987562112089
1537.0,10.04987562112089
1538.0,10.04987562112089
1539.0,10.04987562112089
1540.0,10.04987562112089
1541.0,10.04987562112089
1542.0,10.04987562112089
1543.0,10.04987562112089
1544.0,10.04987562112089
1545.0,10.04987562112089
1546.0,10.04987562112089
1547.0,10.04987562112089
1548.0,10.04987562112089
1549.0,10.04987562112089
1550.0,10.04987562112089
1551.0,10.04987562112089
1552.0,10.04987562112089
1553.0,10.04987562112089
1554.0,10.04987562112089
1555.0,10.04987562112089
1556.0,10.04987562112089
1557.0,10.04987562112089
1558.0,10.04987562112089
1559.0,10.04987562112089
1560.0,10.04987562112089
1561.0,10.04987562112089
1562.0,10.04987562112089
1563.0,10.04987562112089
1564.0,10.04987562112089
1565.0,10.04987562112089
1566.0,10.04987562112089
1567.0,10.04987562112089
1568.0,10.04987562112089
1569.0,10.04987562112089
1570.0,10.04987562112089
1571.0,10.04987562112089
1572.0,10.04987562112089
1573.0,10.04987562112089
1574.0,10.04987562112089
1575.0,10.04987562112089
1576.0,10.04987562112089
1577.0,10.04987562112089
1578.0,10.04987562112089
1579.0,10.04987562112089
1580.0,10.04987562112089
1581.0,10.04987562112089
1582.0,10.04987562112089
1583.0,10.04987562112089
1584.0,10.04987562112089
1585.0,10.04987562112089
1586.0,10.04987562112089
1587.0,10.04987562112089
1588.0,10.04987562112089
1589.0,10.04987562112089
1590.0,10.04987562112089
1591.0,10.04987562112089
1592.0,10.04987562112089
1593.0,10.04987562112089
1594.0,9.38083151964686
1595.0,9.38083151964686
1596.0,9.38083151964686
1597.0,9.38083151964686
1598.0,9.38083151964686
1599.0,9.38083151964686
1600.0,9.38083151964686
1601.0,9.38083151964686
1602.0,9.38083151964686
1603.0,9.38083151964686
1604.0,9.38083151964686
1605.0,9.38083151964686
1606.0,9.38083151964686
1607.0,9.38083151964686
1608.0,9.38083151964686
1609.0,9.38083151964686
1610.0,9.38083151964686
1611.0,9.38083151964686
1612.0,9.38083151964686
1613.0,9.38083151964686
1614.0,9.38083151964686
1615.0,9.38083151964686
1616.0,9.38083151964686
1617.0,9.38083151964686
1618.0,9.38083151964686
1619.0,9.38083151964686
1620.0,9.38083151964686
1621.0,9.38083151964686
1622.0,9.38083151964686
1623.0,9.38083151964686
1624.0,9.38083151964686
1625.0,9.38083151964686
1626.0,9.38083151964686
1627.0,9.38083151964686
1628.0,9.38083151964686
1629.0,9.38083151964686
1630.0,9.38083151964686
1631.0,9.38083151964686
1632.0,9.38083151964686
1633.0,9.38083151964686
1634.0,9.38083151964686
1635.0,9.38083151964686
1636.0,9.38083151964686
1637.0,9.38083151964686
1638.0,9.38083151964686
1639.0,9.38083151964686
1640.0,9.38083151964686
1641.0,9.38083151964686
1642.0,9.38083151964686
1643.0,9.38083151964686
1644.0,9.38083151964686
1645.0,9.38083151964686
1646.0,9.38083151964686
1647.0,9.38083151964686
1648.0,9.38083151964686
1649.0,9.38083151964686
1650.0,9.38083151964686
1651.0,9.38083151964686
1652.0,9.38083151964686
1653.0,9.38083151964686
1654.0,9.38083151964686
1655.0,9.38083151964686
1656.0,9.38083151964686
1657.0,9.38083151964686
1658.0,9.38083151964686
1659.0,9.38083151964686
1660.0,9.38083151964686
1661.0,9.38083151964686
1662.0,9.38083151964686
1663.0,9.38083151964686
1664.0,9.38083151964686
1665.0,9.38083151964686
1666.0,9.38083151964686
1667.0,9.38083151964686
1668.0,9.38083151964686
1669.0,9.38083151964686
1670.0,9.38083151964686
1671.0,9.38083151964686
1672.0,9.38083151964686
1673.0,9.38083151964686
1674.0,9.38083151964686
1675.0,9.38083151964686
1676.0,9.38083151964686
1677.0,9.38083151964686
1678.0,9.38083151964686
1679.0,9.38083151964686
1680.0,9.38083151964686
1681.0,9.38083151964686
1682.0,9.38083151964686
1683.0,9.38083151964686
1684.0,9.38083151964686
1685.0,9.38083151964686
1686.0,9.38083151964686
1687.0,9.38083151964686
1688.0,9.38083151964686
1689.0,9.38083151964686
1690.0,9.38083151964686
1691.0,9.38083151964686
1692.0,9.38083151964686
1693.0,9.38083151964686
1694.0,9.38083151964686
1695.0,9.38083151964686
1696.0,9.38083151964686
1697.0,9.38083151964686
1698.0,9.38083151964686
1699.0,9.38083151964686
1700.0,9.38083151964686
1701.0,9.38083151964686
1702.0,9.38083151964686
1703.0,9.38083151964686
1704.0,9.38083151964686
1705.0,9.38083151964686
1706.0,9.38083151964686
1707.0,9.38083151964686
1708.0,9.38083151964686
1709.0,9.38083151964686
1710.0,9.38083151964686
1711.0,9.38083151964686
1712.0,9.38083151964686
1713.0,9.38083151964686
1714.0,9.38083151964686
1715.0,9.38083151964686
1716.0,9.38083151964686
1717.0,9.38083151964686
1718.0,9.38083151964686
1719.0,9.38083151964686
1720.0,9.38083151964686
1721.0,9.38083151964686
1722.0,9.38083151964686
1723.0,9.38083151964686
1724.0,9.38083151964686
1725.0,9.38083151964686
1726.0,9.38083151964686
1727.0,9.38083151964686
1728.0,9.38083151964686
1729.0,9.38083151964686
1730.0,9.38083151964686
1731.0,9.38083151964686
1732.0,9.38083151964686
1733.0,9.38083151964686
1734.0,9.38083151964686
1735.0,9.38083151964686
1736.0,9.38083151964686
1737.0,9.38083151964686
1738.0,9.38083151964686
1739.0,9.38083151964686
1740.0,9.38083151964686
1741.0,9.38083151964686
1742.0,9.38083151964686
1743.0,9.38083151964686
1744.0,9.38083151964686
1745.0,9.38083151964686
1746.0,9.38083151964686
1747.0,9.38083151964686
1748.0,9.38083151964686
1749.0,9.38083151964686
1750.0,9.38083151964686
1751.0,9.38083151964686
1752.0,9.38083151964686
1753.0,9.38083151964686
1754.0,9.38083151964686
1755.0,9.38083151964686
1756.0,9.38083151964686
1757.0,9.38083151964686
1758.0,9.38083151964686
1759.0,9.38083151964686
1760.0,9.38083151964686
1761.0,9.38083151964686
1762.0,9.38083151964686
1763.0,9.38083151964686
1764.0,9.38083151964686
1765.0,9.38083151964686
1766.0,9.38083151964686
1767.0,9.38083151964686
1768.0,9.38083151964686
1769.0,9.38083151964686
1770.0,9.38083151964686
1771.0,9.38083151964686
1772.0,9.38083151964686
1773.0,9.38083151964686
1774.0,9.38083151964686
1775.0,9.38083151964686
1776.0,9.38083151964686
1777.0,9.38083151964686
1778.0,9.38083151964686
1779.0,9.38083151964686
1780.0,9.38083151964686
1781.0,9.38083151964686
1782.0,9.38083151964686
1783.0,9.38083151964686
1784.0,9.38083151964686
1785.0,9.38083151964686
1786.0,9.38083151964686
1787.0,9.38083151964686
1788.0,9.38083151964686
1789.0,9.38083151964686
1790.0,9.38083151964686
1791.0,9.38083151964686
1792.0,9.38083151964686
1793.0,9.38083151964686
1794.0,9.38083151964686
1795.0,9.38083151964686
1796.0,9.38083151964686
1797.0,9.38083151964686
1798.0,9.38083151964686
1799.0,9.38083151964686
1800.0,9.38083151964686
1801.0,9.38083151964686
1802.0,9.38083151964686
1803.0,9.38083151964686
1804.0,9.38083151964686
1805.0,9.38083151964686
1806.0,9.38083151964686
1807.0,9.38083151964686
1808.0,9.38083151964686
1809.0,9.38083151964686
1810.0,9.38083151964686
1811.0,9.38083151964686
1812.0,9.38083151964686
1813.0,9.38083151964686
1814.0,9.38083151964686
1815.0,9.38083151964686
1816.0,9.38083151964686
1817.0,9.38083151964686
1818.0,9.38083151964686
1819.0,9.38083151964686
1820.0,9.38083151964686
1821.0,9.38083151964686
1822.0,9.38083151964686
1823.0,9.38083151964686
1824.0,9.38083151964686
1825.0,9.38083151964686
1826.0,9.38083151964686
1827.0,9.38083151964686
1828.0,9.38083151964686
1829.0,9.38083151964686
1830.0,9.38083151964686
1831.0,9.38083151964686
1832.0,9.38083151964686
1833.0,9.38083151964686
1834.0,9.38083151964686
1835.0,9.38083151964686
1836.0,9.38083151964686
1837.0,9.38083151964686
1838.0,9.38083151964686
1839.0,9.38083151964686
1840.0,9.38083151964686
1841.0,9.38083151964686
1842.0,9.38083151964686
1843.0,9.38083151964686
1844.0,9.38083151964686
1845.0,9.38083151964686
1846.0,9.38083151964686
1847.0,9.38083151964686
1848.0,9.38083151964686
1849.0,9.38083151964686
1850.0,9.38083151964686
1851.0,9.38083151964686
1852.0,9.38083151964686
1853.0,9.38083151964686
1854.0,9.38083151964686
1855.0,9.38083151964686
1856.0,9.38083151964686
1857.0,9.38083151964686
1858.0,9.38083151964686
1859.0,9.38083151964686
1860.0,9.38083151964686
1861.0,9.38083151964686
1862.0,9.38083151964686
1863.0,9.38083151964686
1864.0,9.38083151964686
1865.0,9.38083151964686
1866.0,9.38083151964686
1867.0,9.38083151964686
1868.0,9.38083151964686
1869.0,9.38083151964686
1870.0,9.38083151964686
1871.0,9.38083151964686
1872.0,9.38083151964686
1873.0,9.38083151964686
1874.0,9.38083151964686
1875.0,9.38083151964686
1876.0,9.38083151964686
1877.0,9.38083151964686
1878.0,8.0
1879.0,8.0
1880.0,8.0
1881.0,8.0
1882.0,8.0
1883.0,8.0
1884.0,8.0
1885.0,8.0
1886.0,8.0
1887.0,8.0
1888.0,8.0
1889.0,8.0
1890.0,8.0
1891.0,8.0
1892.0,8.0
1893.0,8.0
1894.0,8.0
1895.0,8.0
1896.0,8.0
1897.0,8.0
1898.0,8.0
1899.0,8.0
1900.0,8.0
1901.0,8.0
1902.0,8.0
1903.0,8.0
1904.0,8.0
1905.0,8.0
1906.0,8.0
1907.0,8.0
1908.0,8.0
1909.0,8.0
1910.0,8.0
1911.0,8.0
1912.0,8.0
1913.0,8.0
1914.0,8.0
1915.0,8.0
1916.0,8.0
1917.0,8.0
1918.0,8.0
1919.0,8.0
1920.0,8.0
1921.0,8.0
1922.0,8.0
1923.0,8.0
1924.0,8.0
1925.0,8.0
1926.0,8.0
1927.0,8.0
1928.0,8.0
1929.0,8.0
1930.0,8.0
1931.0,8.0
1932.0,8.0
1933.0,8.0
1934.0,8.0
1935.0,8.0
1936.0,8.0
1937.0,8.0
1938.0,8.0
1939.0,8.0
1940.0,8.0
1941.0,8.0
1942.0,8.0
1943.0,8.0
1944.0,8.0
1945.0,8.0
1946.0,8.0
1947.0,8.0
1948.0,8.0
1949.0,8.0
1950.0,8.0
1951.0,8.0
1952.0,8.0
1953.0,8.0
1954.0,8.0
1955.0,8.0
1956.0,8.0
1957.0,8.0
1958.0,8.0
1959.0,8.0
1960.0,8.0
1961.0,8.0
1962.0,8.0
1963.0,8.0
1964.0,8.0
1965.0,8.0
1966.0,8.0
1967.0,8.0
1968.0,8.0
1969.0,8.0
1970.0,8.0
1971.0,8.0
1972.0,8.0
1973.0,8.0
1974.0,8.0
1975.0,8.0
1976.0,8.0
1977.0,8.0
1978.0,8.0
1979.0,8.0
1980.0,8.0
1981.0,8.0
1982.0,8.0
1983.0,8.0
1984.0,8.0
1985.0,8.0
1986.0,8.0
1987.0,8.0
1988.0,8.0
1989.0,8.0
1990.0,8.0
1991.0,8.0
1992.0,8.0
1993.0,8.0
1994.0,8.0
1995.0,8.0
1996.0,8.0
1997.0,8.0
1998.0,8.0
1999.0,8.0
2000.0,8.0
2001.0,8.0
