Iteration,Fitness
2.0,58.36951259004995
3.0,54.3323108288245
4.0,32.58834147360065
5.0,29.171904291629644
6.0,29.171904291629644
7.0,29.171904291629644
8.0,29.171904291629644
9.0,29.171904291629644
10.0,29.103264421710495
11.0,26.19160170741759
12.0,26.19160170741759
13.0,26.19160170741759
14.0,26.19160170741759
15.0,21.354156504062622
16.0,21.354156504062622
17.0,21.354156504062622
18.0,19.621416870348583
19.0,18.973665961010276
20.0,18.973665961010276
21.0,18.973665961010276
22.0,18.973665961010276
23.0,18.973665961010276
24.0,15.198684153570664
25.0,15.198684153570664
26.0,15.198684153570664
27.0,15.198684153570664
28.0,15.198684153570664
29.0,15.132745950421556
30.0,14.422205101855956
31.0,14.422205101855956
32.0,14.422205101855956
33.0,14.422205101855956
34.0,13.038404810405298
35.0,13.038404810405298
36.0,11.958260743101398
37.0,11.958260743101398
38.0,11.958260743101398
39.0,11.958260743101398
40.0,11.958260743101398
41.0,11.958260743101398
42.0,11.958260743101398
43.0,11.445523142259598
44.0,11.445523142259598
45.0,11.445523142259598
46.0,11.445523142259598
47.0,11.445523142259598
48.0,11.445523142259598
49.0,11.224972160321824
50.0,11.224972160321824
51.0,11.224972160321824
52.0,11.090536506409418
53.0,11.090536506409418
54.0,11.090536506409418
55.0,11.090536506409418
56.0,11.090536506409418
57.0,11.090536506409418
58.0,11.090536506409418
59.0,10.63014581273465
60.0,10.63014581273465
61.0,10.583005244258363
62.0,10.583005244258363
63.0,10.246950765959598
64.0,9.797958971132712
65.0,9.797958971132712
66.0,9.797958971132712
67.0,9.797958971132712
68.0,9.797958971132712
69.0,9.797958971132712
70.0,9.797958971132712
71.0,9.797958971132712
72.0,9.797958971132712
73.0,9.797958971132712
74.0,9.797958971132712
75.0,9.797958971132712
76.0,9.327379053088816
77.0,9.327379053088816
78.0,9.327379053088816
79.0,8.888194417315589
80.0,8.888194417315589
81.0,8.888194417315589
82.0,8.888194417315589
83.0,8.888194417315589
84.0,8.888194417315589
85.0,8.426149773176359
86.0,8.426149773176359
87.0,8.426149773176359
88.0,8.426149773176359
89.0,8.426149773176359
90.0,8.426149773176359
91.0,8.426149773176359
92.0,8.426149773176359
93.0,8.426149773176359
94.0,8.426149773176359
95.0,8.06225774829855
96.0,8.06225774829855
97.0,8.06225774829855
98.0,8.06225774829855
99.0,8.06225774829855
100.0,8.06225774829855
101.0,8.06225774829855
102.0,8.06225774829855
103.0,8.06225774829855
104.0,7.874007874011811
105.0,7.874007874011811
106.0,7.874007874011811
107.0,7.874007874011811
108.0,7.874007874011811
109.0,7.874007874011811
110.0,7.874007874011811
111.0,7.874007874011811
112.0,7.874007874011811
113.0,7.874007874011811
114.0,7.874007874011811
115.0,7.874007874011811
116.0,7.874007874011811
117.0,7.874007874011811
118.0,7.416198487095663
119.0,7.416198487095663
120.0,7.416198487095663
121.0,7.416198487095663
122.0,7.416198487095663
123.0,7.416198487095663
124.0,7.416198487095663
125.0,7.416198487095663
126.0,7.416198487095663
127.0,7.416198487095663
128.0,6.48074069840786
129.0,6.48074069840786
130.0,6.48074069840786
131.0,6.48074069840786
132.0,6.48074069840786
133.0,6.48074069840786
134.0,6.48074069840786
135.0,6.48074069840786
136.0,6.244997998398398
137.0,6.244997998398398
138.0,6.244997998398398
139.0,4.898979485566356
140.0,4.898979485566356
141.0,4.898979485566356
142.0,4.242640687119285
143.0,4.242640687119285
144.0,4.242640687119285
145.0,4.242640687119285
146.0,4.242640687119285
147.0,4.242640687119285
148.0,4.242640687119285
149.0,4.242640687119285
150.0,4.242640687119285
151.0,4.242640687119285
152.0,4.242640687119285
153.0,4.242640687119285
154.0,4.242640687119285
155.0,4.242640687119285
156.0,4.242640687119285
157.0,4.242640687119285
158.0,4.242640687119285
159.0,4.242640687119285
160.0,4.242640687119285
161.0,4.242640687119285
162.0,4.242640687119285
163.0,4.242640687119285
164.0,4.242640687119285
165.0,4.242640687119285
166.0,4.242640687119285
167.0,4.242640687119285
168.0,4.242640687119285
169.0,4.242640687119285
170.0,4.242640687119285
171.0,4.242640687119285
172.0,4.242640687119285
173.0,4.242640687119285
174.0,4.242640687119285
175.0,4.242640687119285
176.0,4.242640687119285
177.0,4.242640687119285
178.0,4.242640687119285
179.0,4.242640687119285
180.0,4.242640687119285
181.0,4.242640687119285
182.0,4.242640687119285
183.0,4.242640687119285
184.0,4.242640687119285
185.0,4.242640687119285
186.0,4.242640687119285
187.0,4.242640687119285
188.0,4.242640687119285
189.0,4.242640687119285
190.0,4.242640687119285
191.0,4.242640687119285
192.0,4.242640687119285
193.0,4.242640687119285
194.0,4.242640687119285
195.0,4.242640687119285
196.0,4.242640687119285
197.0,4.242640687119285
198.0,4.242640687119285
199.0,4.242640687119285
200.0,4.242640687119285
201.0,4.242640687119285
202.0,4.242640687119285
203.0,4.242640687119285
204.0,4.242640687119285
205.0,4.242640687119285
206.0,4.242640687119285
207.0,4.242640687119285
208.0,4.242640687119285
209.0,4.242640687119285
210.0,4.242640687119285
211.0,3.4641016151377544
212.0,3.4641016151377544
213.0,3.4641016151377544
214.0,3.4641016151377544
215.0,3.4641016151377544
216.0,3.4641016151377544
217.0,3.4641016151377544
218.0,3.4641016151377544
219.0,3.4641016151377544
220.0,3.4641016151377544
221.0,3.4641016151377544
222.0,3.4641016151377544
223.0,3.4641016151377544
224.0,3.4641016151377544
225.0,3.4641016151377544
226.0,3.4641016151377544
227.0,3.4641016151377544
228.0,3.4641016151377544
229.0,3.4641016151377544
230.0,3.4641016151377544
231.0,3.4641016151377544
232.0,3.4641016151377544
233.0,3.4641016151377544
234.0,3.4641016151377544
235.0,3.4641016151377544
236.0,3.4641016151377544
237.0,3.4641016151377544
238.0,3.4641016151377544
239.0,3.3166247903554
240.0,3.3166247903554
241.0,3.3166247903554
242.0,3.0
243.0,3.0
244.0,3.0
245.0,2.8284271247461903
246.0,2.8284271247461903
247.0,2.8284271247461903
248.0,2.8284271247461903
249.0,2.8284271247461903
250.0,2.8284271247461903
251.0,2.8284271247461903
252.0,2.8284271247461903
253.0,2.8284271247461903
254.0,2.8284271247461903
255.0,2.8284271247461903
256.0,2.8284271247461903
257.0,2.8284271247461903
258.0,2.8284271247461903
259.0,2.8284271247461903
260.0,2.8284271247461903
261.0,2.8284271247461903
262.0,2.8284271247461903
263.0,2.8284271247461903
264.0,2.8284271247461903
265.0,2.8284271247461903
266.0,2.8284271247461903
267.0,2.8284271247461903
268.0,2.8284271247461903
269.0,2.8284271247461903
270.0,2.8284271247461903
271.0,2.8284271247461903
272.0,2.8284271247461903
273.0,2.8284271247461903
274.0,2.8284271247461903
275.0,2.8284271247461903
276.0,2.8284271247461903
277.0,2.8284271247461903
278.0,2.8284271247461903
279.0,2.8284271247461903
280.0,2.8284271247461903
281.0,2.8284271247461903
282.0,2.8284271247461903
283.0,2.8284271247461903
284.0,2.8284271247461903
285.0,2.8284271247461903
286.0,2.8284271247461903
287.0,2.8284271247461903
288.0,2.8284271247461903
289.0,2.8284271247461903
290.0,2.8284271247461903
291.0,2.8284271247461903
292.0,2.8284271247461903
293.0,2.8284271247461903
294.0,2.8284271247461903
295.0,2.8284271247461903
296.0,2.8284271247461903
297.0,2.8284271247461903
298.0,2.8284271247461903
299.0,2.8284271247461903
300.0,2.8284271247461903
301.0,2.8284271247461903
302.0,2.8284271247461903
303.0,2.8284271247461903
304.0,2.8284271247461903
305.0,2.6457513110645907
306.0,2.6457513110645907
307.0,2.6457513110645907
308.0,2.6457513110645907
309.0,2.6457513110645907
310.0,2.6457513110645907
311.0,2.6457513110645907
312.0,2.6457513110645907
313.0,2.6457513110645907
314.0,2.6457513110645907
315.0,2.6457513110645907
316.0,2.6457513110645907
317.0,2.6457513110645907
318.0,2.6457513110645907
319.0,2.6457513110645907
320.0,2.6457513110645907
321.0,2.6457513110645907
322.0,2.6457513110645907
323.0,2.6457513110645907
324.0,2.6457513110645907
325.0,2.6457513110645907
326.0,2.6457513110645907
327.0,2.6457513110645907
328.0,2.6457513110645907
329.0,2.6457513110645907
330.0,2.6457513110645907
331.0,2.6457513110645907
332.0,2.6457513110645907
333.0,2.6457513110645907
334.0,2.6457513110645907
335.0,2.6457513110645907
336.0,2.6457513110645907
337.0,2.6457513110645907
338.0,2.6457513110645907
339.0,2.6457513110645907
340.0,2.6457513110645907
341.0,2.6457513110645907
342.0,2.6457513110645907
343.0,2.6457513110645907
344.0,2.6457513110645907
345.0,2.6457513110645907
346.0,2.6457513110645907
347.0,2.6457513110645907
348.0,2.6457513110645907
349.0,2.6457513110645907
350.0,2.6457513110645907
351.0,2.6457513110645907
352.0,2.6457513110645907
353.0,2.6457513110645907
354.0,2.6457513110645907
355.0,2.6457513110645907
356.0,2.6457513110645907
357.0,2.6457513110645907
358.0,2.6457513110645907
359.0,2.6457513110645907
360.0,2.6457513110645907
361.0,2.6457513110645907
362.0,2.6457513110645907
363.0,2.6457513110645907
364.0,2.6457513110645907
365.0,2.6457513110645907
366.0,2.6457513110645907
367.0,2.6457513110645907
368.0,2.6457513110645907
369.0,2.6457513110645907
370.0,2.6457513110645907
371.0,2.6457513110645907
372.0,2.6457513110645907
373.0,2.6457513110645907
374.0,2.6457513110645907
375.0,2.6457513110645907
376.0,2.6457513110645907
377.0,2.6457513110645907
378.0,2.6457513110645907
379.0,2.6457513110645907
380.0,2.6457513110645907
381.0,2.6457513110645907
382.0,2.6457513110645907
383.0,2.6457513110645907
384.0,2.6457513110645907
385.0,2.6457513110645907
386.0,2.6457513110645907
387.0,2.6457513110645907
388.0,2.6457513110645907
389.0,2.6457513110645907
390.0,2.6457513110645907
391.0,2.6457513110645907
392.0,2.6457513110645907
393.0,2.6457513110645907
394.0,2.6457513110645907
395.0,2.6457513110645907
396.0,2.6457513110645907
397.0,2.6457513110645907
398.0,2.6457513110645907
399.0,2.6457513110645907
400.0,2.6457513110645907
401.0,2.6457513110645907
402.0,2.6457513110645907
403.0,2.6457513110645907
404.0,2.449489742783178
405.0,2.449489742783178
406.0,2.449489742783178
407.0,2.449489742783178
408.0,2.449489742783178
409.0,2.449489742783178
410.0,2.449489742783178
411.0,2.449489742783178
412.0,2.449489742783178
413.0,2.449489742783178
414.0,2.449489742783178
415.0,2.449489742783178
416.0,2.449489742783178
417.0,2.449489742783178
418.0,2.449489742783178
419.0,2.449489742783178
420.0,2.449489742783178
421.0,2.449489742783178
422.0,2.449489742783178
423.0,2.449489742783178
424.0,2.449489742783178
425.0,2.449489742783178
426.0,2.449489742783178
427.0,2.449489742783178
428.0,2.449489742783178
429.0,2.449489742783178
430.0,2.449489742783178
431.0,2.449489742783178
432.0,2.449489742783178
433.0,2.449489742783178
434.0,2.449489742783178
435.0,2.449489742783178
436.0,2.449489742783178
437.0,2.449489742783178
438.0,2.449489742783178
439.0,2.449489742783178
440.0,2.449489742783178
441.0,2.449489742783178
442.0,2.449489742783178
443.0,2.449489742783178
444.0,2.449489742783178
445.0,2.449489742783178
446.0,2.449489742783178
447.0,2.449489742783178
448.0,2.449489742783178
449.0,2.449489742783178
450.0,2.449489742783178
451.0,2.449489742783178
452.0,2.449489742783178
453.0,2.449489742783178
454.0,2.449489742783178
455.0,2.449489742783178
456.0,2.449489742783178
457.0,2.23606797749979
458.0,2.23606797749979
459.0,2.23606797749979
460.0,2.23606797749979
461.0,2.23606797749979
462.0,2.23606797749979
463.0,2.23606797749979
464.0,2.23606797749979
465.0,2.23606797749979
466.0,2.23606797749979
467.0,2.23606797749979
468.0,2.23606797749979
469.0,2.23606797749979
470.0,2.23606797749979
471.0,2.23606797749979
472.0,2.23606797749979
473.0,2.23606797749979
474.0,2.23606797749979
475.0,2.23606797749979
476.0,2.23606797749979
477.0,2.23606797749979
478.0,2.23606797749979
479.0,2.23606797749979
480.0,2.23606797749979
481.0,2.23606797749979
482.0,2.23606797749979
483.0,2.23606797749979
484.0,2.23606797749979
485.0,2.23606797749979
486.0,2.23606797749979
487.0,2.23606797749979
488.0,2.23606797749979
489.0,2.23606797749979
490.0,2.23606797749979
491.0,2.23606797749979
492.0,2.23606797749979
493.0,2.23606797749979
494.0,2.23606797749979
495.0,2.23606797749979
496.0,2.23606797749979
497.0,2.23606797749979
498.0,2.23606797749979
499.0,2.23606797749979
500.0,2.23606797749979
501.0,2.23606797749979
502.0,2.23606797749979
503.0,2.23606797749979
504.0,2.23606797749979
505.0,2.23606797749979
506.0,2.23606797749979
507.0,2.23606797749979
508.0,2.23606797749979
509.0,2.23606797749979
510.0,2.23606797749979
511.0,2.23606797749979
512.0,2.23606797749979
513.0,2.23606797749979
514.0,2.23606797749979
515.0,2.23606797749979
516.0,2.23606797749979
517.0,2.23606797749979
518.0,2.23606797749979
519.0,2.23606797749979
520.0,2.23606797749979
521.0,2.23606797749979
522.0,2.23606797749979
523.0,2.23606797749979
524.0,2.23606797749979
525.0,2.23606797749979
526.0,2.0
527.0,2.0
528.0,2.0
529.0,2.0
530.0,2.0
531.0,2.0
532.0,2.0
533.0,2.0
534.0,2.0
535.0,2.0
536.0,2.0
537.0,2.0
538.0,2.0
539.0,2.0
540.0,2.0
541.0,2.0
542.0,2.0
543.0,2.0
544.0,1.7320508075688772
545.0,1.7320508075688772
546.0,1.7320508075688772
547.0,1.7320508075688772
548.0,1.7320508075688772
549.0,1.7320508075688772
550.0,1.7320508075688772
551.0,1.7320508075688772
552.0,1.7320508075688772
553.0,1.7320508075688772
554.0,1.7320508075688772
555.0,1.7320508075688772
556.0,1.7320508075688772
557.0,1.7320508075688772
558.0,1.7320508075688772
559.0,1.7320508075688772
560.0,1.7320508075688772
561.0,1.7320508075688772
562.0,1.7320508075688772
563.0,1.7320508075688772
564.0,1.7320508075688772
565.0,1.7320508075688772
566.0,1.7320508075688772
567.0,1.7320508075688772
568.0,1.7320508075688772
569.0,1.7320508075688772
570.0,1.7320508075688772
571.0,1.7320508075688772
572.0,1.7320508075688772
573.0,1.7320508075688772
574.0,1.7320508075688772
575.0,1.7320508075688772
576.0,1.7320508075688772
577.0,1.7320508075688772
578.0,1.7320508075688772
579.0,1.7320508075688772
580.0,1.7320508075688772
581.0,1.7320508075688772
582.0,1.7320508075688772
583.0,1.7320508075688772
584.0,1.7320508075688772
585.0,1.7320508075688772
586.0,1.7320508075688772
587.0,1.7320508075688772
588.0,1.7320508075688772
589.0,1.7320508075688772
590.0,1.7320508075688772
591.0,1.7320508075688772
592.0,1.7320508075688772
593.0,1.7320508075688772
594.0,1.7320508075688772
595.0,1.7320508075688772
596.0,1.7320508075688772
597.0,1.7320508075688772
598.0,1.7320508075688772
599.0,1.7320508075688772
600.0,1.7320508075688772
601.0,1.7320508075688772
602.0,1.7320508075688772
603.0,1.7320508075688772
604.0,1.7320508075688772
605.0,1.7320508075688772
606.0,1.7320508075688772
607.0,1.7320508075688772
608.0,1.7320508075688772
609.0,1.7320508075688772
610.0,1.7320508075688772
611.0,1.7320508075688772
612.0,1.7320508075688772
613.0,1.7320508075688772
614.0,1.7320508075688772
615.0,1.7320508075688772
616.0,1.7320508075688772
617.0,1.7320508075688772
618.0,1.7320508075688772
619.0,1.7320508075688772
620.0,1.7320508075688772
621.0,1.7320508075688772
622.0,1.7320508075688772
623.0,1.7320508075688772
624.0,1.7320508075688772
625.0,1.7320508075688772
626.0,1.7320508075688772
627.0,1.7320508075688772
628.0,1.7320508075688772
629.0,1.7320508075688772
630.0,1.7320508075688772
631.0,1.7320508075688772
632.0,1.7320508075688772
633.0,1.7320508075688772
634.0,1.7320508075688772
635.0,1.7320508075688772
636.0,1.7320508075688772
637.0,1.7320508075688772
638.0,1.7320508075688772
639.0,1.7320508075688772
640.0,1.7320508075688772
641.0,1.7320508075688772
642.0,1.7320508075688772
643.0,1.7320508075688772
644.0,1.7320508075688772
645.0,1.7320508075688772
646.0,1.7320508075688772
647.0,1.7320508075688772
648.0,1.7320508075688772
649.0,1.7320508075688772
650.0,1.7320508075688772
651.0,1.7320508075688772
652.0,1.7320508075688772
653.0,1.7320508075688772
654.0,1.7320508075688772
655.0,1.7320508075688772
656.0,1.7320508075688772
657.0,1.7320508075688772
658.0,1.7320508075688772
659.0,1.7320508075688772
660.0,1.7320508075688772
661.0,1.7320508075688772
662.0,1.7320508075688772
663.0,1.7320508075688772
664.0,1.7320508075688772
665.0,1.7320508075688772
666.0,1.7320508075688772
667.0,1.7320508075688772
668.0,1.7320508075688772
669.0,1.7320508075688772
670.0,1.7320508075688772
671.0,1.4142135623730951
672.0,1.4142135623730951
673.0,1.4142135623730951
674.0,1.4142135623730951
675.0,1.4142135623730951
676.0,1.4142135623730951
677.0,1.4142135623730951
678.0,1.4142135623730951
679.0,1.4142135623730951
680.0,1.4142135623730951
681.0,1.4142135623730951
682.0,1.4142135623730951
683.0,1.4142135623730951
684.0,1.4142135623730951
685.0,1.4142135623730951
686.0,1.4142135623730951
687.0,1.4142135623730951
688.0,1.4142135623730951
689.0,1.4142135623730951
690.0,1.4142135623730951
691.0,1.4142135623730951
692.0,1.4142135623730951
693.0,1.4142135623730951
694.0,1.4142135623730951
695.0,1.4142135623730951
696.0,1.4142135623730951
697.0,1.4142135623730951
698.0,1.4142135623730951
699.0,1.4142135623730951
700.0,1.4142135623730951
701.0,1.4142135623730951
702.0,1.4142135623730951
703.0,1.4142135623730951
704.0,1.4142135623730951
705.0,1.4142135623730951
706.0,1.4142135623730951
707.0,1.4142135623730951
708.0,1.4142135623730951
709.0,1.4142135623730951
710.0,1.4142135623730951
711.0,1.4142135623730951
712.0,1.4142135623730951
713.0,1.4142135623730951
714.0,1.4142135623730951
715.0,1.4142135623730951
716.0,1.4142135623730951
717.0,1.4142135623730951
718.0,1.4142135623730951
719.0,1.4142135623730951
720.0,1.4142135623730951
721.0,1.4142135623730951
722.0,1.4142135623730951
723.0,1.4142135623730951
724.0,1.4142135623730951
725.0,1.4142135623730951
726.0,1.4142135623730951
727.0,1.4142135623730951
728.0,1.4142135623730951
729.0,1.4142135623730951
730.0,1.4142135623730951
731.0,1.4142135623730951
732.0,1.4142135623730951
733.0,1.4142135623730951
734.0,1.4142135623730951
735.0,1.4142135623730951
736.0,1.4142135623730951
737.0,1.4142135623730951
738.0,1.4142135623730951
739.0,1.4142135623730951
740.0,1.4142135623730951
741.0,1.4142135623730951
742.0,1.4142135623730951
743.0,1.4142135623730951
744.0,1.4142135623730951
745.0,1.4142135623730951
746.0,1.4142135623730951
747.0,1.4142135623730951
748.0,1.4142135623730951
749.0,1.4142135623730951
750.0,1.4142135623730951
751.0,1.4142135623730951
752.0,1.4142135623730951
753.0,1.4142135623730951
754.0,1.4142135623730951
755.0,1.4142135623730951
756.0,1.4142135623730951
757.0,1.4142135623730951
758.0,1.4142135623730951
759.0,1.4142135623730951
760.0,1.4142135623730951
761.0,1.4142135623730951
762.0,1.4142135623730951
763.0,1.4142135623730951
764.0,1.4142135623730951
765.0,1.4142135623730951
766.0,1.4142135623730951
767.0,1.4142135623730951
768.0,1.4142135623730951
769.0,1.4142135623730951
770.0,1.4142135623730951
771.0,1.4142135623730951
772.0,1.4142135623730951
773.0,1.4142135623730951
774.0,1.4142135623730951
775.0,1.4142135623730951
776.0,1.4142135623730951
777.0,1.4142135623730951
778.0,1.4142135623730951
779.0,1.4142135623730951
780.0,1.4142135623730951
781.0,1.4142135623730951
782.0,1.4142135623730951
783.0,1.4142135623730951
784.0,1.4142135623730951
785.0,1.4142135623730951
786.0,1.4142135623730951
787.0,1.4142135623730951
788.0,1.4142135623730951
789.0,1.4142135623730951
790.0,1.4142135623730951
791.0,1.4142135623730951
792.0,1.4142135623730951
793.0,1.4142135623730951
794.0,1.4142135623730951
795.0,1.4142135623730951
796.0,1.4142135623730951
797.0,1.4142135623730951
798.0,1.4142135623730951
799.0,1.4142135623730951
800.0,1.4142135623730951
801.0,1.4142135623730951
802.0,1.4142135623730951
803.0,1.4142135623730951
804.0,1.4142135623730951
805.0,1.4142135623730951
806.0,1.4142135623730951
807.0,1.4142135623730951
808.0,1.4142135623730951
809.0,1.4142135623730951
810.0,1.4142135623730951
811.0,1.4142135623730951
812.0,1.4142135623730951
813.0,1.4142135623730951
814.0,1.4142135623730951
815.0,1.4142135623730951
816.0,1.4142135623730951
817.0,1.4142135623730951
818.0,1.4142135623730951
819.0,1.4142135623730951
820.0,1.4142135623730951
821.0,1.4142135623730951
822.0,1.4142135623730951
823.0,1.4142135623730951
824.0,1.4142135623730951
825.0,1.4142135623730951
826.0,1.4142135623730951
827.0,1.4142135623730951
828.0,1.4142135623730951
829.0,1.4142135623730951
830.0,1.4142135623730951
831.0,1.4142135623730951
832.0,1.4142135623730951
833.0,1.4142135623730951
834.0,1.4142135623730951
835.0,1.4142135623730951
836.0,1.4142135623730951
837.0,1.4142135623730951
838.0,1.4142135623730951
839.0,1.4142135623730951
840.0,1.4142135623730951
841.0,1.4142135623730951
842.0,1.4142135623730951
843.0,1.4142135623730951
844.0,1.4142135623730951
845.0,1.4142135623730951
846.0,1.4142135623730951
847.0,1.4142135623730951
848.0,1.4142135623730951
849.0,1.4142135623730951
850.0,1.4142135623730951
851.0,1.4142135623730951
852.0,1.4142135623730951
853.0,1.4142135623730951
854.0,1.4142135623730951
855.0,1.4142135623730951
856.0,1.4142135623730951
857.0,1.4142135623730951
858.0,1.4142135623730951
859.0,1.4142135623730951
860.0,1.4142135623730951
861.0,1.4142135623730951
862.0,1.4142135623730951
863.0,1.4142135623730951
864.0,1.4142135623730951
865.0,1.4142135623730951
866.0,1.4142135623730951
867.0,1.4142135623730951
868.0,1.4142135623730951
869.0,1.4142135623730951
870.0,1.4142135623730951
871.0,1.4142135623730951
872.0,1.4142135623730951
873.0,1.4142135623730951
874.0,1.4142135623730951
875.0,1.4142135623730951
876.0,1.4142135623730951
877.0,1.4142135623730951
878.0,1.4142135623730951
879.0,1.4142135623730951
880.0,1.4142135623730951
881.0,1.4142135623730951
882.0,1.4142135623730951
883.0,1.4142135623730951
884.0,1.4142135623730951
885.0,1.4142135623730951
886.0,1.4142135623730951
887.0,1.4142135623730951
888.0,1.4142135623730951
889.0,1.4142135623730951
890.0,1.4142135623730951
891.0,1.4142135623730951
892.0,1.4142135623730951
893.0,1.4142135623730951
894.0,1.4142135623730951
895.0,1.4142135623730951
896.0,1.4142135623730951
897.0,1.4142135623730951
898.0,1.4142135623730951
899.0,1.4142135623730951
900.0,1.4142135623730951
901.0,1.4142135623730951
902.0,1.4142135623730951
903.0,1.4142135623730951
904.0,1.4142135623730951
905.0,1.4142135623730951
906.0,1.4142135623730951
907.0,1.4142135623730951
908.0,1.4142135623730951
909.0,1.4142135623730951
910.0,1.4142135623730951
911.0,1.4142135623730951
912.0,1.4142135623730951
913.0,1.4142135623730951
914.0,1.4142135623730951
915.0,1.4142135623730951
916.0,1.4142135623730951
917.0,1.4142135623730951
918.0,1.4142135623730951
919.0,1.4142135623730951
920.0,1.4142135623730951
921.0,1.4142135623730951
922.0,1.4142135623730951
923.0,1.4142135623730951
924.0,1.4142135623730951
925.0,1.4142135623730951
926.0,1.4142135623730951
927.0,1.4142135623730951
928.0,1.4142135623730951
929.0,1.4142135623730951
930.0,1.4142135623730951
931.0,1.4142135623730951
932.0,1.4142135623730951
933.0,1.4142135623730951
934.0,1.4142135623730951
935.0,1.4142135623730951
936.0,1.4142135623730951
937.0,1.4142135623730951
938.0,1.4142135623730951
939.0,1.4142135623730951
940.0,1.4142135623730951
941.0,1.4142135623730951
942.0,1.4142135623730951
943.0,1.4142135623730951
944.0,1.4142135623730951
945.0,1.4142135623730951
946.0,1.4142135623730951
947.0,1.4142135623730951
948.0,1.4142135623730951
949.0,1.4142135623730951
950.0,1.4142135623730951
951.0,1.4142135623730951
952.0,1.4142135623730951
953.0,1.4142135623730951
954.0,1.4142135623730951
955.0,1.4142135623730951
956.0,1.4142135623730951
957.0,1.4142135623730951
958.0,1.4142135623730951
959.0,1.4142135623730951
960.0,1.4142135623730951
961.0,1.4142135623730951
962.0,1.4142135623730951
963.0,1.4142135623730951
964.0,1.4142135623730951
965.0,1.4142135623730951
966.0,1.4142135623730951
967.0,1.4142135623730951
968.0,1.4142135623730951
969.0,1.4142135623730951
970.0,1.4142135623730951
971.0,1.4142135623730951
972.0,1.4142135623730951
973.0,1.4142135623730951
974.0,1.4142135623730951
975.0,1.4142135623730951
976.0,1.4142135623730951
977.0,1.4142135623730951
978.0,1.4142135623730951
979.0,1.4142135623730951
980.0,1.4142135623730951
981.0,1.4142135623730951
982.0,1.4142135623730951
983.0,1.4142135623730951
984.0,1.4142135623730951
985.0,1.4142135623730951
986.0,1.4142135623730951
987.0,1.4142135623730951
988.0,1.4142135623730951
989.0,1.4142135623730951
990.0,1.4142135623730951
991.0,1.4142135623730951
992.0,1.4142135623730951
993.0,1.4142135623730951
994.0,1.4142135623730951
995.0,1.4142135623730951
996.0,1.4142135623730951
997.0,1.4142135623730951
998.0,1.4142135623730951
999.0,1.4142135623730951
1000.0,1.4142135623730951
1001.0,1.4142135623730951
1002.0,1.4142135623730951
1003.0,1.4142135623730951
1004.0,1.4142135623730951
1005.0,1.4142135623730951
1006.0,1.4142135623730951
1007.0,1.4142135623730951
1008.0,1.4142135623730951
1009.0,1.4142135623730951
1010.0,1.4142135623730951
1011.0,1.4142135623730951
1012.0,1.4142135623730951
1013.0,1.4142135623730951
1014.0,1.4142135623730951
1015.0,1.4142135623730951
1016.0,1.0
1017.0,1.0
1018.0,1.0
1019.0,1.0
1020.0,1.0
1021.0,1.0
1022.0,1.0
1023.0,1.0
1024.0,1.0
1025.0,1.0
1026.0,1.0
1027.0,1.0
1028.0,1.0
1029.0,1.0
1030.0,1.0
1031.0,1.0
1032.0,1.0
1033.0,1.0
1034.0,1.0
1035.0,1.0
1036.0,1.0
1037.0,1.0
1038.0,1.0
1039.0,1.0
1040.0,1.0
1041.0,1.0
1042.0,1.0
1043.0,1.0
1044.0,1.0
1045.0,1.0
1046.0,1.0
1047.0,1.0
1048.0,1.0
1049.0,1.0
1050.0,1.0
1051.0,1.0
1052.0,1.0
1053.0,1.0
1054.0,1.0
1055.0,1.0
1056.0,1.0
1057.0,1.0
1058.0,1.0
1059.0,1.0
1060.0,1.0
1061.0,1.0
1062.0,1.0
1063.0,1.0
1064.0,1.0
1065.0,1.0
1066.0,1.0
1067.0,1.0
1068.0,1.0
1069.0,1.0
1070.0,1.0
1071.0,1.0
1072.0,1.0
1073.0,1.0
1074.0,1.0
1075.0,1.0
1076.0,1.0
1077.0,1.0
1078.0,1.0
1079.0,1.0
1080.0,1.0
1081.0,1.0
1082.0,1.0
1083.0,1.0
1084.0,1.0
1085.0,1.0
1086.0,1.0
1087.0,1.0
1088.0,1.0
1089.0,1.0
1090.0,1.0
1091.0,1.0
1092.0,1.0
1093.0,1.0
1094.0,1.0
1095.0,1.0
1096.0,1.0
1097.0,1.0
1098.0,1.0
1099.0,1.0
1100.0,1.0
1101.0,1.0
1102.0,1.0
1103.0,1.0
1104.0,1.0
1105.0,1.0
1106.0,1.0
1107.0,1.0
1108.0,1.0
1109.0,1.0
1110.0,1.0
1111.0,1.0
1112.0,1.0
1113.0,1.0
1114.0,1.0
1115.0,1.0
1116.0,1.0
1117.0,1.0
1118.0,1.0
1119.0,1.0
1120.0,1.0
1121.0,1.0
1122.0,1.0
1123.0,1.0
1124.0,1.0
1125.0,1.0
1126.0,1.0
1127.0,1.0
1128.0,1.0
1129.0,1.0
1130.0,1.0
1131.0,1.0
1132.0,1.0
1133.0,1.0
1134.0,1.0
1135.0,1.0
1136.0,1.0
1137.0,1.0
1138.0,1.0
1139.0,1.0
1140.0,1.0
1141.0,1.0
1142.0,1.0
1143.0,1.0
1144.0,1.0
1145.0,1.0
1146.0,1.0
1147.0,1.0
1148.0,1.0
1149.0,1.0
1150.0,1.0
1151.0,1.0
1152.0,1.0
1153.0,1.0
1154.0,1.0
1155.0,1.0
1156.0,1.0
1157.0,1.0
1158.0,1.0
1159.0,1.0
1160.0,1.0
1161.0,1.0
1162.0,1.0
1163.0,1.0
1164.0,1.0
1165.0,1.0
1166.0,1.0
1167.0,1.0
1168.0,1.0
1169.0,1.0
1170.0,1.0
1171.0,1.0
1172.0,1.0
1173.0,1.0
1174.0,1.0
1175.0,1.0
1176.0,1.0
1177.0,1.0
1178.0,1.0
1179.0,1.0
1180.0,1.0
1181.0,1.0
1182.0,1.0
1183.0,1.0
1184.0,1.0
1185.0,1.0
1186.0,1.0
1187.0,1.0
1188.0,1.0
1189.0,1.0
1190.0,1.0
1191.0,1.0
1192.0,1.0
1193.0,1.0
1194.0,1.0
1195.0,1.0
1196.0,1.0
1197.0,1.0
1198.0,1.0
1199.0,1.0
1200.0,1.0
1201.0,1.0
1202.0,1.0
1203.0,1.0
1204.0,1.0
1205.0,1.0
1206.0,1.0
1207.0,1.0
1208.0,1.0
1209.0,1.0
1210.0,1.0
1211.0,1.0
1212.0,1.0
1213.0,1.0
1214.0,1.0
1215.0,1.0
1216.0,1.0
1217.0,1.0
1218.0,1.0
1219.0,1.0
1220.0,1.0
1221.0,1.0
1222.0,1.0
1223.0,1.0
1224.0,1.0
1225.0,1.0
1226.0,1.0
1227.0,1.0
1228.0,1.0
1229.0,1.0
1230.0,1.0
1231.0,1.0
1232.0,1.0
1233.0,1.0
1234.0,1.0
1235.0,1.0
1236.0,1.0
1237.0,1.0
1238.0,1.0
1239.0,1.0
1240.0,1.0
1241.0,1.0
1242.0,1.0
1243.0,1.0
1244.0,1.0
1245.0,1.0
1246.0,1.0
1247.0,1.0
1248.0,1.0
1249.0,1.0
1250.0,1.0
1251.0,1.0
1252.0,1.0
1253.0,1.0
1254.0,1.0
1255.0,1.0
1256.0,1.0
1257.0,1.0
1258.0,1.0
1259.0,1.0
1260.0,1.0
1261.0,1.0
1262.0,1.0
1263.0,1.0
1264.0,1.0
1265.0,1.0
1266.0,1.0
1267.0,1.0
1268.0,1.0
1269.0,1.0
1270.0,1.0
1271.0,1.0
1272.0,1.0
1273.0,1.0
1274.0,1.0
1275.0,1.0
1276.0,1.0
1277.0,1.0
1278.0,1.0
1279.0,1.0
1280.0,1.0
1281.0,1.0
1282.0,1.0
1283.0,1.0
1284.0,1.0
1285.0,1.0
1286.0,1.0
1287.0,1.0
1288.0,1.0
1289.0,1.0
1290.0,1.0
1291.0,1.0
1292.0,1.0
1293.0,1.0
1294.0,1.0
1295.0,1.0
1296.0,1.0
1297.0,1.0
1298.0,1.0
1299.0,1.0
1300.0,1.0
1301.0,1.0
1302.0,1.0
1303.0,1.0
1304.0,1.0
1305.0,1.0
1306.0,1.0
1307.0,1.0
1308.0,1.0
1309.0,1.0
1310.0,1.0
1311.0,1.0
1312.0,1.0
1313.0,1.0
1314.0,1.0
1315.0,1.0
1316.0,1.0
1317.0,1.0
1318.0,1.0
1319.0,1.0
1320.0,1.0
1321.0,1.0
1322.0,1.0
1323.0,1.0
1324.0,1.0
1325.0,1.0
1326.0,1.0
1327.0,1.0
1328.0,1.0
1329.0,1.0
1330.0,1.0
1331.0,1.0
1332.0,1.0
1333.0,1.0
1334.0,1.0
1335.0,1.0
1336.0,1.0
1337.0,1.0
1338.0,1.0
1339.0,1.0
1340.0,1.0
1341.0,1.0
1342.0,1.0
1342.0,0.0
