Iteration,Fitness
2.0,58.36951259004995
3.0,58.36951259004995
4.0,52.364109846344185
5.0,39.370039370059054
6.0,39.370039370059054
7.0,33.391615714128
8.0,24.55605831561735
9.0,19.79898987322333
10.0,19.79898987322333
11.0,19.79898987322333
12.0,19.79898987322333
13.0,15.811388300841896
14.0,15.811388300841896
15.0,15.811388300841896
16.0,15.811388300841896
17.0,15.811388300841896
18.0,15.811388300841896
19.0,15.811388300841896
20.0,15.459624833740307
21.0,13.96424004376894
22.0,13.96424004376894
23.0,13.96424004376894
24.0,13.96424004376894
25.0,13.96424004376894
26.0,13.96424004376894
27.0,13.96424004376894
28.0,13.96424004376894
29.0,13.96424004376894
30.0,13.96424004376894
31.0,13.96424004376894
32.0,13.96424004376894
33.0,13.96424004376894
34.0,12.409673645990857
35.0,12.409673645990857
36.0,12.409673645990857
37.0,12.409673645990857
38.0,12.409673645990857
39.0,12.409673645990857
40.0,12.409673645990857
41.0,12.409673645990857
42.0,10.677078252031311
43.0,10.677078252031311
44.0,10.677078252031311
45.0,10.677078252031311
46.0,10.677078252031311
47.0,10.677078252031311
48.0,10.677078252031311
49.0,10.677078252031311
50.0,10.677078252031311
51.0,10.677078252031311
52.0,10.535653752852738
53.0,10.535653752852738
54.0,10.535653752852738
55.0,10.535653752852738
56.0,10.535653752852738
57.0,10.535653752852738
58.0,10.535653752852738
59.0,10.535653752852738
60.0,10.535653752852738
61.0,10.535653752852738
62.0,9.327379053088816
63.0,9.327379053088816
64.0,9.327379053088816
65.0,9.327379053088816
66.0,9.327379053088816
67.0,9.327379053088816
68.0,9.327379053088816
69.0,9.327379053088816
70.0,9.1104335791443
71.0,9.1104335791443
72.0,9.1104335791443
73.0,9.1104335791443
74.0,8.602325267042627
75.0,8.602325267042627
76.0,8.602325267042627
77.0,8.602325267042627
78.0,8.602325267042627
79.0,8.602325267042627
80.0,8.602325267042627
81.0,5.830951894845301
82.0,5.830951894845301
83.0,5.830951894845301
84.0,5.830951894845301
85.0,5.830951894845301
86.0,5.830951894845301
87.0,5.830951894845301
88.0,5.830951894845301
89.0,5.830951894845301
90.0,5.830951894845301
91.0,5.830951894845301
92.0,5.830951894845301
93.0,5.830951894845301
94.0,5.830951894845301
95.0,5.830951894845301
96.0,5.830951894845301
97.0,5.830951894845301
98.0,5.830951894845301
99.0,5.830951894845301
100.0,5.830951894845301
101.0,5.830951894845301
102.0,5.830951894845301
103.0,5.830951894845301
104.0,5.830951894845301
105.0,5.830951894845301
106.0,5.830951894845301
107.0,5.0990195135927845
108.0,5.0990195135927845
109.0,5.0990195135927845
110.0,5.0990195135927845
111.0,5.0990195135927845
112.0,5.0990195135927845
113.0,5.0990195135927845
114.0,5.0990195135927845
115.0,4.242640687119285
116.0,4.242640687119285
117.0,4.242640687119285
118.0,4.242640687119285
119.0,4.242640687119285
120.0,4.242640687119285
121.0,3.872983346207417
122.0,3.872983346207417
123.0,3.872983346207417
124.0,3.872983346207417
125.0,3.872983346207417
126.0,3.3166247903554
127.0,3.3166247903554
128.0,3.3166247903554
129.0,3.3166247903554
130.0,3.3166247903554
131.0,3.3166247903554
132.0,3.3166247903554
133.0,3.3166247903554
134.0,3.3166247903554
135.0,3.3166247903554
136.0,3.3166247903554
137.0,3.3166247903554
138.0,3.3166247903554
139.0,3.3166247903554
140.0,3.3166247903554
141.0,3.3166247903554
142.0,3.3166247903554
143.0,3.3166247903554
144.0,3.3166247903554
145.0,3.3166247903554
146.0,3.3166247903554
147.0,3.3166247903554
148.0,3.3166247903554
149.0,3.3166247903554
150.0,3.3166247903554
151.0,3.3166247903554
152.0,3.3166247903554
153.0,3.3166247903554
154.0,3.3166247903554
155.0,3.3166247903554
156.0,3.3166247903554
157.0,3.3166247903554
158.0,3.3166247903554
159.0,3.3166247903554
160.0,3.3166247903554
161.0,3.3166247903554
162.0,3.3166247903554
163.0,3.3166247903554
164.0,3.3166247903554
165.0,3.3166247903554
166.0,3.3166247903554
167.0,3.3166247903554
168.0,3.3166247903554
169.0,3.0
170.0,3.0
171.0,3.0
172.0,3.0
173.0,3.0
174.0,3.0
175.0,3.0
176.0,3.0
177.0,3.0
178.0,3.0
179.0,3.0
180.0,3.0
181.0,3.0
182.0,3.0
183.0,2.6457513110645907
184.0,2.6457513110645907
185.0,2.6457513110645907
186.0,2.6457513110645907
187.0,2.6457513110645907
188.0,2.6457513110645907
189.0,2.6457513110645907
190.0,2.6457513110645907
191.0,2.6457513110645907
192.0,2.6457513110645907
193.0,2.6457513110645907
194.0,2.6457513110645907
195.0,2.6457513110645907
196.0,2.6457513110645907
197.0,2.6457513110645907
198.0,2.6457513110645907
199.0,2.6457513110645907
200.0,2.6457513110645907
201.0,2.6457513110645907
202.0,2.6457513110645907
203.0,2.6457513110645907
204.0,2.6457513110645907
205.0,2.6457513110645907
206.0,2.6457513110645907
207.0,2.6457513110645907
208.0,2.6457513110645907
209.0,2.6457513110645907
210.0,2.6457513110645907
211.0,2.6457513110645907
212.0,2.6457513110645907
213.0,2.6457513110645907
214.0,2.449489742783178
215.0,2.449489742783178
216.0,2.449489742783178
217.0,2.449489742783178
218.0,2.449489742783178
219.0,2.449489742783178
220.0,2.449489742783178
221.0,2.449489742783178
222.0,2.449489742783178
223.0,2.449489742783178
224.0,2.449489742783178
225.0,2.449489742783178
226.0,2.449489742783178
227.0,2.449489742783178
228.0,2.449489742783178
229.0,2.449489742783178
230.0,2.449489742783178
231.0,2.449489742783178
232.0,2.449489742783178
233.0,2.449489742783178
234.0,2.449489742783178
235.0,2.449489742783178
236.0,2.449489742783178
237.0,2.449489742783178
238.0,2.449489742783178
239.0,2.449489742783178
240.0,2.449489742783178
241.0,2.449489742783178
242.0,2.449489742783178
243.0,2.449489742783178
244.0,2.449489742783178
245.0,2.449489742783178
246.0,2.449489742783178
247.0,2.449489742783178
248.0,2.449489742783178
249.0,2.449489742783178
250.0,2.449489742783178
251.0,2.449489742783178
252.0,2.449489742783178
253.0,2.449489742783178
254.0,2.449489742783178
255.0,2.449489742783178
256.0,2.449489742783178
257.0,2.449489742783178
258.0,2.449489742783178
259.0,2.449489742783178
260.0,2.449489742783178
261.0,2.449489742783178
262.0,2.449489742783178
263.0,2.449489742783178
264.0,2.449489742783178
265.0,2.449489742783178
266.0,2.449489742783178
267.0,2.449489742783178
268.0,2.449489742783178
269.0,2.449489742783178
270.0,2.449489742783178
271.0,2.449489742783178
272.0,2.449489742783178
273.0,2.449489742783178
274.0,2.449489742783178
275.0,2.449489742783178
276.0,2.449489742783178
277.0,2.449489742783178
278.0,2.449489742783178
279.0,2.449489742783178
280.0,2.449489742783178
281.0,2.449489742783178
282.0,2.449489742783178
283.0,2.449489742783178
284.0,2.449489742783178
285.0,2.449489742783178
286.0,2.449489742783178
287.0,2.449489742783178
288.0,2.449489742783178
289.0,2.449489742783178
290.0,2.449489742783178
291.0,2.449489742783178
292.0,2.449489742783178
293.0,2.449489742783178
294.0,2.449489742783178
295.0,2.449489742783178
296.0,2.449489742783178
297.0,2.449489742783178
298.0,2.449489742783178
299.0,2.449489742783178
300.0,2.449489742783178
301.0,2.449489742783178
302.0,2.449489742783178
303.0,2.449489742783178
304.0,2.449489742783178
305.0,2.449489742783178
306.0,2.449489742783178
307.0,2.449489742783178
308.0,2.449489742783178
309.0,2.449489742783178
310.0,2.449489742783178
311.0,2.449489742783178
312.0,2.449489742783178
313.0,2.449489742783178
314.0,2.449489742783178
315.0,2.449489742783178
316.0,2.449489742783178
317.0,2.449489742783178
318.0,2.449489742783178
319.0,2.449489742783178
320.0,2.449489742783178
321.0,2.449489742783178
322.0,2.449489742783178
323.0,2.449489742783178
324.0,2.449489742783178
325.0,2.449489742783178
326.0,2.449489742783178
327.0,2.449489742783178
328.0,2.449489742783178
329.0,2.449489742783178
330.0,2.449489742783178
331.0,2.449489742783178
332.0,2.449489742783178
333.0,2.449489742783178
334.0,2.449489742783178
335.0,2.449489742783178
336.0,2.449489742783178
337.0,2.449489742783178
338.0,2.449489742783178
339.0,2.449489742783178
340.0,2.449489742783178
341.0,2.449489742783178
342.0,2.449489742783178
343.0,2.449489742783178
344.0,2.449489742783178
345.0,2.449489742783178
346.0,2.449489742783178
347.0,2.449489742783178
348.0,2.449489742783178
349.0,2.449489742783178
350.0,2.449489742783178
351.0,2.449489742783178
352.0,2.449489742783178
353.0,2.449489742783178
354.0,2.449489742783178
355.0,2.449489742783178
356.0,2.449489742783178
357.0,2.449489742783178
358.0,2.449489742783178
359.0,2.449489742783178
360.0,2.449489742783178
361.0,2.449489742783178
362.0,2.23606797749979
363.0,2.23606797749979
364.0,2.23606797749979
365.0,2.23606797749979
366.0,2.23606797749979
367.0,2.23606797749979
368.0,2.23606797749979
369.0,2.23606797749979
370.0,2.23606797749979
371.0,2.23606797749979
372.0,2.23606797749979
373.0,2.23606797749979
374.0,2.23606797749979
375.0,2.23606797749979
376.0,2.23606797749979
377.0,2.23606797749979
378.0,2.23606797749979
379.0,2.23606797749979
380.0,2.23606797749979
381.0,2.23606797749979
382.0,2.23606797749979
383.0,2.23606797749979
384.0,2.23606797749979
385.0,2.23606797749979
386.0,2.23606797749979
387.0,2.23606797749979
388.0,2.23606797749979
389.0,2.23606797749979
390.0,2.23606797749979
391.0,2.23606797749979
392.0,2.23606797749979
393.0,2.0
394.0,2.0
395.0,2.0
396.0,2.0
397.0,2.0
398.0,2.0
399.0,2.0
400.0,2.0
401.0,2.0
402.0,2.0
403.0,2.0
404.0,2.0
405.0,2.0
406.0,2.0
407.0,2.0
408.0,2.0
409.0,2.0
410.0,2.0
411.0,2.0
412.0,2.0
413.0,2.0
414.0,2.0
415.0,2.0
416.0,2.0
417.0,2.0
418.0,2.0
419.0,2.0
420.0,2.0
421.0,2.0
422.0,2.0
423.0,2.0
424.0,2.0
425.0,2.0
426.0,2.0
427.0,2.0
428.0,2.0
429.0,2.0
430.0,2.0
431.0,2.0
432.0,2.0
433.0,2.0
434.0,2.0
435.0,2.0
436.0,2.0
437.0,2.0
438.0,2.0
439.0,2.0
440.0,2.0
441.0,2.0
442.0,2.0
443.0,2.0
444.0,2.0
445.0,2.0
446.0,2.0
447.0,2.0
448.0,2.0
449.0,2.0
450.0,2.0
451.0,2.0
452.0,2.0
453.0,2.0
454.0,2.0
455.0,2.0
456.0,2.0
457.0,2.0
458.0,2.0
459.0,2.0
460.0,2.0
461.0,2.0
462.0,2.0
463.0,2.0
464.0,2.0
465.0,2.0
466.0,2.0
467.0,2.0
468.0,2.0
469.0,2.0
470.0,2.0
471.0,2.0
472.0,2.0
473.0,2.0
474.0,2.0
475.0,2.0
476.0,2.0
477.0,2.0
478.0,2.0
479.0,1.7320508075688772
480.0,1.7320508075688772
481.0,1.7320508075688772
482.0,1.7320508075688772
483.0,1.7320508075688772
484.0,1.7320508075688772
485.0,1.7320508075688772
486.0,1.7320508075688772
487.0,1.7320508075688772
488.0,1.7320508075688772
489.0,1.7320508075688772
490.0,1.7320508075688772
491.0,1.7320508075688772
492.0,1.7320508075688772
493.0,1.7320508075688772
494.0,1.7320508075688772
495.0,1.7320508075688772
496.0,1.7320508075688772
497.0,1.7320508075688772
498.0,1.7320508075688772
499.0,1.7320508075688772
500.0,1.7320508075688772
501.0,1.7320508075688772
502.0,1.7320508075688772
503.0,1.7320508075688772
504.0,1.7320508075688772
505.0,1.7320508075688772
506.0,1.7320508075688772
507.0,1.7320508075688772
508.0,1.7320508075688772
509.0,1.7320508075688772
510.0,1.7320508075688772
511.0,1.7320508075688772
512.0,1.7320508075688772
513.0,1.7320508075688772
514.0,1.7320508075688772
515.0,1.7320508075688772
516.0,1.7320508075688772
517.0,1.7320508075688772
518.0,1.7320508075688772
519.0,1.7320508075688772
520.0,1.7320508075688772
521.0,1.7320508075688772
522.0,1.7320508075688772
523.0,1.7320508075688772
524.0,1.7320508075688772
525.0,1.7320508075688772
526.0,1.7320508075688772
527.0,1.7320508075688772
528.0,1.7320508075688772
529.0,1.7320508075688772
530.0,1.7320508075688772
531.0,1.7320508075688772
532.0,1.7320508075688772
533.0,1.7320508075688772
534.0,1.7320508075688772
535.0,1.7320508075688772
536.0,1.7320508075688772
537.0,1.7320508075688772
538.0,1.7320508075688772
539.0,1.7320508075688772
540.0,1.7320508075688772
541.0,1.7320508075688772
542.0,1.7320508075688772
543.0,1.7320508075688772
544.0,1.7320508075688772
545.0,1.7320508075688772
546.0,1.7320508075688772
547.0,1.7320508075688772
548.0,1.7320508075688772
549.0,1.7320508075688772
550.0,1.7320508075688772
551.0,1.7320508075688772
552.0,1.7320508075688772
553.0,1.7320508075688772
554.0,1.7320508075688772
555.0,1.7320508075688772
556.0,1.7320508075688772
557.0,1.7320508075688772
558.0,1.7320508075688772
559.0,1.7320508075688772
560.0,1.7320508075688772
561.0,1.7320508075688772
562.0,1.7320508075688772
563.0,1.7320508075688772
564.0,1.7320508075688772
565.0,1.7320508075688772
566.0,1.7320508075688772
567.0,1.7320508075688772
568.0,1.7320508075688772
569.0,1.7320508075688772
570.0,1.7320508075688772
571.0,1.7320508075688772
572.0,1.7320508075688772
573.0,1.7320508075688772
574.0,1.7320508075688772
575.0,1.7320508075688772
576.0,1.4142135623730951
577.0,1.4142135623730951
578.0,1.4142135623730951
579.0,1.4142135623730951
580.0,1.4142135623730951
581.0,1.4142135623730951
582.0,1.4142135623730951
583.0,1.4142135623730951
584.0,1.4142135623730951
585.0,1.4142135623730951
586.0,1.4142135623730951
587.0,1.4142135623730951
588.0,1.4142135623730951
589.0,1.4142135623730951
590.0,1.4142135623730951
591.0,1.4142135623730951
592.0,1.4142135623730951
593.0,1.4142135623730951
594.0,1.4142135623730951
595.0,1.4142135623730951
596.0,1.4142135623730951
597.0,1.4142135623730951
598.0,1.4142135623730951
599.0,1.4142135623730951
600.0,1.4142135623730951
601.0,1.4142135623730951
602.0,1.4142135623730951
603.0,1.4142135623730951
604.0,1.4142135623730951
605.0,1.4142135623730951
606.0,1.4142135623730951
607.0,1.4142135623730951
608.0,1.4142135623730951
609.0,1.4142135623730951
610.0,1.4142135623730951
611.0,1.4142135623730951
612.0,1.4142135623730951
613.0,1.4142135623730951
614.0,1.4142135623730951
615.0,1.4142135623730951
616.0,1.4142135623730951
617.0,1.4142135623730951
618.0,1.4142135623730951
619.0,1.4142135623730951
620.0,1.4142135623730951
621.0,1.4142135623730951
622.0,1.4142135623730951
623.0,1.4142135623730951
624.0,1.4142135623730951
625.0,1.4142135623730951
626.0,1.4142135623730951
627.0,1.4142135623730951
628.0,1.4142135623730951
629.0,1.4142135623730951
630.0,1.4142135623730951
631.0,1.4142135623730951
632.0,1.4142135623730951
633.0,1.4142135623730951
634.0,1.4142135623730951
635.0,1.4142135623730951
636.0,1.4142135623730951
637.0,1.4142135623730951
638.0,1.4142135623730951
639.0,1.4142135623730951
640.0,1.4142135623730951
641.0,1.4142135623730951
642.0,1.4142135623730951
643.0,1.4142135623730951
644.0,1.4142135623730951
645.0,1.4142135623730951
646.0,1.4142135623730951
647.0,1.4142135623730951
648.0,1.4142135623730951
649.0,1.4142135623730951
650.0,1.4142135623730951
651.0,1.4142135623730951
652.0,1.4142135623730951
653.0,1.4142135623730951
654.0,1.4142135623730951
655.0,1.4142135623730951
656.0,1.4142135623730951
657.0,1.4142135623730951
658.0,1.4142135623730951
659.0,1.4142135623730951
660.0,1.4142135623730951
661.0,1.4142135623730951
662.0,1.4142135623730951
663.0,1.4142135623730951
664.0,1.4142135623730951
665.0,1.4142135623730951
666.0,1.4142135623730951
667.0,1.4142135623730951
668.0,1.4142135623730951
669.0,1.4142135623730951
670.0,1.4142135623730951
671.0,1.4142135623730951
672.0,1.4142135623730951
673.0,1.4142135623730951
674.0,1.4142135623730951
675.0,1.4142135623730951
676.0,1.4142135623730951
677.0,1.4142135623730951
678.0,1.4142135623730951
679.0,1.4142135623730951
680.0,1.4142135623730951
681.0,1.4142135623730951
682.0,1.4142135623730951
683.0,1.4142135623730951
684.0,1.4142135623730951
685.0,1.4142135623730951
686.0,1.4142135623730951
687.0,1.4142135623730951
688.0,1.4142135623730951
689.0,1.4142135623730951
690.0,1.4142135623730951
691.0,1.4142135623730951
692.0,1.4142135623730951
693.0,1.4142135623730951
694.0,1.4142135623730951
695.0,1.4142135623730951
696.0,1.4142135623730951
697.0,1.4142135623730951
698.0,1.4142135623730951
699.0,1.4142135623730951
700.0,1.4142135623730951
701.0,1.4142135623730951
702.0,1.4142135623730951
703.0,1.4142135623730951
704.0,1.4142135623730951
705.0,1.4142135623730951
706.0,1.4142135623730951
707.0,1.4142135623730951
708.0,1.4142135623730951
709.0,1.4142135623730951
710.0,1.4142135623730951
711.0,1.4142135623730951
712.0,1.4142135623730951
713.0,1.4142135623730951
714.0,1.4142135623730951
715.0,1.4142135623730951
716.0,1.4142135623730951
717.0,1.4142135623730951
718.0,1.4142135623730951
719.0,1.4142135623730951
720.0,1.4142135623730951
721.0,1.4142135623730951
722.0,1.4142135623730951
723.0,1.4142135623730951
724.0,1.4142135623730951
725.0,1.4142135623730951
726.0,1.4142135623730951
727.0,1.4142135623730951
728.0,1.4142135623730951
729.0,1.4142135623730951
730.0,1.4142135623730951
731.0,1.4142135623730951
732.0,1.4142135623730951
733.0,1.4142135623730951
734.0,1.4142135623730951
735.0,1.4142135623730951
736.0,1.4142135623730951
737.0,1.4142135623730951
738.0,1.4142135623730951
739.0,1.4142135623730951
740.0,1.4142135623730951
741.0,1.4142135623730951
742.0,1.4142135623730951
743.0,1.4142135623730951
744.0,1.4142135623730951
745.0,1.4142135623730951
746.0,1.4142135623730951
747.0,1.4142135623730951
748.0,1.4142135623730951
749.0,1.4142135623730951
750.0,1.4142135623730951
751.0,1.4142135623730951
752.0,1.4142135623730951
753.0,1.4142135623730951
754.0,1.4142135623730951
755.0,1.4142135623730951
756.0,1.4142135623730951
757.0,1.4142135623730951
758.0,1.4142135623730951
759.0,1.4142135623730951
760.0,1.4142135623730951
761.0,1.4142135623730951
762.0,1.4142135623730951
763.0,1.4142135623730951
764.0,1.4142135623730951
765.0,1.4142135623730951
766.0,1.4142135623730951
767.0,1.4142135623730951
768.0,1.4142135623730951
769.0,1.4142135623730951
770.0,1.4142135623730951
771.0,1.4142135623730951
772.0,1.4142135623730951
773.0,1.4142135623730951
774.0,1.4142135623730951
775.0,1.4142135623730951
776.0,1.4142135623730951
777.0,1.4142135623730951
778.0,1.4142135623730951
779.0,1.4142135623730951
780.0,1.4142135623730951
781.0,1.4142135623730951
782.0,1.4142135623730951
783.0,1.4142135623730951
784.0,1.4142135623730951
785.0,1.4142135623730951
786.0,1.4142135623730951
787.0,1.4142135623730951
788.0,1.4142135623730951
789.0,1.4142135623730951
790.0,1.4142135623730951
791.0,1.4142135623730951
792.0,1.4142135623730951
793.0,1.4142135623730951
794.0,1.4142135623730951
795.0,1.4142135623730951
796.0,1.4142135623730951
797.0,1.4142135623730951
798.0,1.4142135623730951
799.0,1.4142135623730951
800.0,1.4142135623730951
801.0,1.4142135623730951
802.0,1.4142135623730951
803.0,1.4142135623730951
804.0,1.4142135623730951
805.0,1.4142135623730951
806.0,1.4142135623730951
807.0,1.4142135623730951
808.0,1.4142135623730951
809.0,1.4142135623730951
810.0,1.4142135623730951
811.0,1.4142135623730951
812.0,1.0
813.0,1.0
814.0,1.0
815.0,1.0
816.0,1.0
817.0,1.0
818.0,1.0
819.0,1.0
820.0,1.0
821.0,1.0
822.0,1.0
823.0,1.0
824.0,1.0
825.0,1.0
826.0,1.0
827.0,1.0
828.0,1.0
829.0,1.0
830.0,1.0
831.0,1.0
832.0,1.0
833.0,1.0
834.0,1.0
835.0,1.0
836.0,1.0
837.0,1.0
838.0,1.0
839.0,1.0
840.0,1.0
841.0,1.0
842.0,1.0
843.0,1.0
844.0,1.0
845.0,1.0
846.0,1.0
847.0,1.0
848.0,1.0
849.0,1.0
850.0,1.0
851.0,1.0
852.0,1.0
853.0,1.0
854.0,1.0
855.0,1.0
856.0,1.0
857.0,1.0
858.0,1.0
859.0,1.0
860.0,1.0
861.0,1.0
862.0,1.0
863.0,1.0
864.0,1.0
865.0,1.0
866.0,1.0
867.0,1.0
868.0,1.0
869.0,1.0
870.0,1.0
871.0,1.0
872.0,1.0
873.0,1.0
874.0,1.0
875.0,1.0
876.0,1.0
877.0,1.0
878.0,1.0
879.0,1.0
880.0,1.0
881.0,1.0
882.0,1.0
883.0,1.0
884.0,1.0
885.0,1.0
886.0,1.0
887.0,1.0
888.0,1.0
889.0,1.0
890.0,1.0
891.0,1.0
892.0,1.0
893.0,1.0
894.0,1.0
895.0,1.0
896.0,1.0
897.0,1.0
898.0,1.0
899.0,1.0
900.0,1.0
901.0,1.0
902.0,1.0
903.0,1.0
904.0,1.0
905.0,1.0
906.0,1.0
907.0,1.0
908.0,1.0
909.0,1.0
910.0,1.0
911.0,1.0
912.0,1.0
913.0,1.0
914.0,1.0
915.0,1.0
916.0,1.0
917.0,1.0
918.0,1.0
919.0,1.0
920.0,1.0
921.0,1.0
922.0,1.0
923.0,1.0
924.0,1.0
925.0,1.0
926.0,1.0
927.0,1.0
928.0,1.0
929.0,1.0
930.0,1.0
931.0,1.0
932.0,1.0
933.0,1.0
934.0,1.0
935.0,1.0
936.0,1.0
937.0,1.0
938.0,1.0
939.0,1.0
940.0,1.0
941.0,1.0
942.0,1.0
943.0,1.0
944.0,1.0
945.0,1.0
946.0,1.0
947.0,1.0
948.0,1.0
949.0,1.0
950.0,1.0
951.0,1.0
952.0,1.0
953.0,1.0
954.0,1.0
955.0,1.0
956.0,1.0
957.0,1.0
958.0,1.0
959.0,1.0
960.0,1.0
961.0,1.0
962.0,1.0
963.0,1.0
964.0,1.0
965.0,1.0
966.0,1.0
967.0,1.0
968.0,1.0
969.0,1.0
970.0,1.0
971.0,1.0
972.0,1.0
973.0,1.0
974.0,1.0
975.0,1.0
976.0,1.0
977.0,1.0
978.0,1.0
979.0,1.0
979.0,0.0
