Iteration,Fitness
2.0,58.36951259004995
3.0,58.36951259004995
4.0,40.76763422127902
5.0,40.76763422127902
6.0,39.102429592034305
7.0,37.33630940518894
8.0,34.75629439396553
9.0,32.264531609803356
10.0,32.264531609803356
11.0,32.03123475609393
12.0,29.899832775452108
13.0,27.09243436828813
14.0,23.958297101421877
15.0,23.958297101421877
16.0,23.958297101421877
17.0,23.958297101421877
18.0,21.0
19.0,21.0
20.0,21.0
21.0,21.0
22.0,19.621416870348583
23.0,19.621416870348583
24.0,19.621416870348583
25.0,19.026297590440446
26.0,19.026297590440446
27.0,19.026297590440446
28.0,19.026297590440446
29.0,19.026297590440446
30.0,19.026297590440446
31.0,19.026297590440446
32.0,19.026297590440446
33.0,19.0
34.0,12.884098726725126
35.0,12.884098726725126
36.0,12.884098726725126
37.0,12.884098726725126
38.0,12.884098726725126
39.0,12.884098726725126
40.0,12.884098726725126
41.0,12.884098726725126
42.0,12.884098726725126
43.0,12.884098726725126
44.0,12.884098726725126
45.0,12.884098726725126
46.0,12.884098726725126
47.0,12.884098726725126
48.0,12.884098726725126
49.0,12.884098726725126
50.0,12.884098726725126
51.0,12.884098726725126
52.0,12.884098726725126
53.0,12.884098726725126
54.0,12.884098726725126
55.0,12.884098726725126
56.0,12.884098726725126
57.0,12.884098726725126
58.0,12.884098726725126
59.0,12.884098726725126
60.0,12.884098726725126
61.0,12.884098726725126
62.0,12.884098726725126
63.0,12.884098726725126
64.0,12.68857754044952
65.0,12.68857754044952
66.0,12.68857754044952
67.0,11.575836902790225
68.0,10.04987562112089
69.0,10.04987562112089
70.0,10.04987562112089
71.0,10.04987562112089
72.0,8.12403840463596
73.0,8.12403840463596
74.0,8.12403840463596
75.0,8.12403840463596
76.0,8.12403840463596
77.0,8.12403840463596
78.0,8.12403840463596
79.0,8.12403840463596
80.0,8.12403840463596
81.0,8.12403840463596
82.0,8.12403840463596
83.0,8.12403840463596
84.0,8.12403840463596
85.0,8.12403840463596
86.0,8.12403840463596
87.0,8.12403840463596
88.0,8.12403840463596
89.0,8.12403840463596
90.0,8.12403840463596
91.0,8.12403840463596
92.0,8.12403840463596
93.0,8.12403840463596
94.0,8.12403840463596
95.0,8.12403840463596
96.0,8.12403840463596
97.0,8.12403840463596
98.0,8.06225774829855
99.0,8.06225774829855
100.0,8.06225774829855
101.0,8.06225774829855
102.0,8.06225774829855
103.0,8.06225774829855
104.0,8.06225774829855
105.0,8.06225774829855
106.0,8.06225774829855
107.0,7.483314773547883
108.0,7.483314773547883
109.0,7.483314773547883
110.0,7.483314773547883
111.0,6.6332495807108
112.0,6.6332495807108
113.0,6.6332495807108
114.0,6.0
115.0,6.0
116.0,6.0
117.0,6.0
118.0,6.0
119.0,6.0
120.0,6.0
121.0,6.0
122.0,6.0
123.0,6.0
124.0,6.0
125.0,6.0
126.0,6.0
127.0,6.0
128.0,5.916079783099616
129.0,5.916079783099616
130.0,5.916079783099616
131.0,5.916079783099616
132.0,5.916079783099616
133.0,5.916079783099616
134.0,5.916079783099616
135.0,5.916079783099616
136.0,5.916079783099616
137.0,5.916079783099616
138.0,5.916079783099616
139.0,5.656854249492381
140.0,5.656854249492381
141.0,5.656854249492381
142.0,5.656854249492381
143.0,5.656854249492381
144.0,5.656854249492381
145.0,5.656854249492381
146.0,5.656854249492381
147.0,5.656854249492381
148.0,5.656854249492381
149.0,5.656854249492381
150.0,5.656854249492381
151.0,5.656854249492381
152.0,5.656854249492381
153.0,5.656854249492381
154.0,5.656854249492381
155.0,5.656854249492381
156.0,5.656854249492381
157.0,5.656854249492381
158.0,5.656854249492381
159.0,5.385164807134504
160.0,5.385164807134504
161.0,5.385164807134504
162.0,5.385164807134504
163.0,5.385164807134504
164.0,4.898979485566356
165.0,4.898979485566356
166.0,4.898979485566356
167.0,4.898979485566356
168.0,4.898979485566356
169.0,4.898979485566356
170.0,4.898979485566356
171.0,4.898979485566356
172.0,4.898979485566356
173.0,4.898979485566356
174.0,4.898979485566356
175.0,4.898979485566356
176.0,4.898979485566356
177.0,4.898979485566356
178.0,4.898979485566356
179.0,4.898979485566356
180.0,4.898979485566356
181.0,4.898979485566356
182.0,4.898979485566356
183.0,4.898979485566356
184.0,4.898979485566356
185.0,4.898979485566356
186.0,4.898979485566356
187.0,4.898979485566356
188.0,4.898979485566356
189.0,4.898979485566356
190.0,4.898979485566356
191.0,4.898979485566356
192.0,4.898979485566356
193.0,4.898979485566356
194.0,4.898979485566356
195.0,4.898979485566356
196.0,4.898979485566356
197.0,4.242640687119285
198.0,4.242640687119285
199.0,4.242640687119285
200.0,4.242640687119285
201.0,4.242640687119285
202.0,4.242640687119285
203.0,4.242640687119285
204.0,4.242640687119285
205.0,4.242640687119285
206.0,4.242640687119285
207.0,4.242640687119285
208.0,4.242640687119285
209.0,4.242640687119285
210.0,4.242640687119285
211.0,4.242640687119285
212.0,4.242640687119285
213.0,4.242640687119285
214.0,4.242640687119285
215.0,4.242640687119285
216.0,4.242640687119285
217.0,4.242640687119285
218.0,4.242640687119285
219.0,4.242640687119285
220.0,4.242640687119285
221.0,4.242640687119285
222.0,4.242640687119285
223.0,4.242640687119285
224.0,4.242640687119285
225.0,4.242640687119285
226.0,4.242640687119285
227.0,4.242640687119285
228.0,4.242640687119285
229.0,4.242640687119285
230.0,4.242640687119285
231.0,4.242640687119285
232.0,4.242640687119285
233.0,4.242640687119285
234.0,4.242640687119285
235.0,4.242640687119285
236.0,4.242640687119285
237.0,4.242640687119285
238.0,4.242640687119285
239.0,4.242640687119285
240.0,4.242640687119285
241.0,4.242640687119285
242.0,4.242640687119285
243.0,4.242640687119285
244.0,4.242640687119285
245.0,4.242640687119285
246.0,4.242640687119285
247.0,4.242640687119285
248.0,4.242640687119285
249.0,4.242640687119285
250.0,4.242640687119285
251.0,4.242640687119285
252.0,4.242640687119285
253.0,4.242640687119285
254.0,4.242640687119285
255.0,4.242640687119285
256.0,4.242640687119285
257.0,4.242640687119285
258.0,4.242640687119285
259.0,4.242640687119285
260.0,4.242640687119285
261.0,4.242640687119285
262.0,4.242640687119285
263.0,4.242640687119285
264.0,4.242640687119285
265.0,4.242640687119285
266.0,4.242640687119285
267.0,4.242640687119285
268.0,4.242640687119285
269.0,4.242640687119285
270.0,4.242640687119285
271.0,4.242640687119285
272.0,4.242640687119285
273.0,4.242640687119285
274.0,4.242640687119285
275.0,4.242640687119285
276.0,4.242640687119285
277.0,4.242640687119285
278.0,4.242640687119285
279.0,4.242640687119285
280.0,4.242640687119285
281.0,4.242640687119285
282.0,4.242640687119285
283.0,4.242640687119285
284.0,4.242640687119285
285.0,4.242640687119285
286.0,4.242640687119285
287.0,4.242640687119285
288.0,4.242640687119285
289.0,4.242640687119285
290.0,4.242640687119285
291.0,4.242640687119285
292.0,4.242640687119285
293.0,4.242640687119285
294.0,4.242640687119285
295.0,4.242640687119285
296.0,4.242640687119285
297.0,4.242640687119285
298.0,4.242640687119285
299.0,4.242640687119285
300.0,4.123105625617661
301.0,4.123105625617661
302.0,4.123105625617661
303.0,4.123105625617661
304.0,4.123105625617661
305.0,4.123105625617661
306.0,4.123105625617661
307.0,4.123105625617661
308.0,4.123105625617661
309.0,4.123105625617661
310.0,4.123105625617661
311.0,4.123105625617661
312.0,4.123105625617661
313.0,4.123105625617661
314.0,4.123105625617661
315.0,4.123105625617661
316.0,4.123105625617661
317.0,4.123105625617661
318.0,4.123105625617661
319.0,4.123105625617661
320.0,4.123105625617661
321.0,4.123105625617661
322.0,4.123105625617661
323.0,4.123105625617661
324.0,4.123105625617661
325.0,4.123105625617661
326.0,4.123105625617661
327.0,4.123105625617661
328.0,4.123105625617661
329.0,4.123105625617661
330.0,4.123105625617661
331.0,4.123105625617661
332.0,4.123105625617661
333.0,4.123105625617661
334.0,4.123105625617661
335.0,4.123105625617661
336.0,4.123105625617661
337.0,4.123105625617661
338.0,4.123105625617661
339.0,4.123105625617661
340.0,4.123105625617661
341.0,4.123105625617661
342.0,4.123105625617661
343.0,4.123105625617661
344.0,4.123105625617661
345.0,4.123105625617661
346.0,4.123105625617661
347.0,4.123105625617661
348.0,4.123105625617661
349.0,4.123105625617661
350.0,4.123105625617661
351.0,4.123105625617661
352.0,4.123105625617661
353.0,4.123105625617661
354.0,4.123105625617661
355.0,4.123105625617661
356.0,4.123105625617661
357.0,4.123105625617661
358.0,4.123105625617661
359.0,4.123105625617661
360.0,4.123105625617661
361.0,4.123105625617661
362.0,4.123105625617661
363.0,4.123105625617661
364.0,4.123105625617661
365.0,4.123105625617661
366.0,4.123105625617661
367.0,4.123105625617661
368.0,4.123105625617661
369.0,4.123105625617661
370.0,4.123105625617661
371.0,4.123105625617661
372.0,4.123105625617661
373.0,4.123105625617661
374.0,4.123105625617661
375.0,4.123105625617661
376.0,4.123105625617661
377.0,4.123105625617661
378.0,4.123105625617661
379.0,4.123105625617661
380.0,4.123105625617661
381.0,4.123105625617661
382.0,4.123105625617661
383.0,4.123105625617661
384.0,4.123105625617661
385.0,4.123105625617661
386.0,4.123105625617661
387.0,4.123105625617661
388.0,4.123105625617661
389.0,4.123105625617661
390.0,4.123105625617661
391.0,4.123105625617661
392.0,4.123105625617661
393.0,4.123105625617661
394.0,4.123105625617661
395.0,4.123105625617661
396.0,4.0
397.0,4.0
398.0,4.0
399.0,4.0
400.0,4.0
401.0,4.0
402.0,4.0
403.0,4.0
404.0,4.0
405.0,4.0
406.0,4.0
407.0,4.0
408.0,4.0
409.0,3.605551275463989
410.0,3.605551275463989
411.0,3.605551275463989
412.0,3.605551275463989
413.0,3.605551275463989
414.0,3.605551275463989
415.0,3.605551275463989
416.0,3.605551275463989
417.0,3.605551275463989
418.0,3.605551275463989
419.0,3.605551275463989
420.0,3.605551275463989
421.0,3.605551275463989
422.0,3.605551275463989
423.0,3.605551275463989
424.0,3.605551275463989
425.0,3.605551275463989
426.0,3.605551275463989
427.0,3.605551275463989
428.0,3.605551275463989
429.0,3.605551275463989
430.0,3.605551275463989
431.0,3.605551275463989
432.0,3.605551275463989
433.0,3.605551275463989
434.0,3.605551275463989
435.0,3.605551275463989
436.0,3.605551275463989
437.0,3.605551275463989
438.0,3.605551275463989
439.0,3.605551275463989
440.0,3.605551275463989
441.0,3.605551275463989
442.0,3.605551275463989
443.0,3.605551275463989
444.0,3.605551275463989
445.0,3.605551275463989
446.0,3.605551275463989
447.0,3.605551275463989
448.0,3.605551275463989
449.0,3.605551275463989
450.0,3.605551275463989
451.0,3.605551275463989
452.0,3.605551275463989
453.0,3.605551275463989
454.0,3.605551275463989
455.0,3.605551275463989
456.0,3.605551275463989
457.0,3.605551275463989
458.0,3.1622776601683795
459.0,3.1622776601683795
460.0,3.1622776601683795
461.0,3.1622776601683795
462.0,3.1622776601683795
463.0,3.1622776601683795
464.0,3.1622776601683795
465.0,3.1622776601683795
466.0,3.0
467.0,3.0
468.0,3.0
469.0,3.0
470.0,3.0
471.0,3.0
472.0,3.0
473.0,3.0
474.0,3.0
475.0,3.0
476.0,3.0
477.0,3.0
478.0,3.0
479.0,3.0
480.0,3.0
481.0,3.0
482.0,3.0
483.0,3.0
484.0,3.0
485.0,3.0
486.0,3.0
487.0,3.0
488.0,3.0
489.0,3.0
490.0,3.0
491.0,3.0
492.0,3.0
493.0,3.0
494.0,3.0
495.0,3.0
496.0,3.0
497.0,3.0
498.0,3.0
499.0,3.0
500.0,3.0
501.0,3.0
502.0,3.0
503.0,3.0
504.0,3.0
505.0,3.0
506.0,3.0
507.0,3.0
508.0,3.0
509.0,3.0
510.0,3.0
511.0,3.0
512.0,3.0
513.0,3.0
514.0,3.0
515.0,3.0
516.0,3.0
517.0,3.0
518.0,3.0
519.0,3.0
520.0,3.0
521.0,3.0
522.0,3.0
523.0,3.0
524.0,3.0
525.0,3.0
526.0,3.0
527.0,3.0
528.0,3.0
529.0,3.0
530.0,3.0
531.0,3.0
532.0,3.0
533.0,3.0
534.0,3.0
535.0,3.0
536.0,3.0
537.0,3.0
538.0,3.0
539.0,3.0
540.0,3.0
541.0,3.0
542.0,3.0
543.0,3.0
544.0,3.0
545.0,3.0
546.0,3.0
547.0,3.0
548.0,3.0
549.0,3.0
550.0,3.0
551.0,3.0
552.0,3.0
553.0,3.0
554.0,3.0
555.0,3.0
556.0,3.0
557.0,3.0
558.0,3.0
559.0,3.0
560.0,3.0
561.0,3.0
562.0,3.0
563.0,3.0
564.0,3.0
565.0,3.0
566.0,3.0
567.0,3.0
568.0,3.0
569.0,3.0
570.0,3.0
571.0,3.0
572.0,3.0
573.0,3.0
574.0,3.0
575.0,3.0
576.0,3.0
577.0,3.0
578.0,3.0
579.0,3.0
580.0,3.0
581.0,3.0
582.0,3.0
583.0,3.0
584.0,3.0
585.0,3.0
586.0,3.0
587.0,3.0
588.0,3.0
589.0,3.0
590.0,3.0
591.0,3.0
592.0,3.0
593.0,3.0
594.0,3.0
595.0,2.6457513110645907
596.0,2.6457513110645907
597.0,2.6457513110645907
598.0,2.6457513110645907
599.0,2.6457513110645907
600.0,2.6457513110645907
601.0,2.6457513110645907
602.0,2.6457513110645907
603.0,2.6457513110645907
604.0,2.6457513110645907
605.0,2.6457513110645907
606.0,2.6457513110645907
607.0,2.6457513110645907
608.0,2.6457513110645907
609.0,2.6457513110645907
610.0,2.6457513110645907
611.0,2.6457513110645907
612.0,2.6457513110645907
613.0,2.6457513110645907
614.0,2.6457513110645907
615.0,2.6457513110645907
616.0,2.6457513110645907
617.0,2.6457513110645907
618.0,2.6457513110645907
619.0,2.6457513110645907
620.0,2.6457513110645907
621.0,2.6457513110645907
622.0,2.6457513110645907
623.0,2.6457513110645907
624.0,2.6457513110645907
625.0,2.6457513110645907
626.0,2.6457513110645907
627.0,2.6457513110645907
628.0,2.6457513110645907
629.0,2.6457513110645907
630.0,2.6457513110645907
631.0,2.449489742783178
632.0,2.449489742783178
633.0,2.449489742783178
634.0,2.449489742783178
635.0,2.449489742783178
636.0,2.449489742783178
637.0,2.449489742783178
638.0,2.449489742783178
639.0,2.449489742783178
640.0,2.449489742783178
641.0,2.449489742783178
642.0,2.449489742783178
643.0,2.449489742783178
644.0,2.449489742783178
645.0,2.449489742783178
646.0,2.449489742783178
647.0,2.449489742783178
648.0,2.449489742783178
649.0,2.449489742783178
650.0,2.449489742783178
651.0,2.449489742783178
652.0,2.449489742783178
653.0,2.449489742783178
654.0,2.449489742783178
655.0,2.449489742783178
656.0,2.449489742783178
657.0,2.449489742783178
658.0,2.449489742783178
659.0,2.449489742783178
660.0,2.449489742783178
661.0,2.449489742783178
662.0,2.449489742783178
663.0,2.449489742783178
664.0,2.449489742783178
665.0,2.449489742783178
666.0,2.449489742783178
667.0,2.449489742783178
668.0,2.449489742783178
669.0,2.449489742783178
670.0,2.449489742783178
671.0,2.449489742783178
672.0,2.449489742783178
673.0,2.449489742783178
674.0,2.449489742783178
675.0,2.449489742783178
676.0,2.449489742783178
677.0,2.449489742783178
678.0,2.449489742783178
679.0,2.449489742783178
680.0,2.449489742783178
681.0,2.449489742783178
682.0,2.449489742783178
683.0,2.449489742783178
684.0,2.449489742783178
685.0,2.449489742783178
686.0,2.449489742783178
687.0,2.449489742783178
688.0,2.449489742783178
689.0,2.449489742783178
690.0,2.449489742783178
691.0,2.23606797749979
692.0,2.23606797749979
693.0,2.23606797749979
694.0,2.23606797749979
695.0,2.23606797749979
696.0,2.23606797749979
697.0,2.23606797749979
698.0,2.0
699.0,2.0
700.0,2.0
701.0,2.0
702.0,2.0
703.0,2.0
704.0,2.0
705.0,2.0
706.0,2.0
707.0,2.0
708.0,2.0
709.0,2.0
710.0,2.0
711.0,2.0
712.0,2.0
713.0,2.0
714.0,2.0
715.0,2.0
716.0,2.0
717.0,2.0
718.0,2.0
719.0,2.0
720.0,2.0
721.0,2.0
722.0,2.0
723.0,2.0
724.0,2.0
725.0,2.0
726.0,2.0
727.0,2.0
728.0,2.0
729.0,2.0
730.0,2.0
731.0,2.0
732.0,2.0
733.0,2.0
734.0,2.0
735.0,2.0
736.0,2.0
737.0,2.0
738.0,2.0
739.0,2.0
740.0,2.0
741.0,2.0
742.0,2.0
743.0,2.0
744.0,2.0
745.0,2.0
746.0,2.0
747.0,2.0
748.0,2.0
749.0,2.0
750.0,2.0
751.0,2.0
752.0,2.0
753.0,2.0
754.0,2.0
755.0,2.0
756.0,2.0
757.0,2.0
758.0,2.0
759.0,2.0
760.0,2.0
761.0,2.0
762.0,2.0
763.0,2.0
764.0,2.0
765.0,1.7320508075688772
766.0,1.7320508075688772
767.0,1.7320508075688772
768.0,1.7320508075688772
769.0,1.7320508075688772
770.0,1.7320508075688772
771.0,1.7320508075688772
772.0,1.7320508075688772
773.0,1.7320508075688772
774.0,1.7320508075688772
775.0,1.7320508075688772
776.0,1.7320508075688772
777.0,1.7320508075688772
778.0,1.7320508075688772
779.0,1.7320508075688772
780.0,1.7320508075688772
781.0,1.7320508075688772
782.0,1.7320508075688772
783.0,1.7320508075688772
784.0,1.7320508075688772
785.0,1.7320508075688772
786.0,1.7320508075688772
787.0,1.7320508075688772
788.0,1.7320508075688772
789.0,1.7320508075688772
790.0,1.7320508075688772
791.0,1.7320508075688772
792.0,1.7320508075688772
793.0,1.7320508075688772
794.0,1.7320508075688772
795.0,1.7320508075688772
796.0,1.7320508075688772
797.0,1.7320508075688772
798.0,1.7320508075688772
799.0,1.7320508075688772
800.0,1.7320508075688772
801.0,1.7320508075688772
802.0,1.7320508075688772
803.0,1.7320508075688772
804.0,1.7320508075688772
805.0,1.7320508075688772
806.0,1.7320508075688772
807.0,1.7320508075688772
808.0,1.7320508075688772
809.0,1.7320508075688772
810.0,1.7320508075688772
811.0,1.7320508075688772
812.0,1.7320508075688772
813.0,1.7320508075688772
814.0,1.7320508075688772
815.0,1.7320508075688772
816.0,1.7320508075688772
817.0,1.7320508075688772
818.0,1.7320508075688772
819.0,1.7320508075688772
820.0,1.7320508075688772
821.0,1.7320508075688772
822.0,1.7320508075688772
823.0,1.7320508075688772
824.0,1.7320508075688772
825.0,1.7320508075688772
826.0,1.7320508075688772
827.0,1.7320508075688772
828.0,1.7320508075688772
829.0,1.7320508075688772
830.0,1.7320508075688772
831.0,1.7320508075688772
832.0,1.7320508075688772
833.0,1.7320508075688772
834.0,1.7320508075688772
835.0,1.7320508075688772
836.0,1.7320508075688772
837.0,1.7320508075688772
838.0,1.7320508075688772
839.0,1.7320508075688772
840.0,1.7320508075688772
841.0,1.7320508075688772
842.0,1.7320508075688772
843.0,1.7320508075688772
844.0,1.7320508075688772
845.0,1.7320508075688772
846.0,1.7320508075688772
847.0,1.7320508075688772
848.0,1.7320508075688772
849.0,1.7320508075688772
850.0,1.7320508075688772
851.0,1.7320508075688772
852.0,1.7320508075688772
853.0,1.7320508075688772
854.0,1.7320508075688772
855.0,1.7320508075688772
856.0,1.7320508075688772
857.0,1.7320508075688772
858.0,1.7320508075688772
859.0,1.7320508075688772
860.0,1.7320508075688772
861.0,1.7320508075688772
862.0,1.7320508075688772
863.0,1.7320508075688772
864.0,1.7320508075688772
865.0,1.7320508075688772
866.0,1.7320508075688772
867.0,1.7320508075688772
868.0,1.7320508075688772
869.0,1.7320508075688772
870.0,1.7320508075688772
871.0,1.7320508075688772
872.0,1.7320508075688772
873.0,1.7320508075688772
874.0,1.7320508075688772
875.0,1.7320508075688772
876.0,1.7320508075688772
877.0,1.7320508075688772
878.0,1.7320508075688772
879.0,1.7320508075688772
880.0,1.7320508075688772
881.0,1.7320508075688772
882.0,1.7320508075688772
883.0,1.7320508075688772
884.0,1.7320508075688772
885.0,1.7320508075688772
886.0,1.7320508075688772
887.0,1.7320508075688772
888.0,1.7320508075688772
889.0,1.7320508075688772
890.0,1.7320508075688772
891.0,1.7320508075688772
892.0,1.7320508075688772
893.0,1.7320508075688772
894.0,1.7320508075688772
895.0,1.7320508075688772
896.0,1.7320508075688772
897.0,1.7320508075688772
898.0,1.7320508075688772
899.0,1.7320508075688772
900.0,1.7320508075688772
901.0,1.7320508075688772
902.0,1.7320508075688772
903.0,1.7320508075688772
904.0,1.7320508075688772
905.0,1.7320508075688772
906.0,1.7320508075688772
907.0,1.7320508075688772
908.0,1.7320508075688772
909.0,1.7320508075688772
910.0,1.7320508075688772
911.0,1.7320508075688772
912.0,1.7320508075688772
913.0,1.7320508075688772
914.0,1.7320508075688772
915.0,1.7320508075688772
916.0,1.7320508075688772
917.0,1.7320508075688772
918.0,1.7320508075688772
919.0,1.7320508075688772
920.0,1.7320508075688772
921.0,1.7320508075688772
922.0,1.7320508075688772
923.0,1.7320508075688772
924.0,1.7320508075688772
925.0,1.7320508075688772
926.0,1.7320508075688772
927.0,1.7320508075688772
928.0,1.7320508075688772
929.0,1.7320508075688772
930.0,1.7320508075688772
931.0,1.7320508075688772
932.0,1.7320508075688772
933.0,1.7320508075688772
934.0,1.7320508075688772
935.0,1.7320508075688772
936.0,1.7320508075688772
937.0,1.7320508075688772
938.0,1.7320508075688772
939.0,1.7320508075688772
940.0,1.7320508075688772
941.0,1.7320508075688772
942.0,1.7320508075688772
943.0,1.7320508075688772
944.0,1.7320508075688772
945.0,1.7320508075688772
946.0,1.7320508075688772
947.0,1.7320508075688772
948.0,1.7320508075688772
949.0,1.7320508075688772
950.0,1.7320508075688772
951.0,1.7320508075688772
952.0,1.7320508075688772
953.0,1.7320508075688772
954.0,1.7320508075688772
955.0,1.7320508075688772
956.0,1.7320508075688772
957.0,1.7320508075688772
958.0,1.7320508075688772
959.0,1.7320508075688772
960.0,1.7320508075688772
961.0,1.7320508075688772
962.0,1.7320508075688772
963.0,1.7320508075688772
964.0,1.7320508075688772
965.0,1.7320508075688772
966.0,1.7320508075688772
967.0,1.7320508075688772
968.0,1.7320508075688772
969.0,1.7320508075688772
970.0,1.7320508075688772
971.0,1.7320508075688772
972.0,1.7320508075688772
973.0,1.7320508075688772
974.0,1.7320508075688772
975.0,1.7320508075688772
976.0,1.7320508075688772
977.0,1.7320508075688772
978.0,1.7320508075688772
979.0,1.7320508075688772
980.0,1.7320508075688772
981.0,1.7320508075688772
982.0,1.7320508075688772
983.0,1.7320508075688772
984.0,1.7320508075688772
985.0,1.7320508075688772
986.0,1.7320508075688772
987.0,1.7320508075688772
988.0,1.7320508075688772
989.0,1.7320508075688772
990.0,1.7320508075688772
991.0,1.7320508075688772
992.0,1.7320508075688772
993.0,1.7320508075688772
994.0,1.7320508075688772
995.0,1.7320508075688772
996.0,1.7320508075688772
997.0,1.7320508075688772
998.0,1.7320508075688772
999.0,1.7320508075688772
1000.0,1.7320508075688772
1001.0,1.7320508075688772
1002.0,1.7320508075688772
1003.0,1.7320508075688772
1004.0,1.7320508075688772
1005.0,1.7320508075688772
1006.0,1.7320508075688772
1007.0,1.7320508075688772
1008.0,1.7320508075688772
1009.0,1.7320508075688772
1010.0,1.7320508075688772
1011.0,1.7320508075688772
1012.0,1.7320508075688772
1013.0,1.7320508075688772
1014.0,1.7320508075688772
1015.0,1.7320508075688772
1016.0,1.7320508075688772
1017.0,1.7320508075688772
1018.0,1.7320508075688772
1019.0,1.7320508075688772
1020.0,1.7320508075688772
1021.0,1.7320508075688772
1022.0,1.7320508075688772
1023.0,1.7320508075688772
1024.0,1.7320508075688772
1025.0,1.7320508075688772
1026.0,1.7320508075688772
1027.0,1.7320508075688772
1028.0,1.7320508075688772
1029.0,1.7320508075688772
1030.0,1.7320508075688772
1031.0,1.7320508075688772
1032.0,1.7320508075688772
1033.0,1.7320508075688772
1034.0,1.7320508075688772
1035.0,1.7320508075688772
1036.0,1.7320508075688772
1037.0,1.7320508075688772
1038.0,1.7320508075688772
1039.0,1.7320508075688772
1040.0,1.7320508075688772
1041.0,1.7320508075688772
1042.0,1.7320508075688772
1043.0,1.7320508075688772
1044.0,1.7320508075688772
1045.0,1.7320508075688772
1046.0,1.7320508075688772
1047.0,1.7320508075688772
1048.0,1.7320508075688772
1049.0,1.7320508075688772
1050.0,1.7320508075688772
1051.0,1.7320508075688772
1052.0,1.7320508075688772
1053.0,1.7320508075688772
1054.0,1.4142135623730951
1055.0,1.4142135623730951
1056.0,1.4142135623730951
1057.0,1.4142135623730951
1058.0,1.4142135623730951
1059.0,1.4142135623730951
1060.0,1.4142135623730951
1061.0,1.4142135623730951
1062.0,1.4142135623730951
1063.0,1.4142135623730951
1064.0,1.4142135623730951
1065.0,1.4142135623730951
1066.0,1.4142135623730951
1067.0,1.4142135623730951
1068.0,1.4142135623730951
1069.0,1.4142135623730951
1070.0,1.4142135623730951
1071.0,1.4142135623730951
1072.0,1.4142135623730951
1073.0,1.4142135623730951
1074.0,1.4142135623730951
1075.0,1.4142135623730951
1076.0,1.4142135623730951
1077.0,1.4142135623730951
1078.0,1.4142135623730951
1079.0,1.4142135623730951
1080.0,1.4142135623730951
1081.0,1.4142135623730951
1082.0,1.4142135623730951
1083.0,1.4142135623730951
1084.0,1.4142135623730951
1085.0,1.4142135623730951
1086.0,1.4142135623730951
1087.0,1.4142135623730951
1088.0,1.4142135623730951
1089.0,1.4142135623730951
1090.0,1.4142135623730951
1091.0,1.4142135623730951
1092.0,1.4142135623730951
1093.0,1.4142135623730951
1094.0,1.4142135623730951
1095.0,1.4142135623730951
1096.0,1.4142135623730951
1097.0,1.4142135623730951
1098.0,1.4142135623730951
1099.0,1.4142135623730951
1100.0,1.4142135623730951
1101.0,1.4142135623730951
1102.0,1.4142135623730951
1103.0,1.4142135623730951
1104.0,1.4142135623730951
1105.0,1.4142135623730951
1106.0,1.4142135623730951
1107.0,1.4142135623730951
1108.0,1.4142135623730951
1109.0,1.4142135623730951
1110.0,1.4142135623730951
1111.0,1.4142135623730951
1112.0,1.4142135623730951
1113.0,1.4142135623730951
1114.0,1.4142135623730951
1115.0,1.4142135623730951
1116.0,1.4142135623730951
1117.0,1.4142135623730951
1118.0,1.4142135623730951
1119.0,1.4142135623730951
1120.0,1.4142135623730951
1121.0,1.4142135623730951
1122.0,1.4142135623730951
1123.0,1.4142135623730951
1124.0,1.4142135623730951
1125.0,1.4142135623730951
1126.0,1.4142135623730951
1127.0,1.4142135623730951
1128.0,1.4142135623730951
1129.0,1.4142135623730951
1130.0,1.4142135623730951
1131.0,1.4142135623730951
1132.0,1.4142135623730951
1133.0,1.4142135623730951
1134.0,1.4142135623730951
1135.0,1.4142135623730951
1136.0,1.4142135623730951
1137.0,1.4142135623730951
1138.0,1.4142135623730951
1139.0,1.4142135623730951
1140.0,1.4142135623730951
1141.0,1.4142135623730951
1142.0,1.4142135623730951
1143.0,1.4142135623730951
1144.0,1.4142135623730951
1145.0,1.4142135623730951
1146.0,1.4142135623730951
1147.0,1.4142135623730951
1148.0,1.4142135623730951
1149.0,1.4142135623730951
1150.0,1.4142135623730951
1151.0,1.4142135623730951
1152.0,1.4142135623730951
1153.0,1.4142135623730951
1154.0,1.4142135623730951
1155.0,1.4142135623730951
1156.0,1.4142135623730951
1157.0,1.4142135623730951
1158.0,1.4142135623730951
1159.0,1.4142135623730951
1160.0,1.0
1161.0,1.0
1162.0,1.0
1163.0,1.0
1164.0,1.0
1165.0,1.0
1166.0,1.0
1167.0,1.0
1168.0,1.0
1169.0,1.0
1170.0,1.0
1171.0,1.0
1172.0,1.0
1173.0,1.0
1174.0,1.0
1175.0,1.0
1176.0,1.0
1177.0,1.0
1178.0,1.0
1179.0,1.0
1180.0,1.0
1181.0,1.0
1182.0,1.0
1183.0,1.0
1184.0,1.0
1185.0,1.0
1186.0,1.0
1187.0,1.0
1188.0,1.0
1189.0,1.0
1190.0,1.0
1191.0,1.0
1192.0,1.0
1193.0,1.0
1193.0,0.0
