Iteration,Fitness
2.0,58.36951259004995
3.0,58.36951259004995
4.0,31.51190251317746
5.0,27.60434748368452
6.0,27.60434748368452
7.0,26.92582403567252
8.0,25.11971337416094
9.0,25.11971337416094
10.0,25.11971337416094
11.0,23.15167380558045
12.0,21.72556098240043
13.0,21.72556098240043
14.0,21.72556098240043
15.0,21.72556098240043
16.0,21.72556098240043
17.0,21.72556098240043
18.0,21.72556098240043
19.0,21.72556098240043
20.0,20.904544960366874
21.0,20.904544960366874
22.0,17.406895185529212
23.0,17.406895185529212
24.0,17.406895185529212
25.0,17.406895185529212
26.0,17.406895185529212
27.0,17.406895185529212
28.0,17.406895185529212
29.0,17.406895185529212
30.0,17.406895185529212
31.0,15.459624833740307
32.0,15.459624833740307
33.0,15.459624833740307
34.0,15.459624833740307
35.0,15.459624833740307
36.0,15.459624833740307
37.0,15.459624833740307
38.0,15.459624833740307
39.0,15.459624833740307
40.0,15.459624833740307
41.0,14.142135623730951
42.0,14.142135623730951
43.0,14.142135623730951
44.0,14.142135623730951
45.0,14.142135623730951
46.0,14.142135623730951
47.0,14.142135623730951
48.0,14.142135623730951
49.0,12.206555615733702
50.0,12.206555615733702
51.0,12.206555615733702
52.0,12.206555615733702
53.0,12.206555615733702
54.0,12.206555615733702
55.0,12.206555615733702
56.0,12.206555615733702
57.0,12.206555615733702
58.0,12.206555615733702
59.0,12.206555615733702
60.0,12.206555615733702
61.0,11.0
62.0,11.0
63.0,11.0
64.0,11.0
65.0,11.0
66.0,11.0
67.0,11.0
68.0,11.0
69.0,11.0
70.0,11.0
71.0,11.0
72.0,11.0
73.0,11.0
74.0,11.0
75.0,11.0
76.0,11.0
77.0,11.0
78.0,11.0
79.0,11.0
80.0,11.0
81.0,11.0
82.0,11.0
83.0,11.0
84.0,11.0
85.0,11.0
86.0,11.0
87.0,11.0
88.0,11.0
89.0,11.0
90.0,11.0
91.0,8.306623862918075
92.0,8.306623862918075
93.0,8.306623862918075
94.0,8.306623862918075
95.0,8.306623862918075
96.0,8.306623862918075
97.0,8.306623862918075
98.0,8.306623862918075
99.0,8.306623862918075
100.0,8.306623862918075
101.0,8.306623862918075
102.0,8.306623862918075
103.0,8.306623862918075
104.0,8.306623862918075
105.0,8.306623862918075
106.0,8.306623862918075
107.0,8.306623862918075
108.0,8.306623862918075
109.0,8.306623862918075
110.0,8.306623862918075
111.0,8.306623862918075
112.0,8.306623862918075
113.0,8.306623862918075
114.0,8.306623862918075
115.0,8.306623862918075
116.0,8.306623862918075
117.0,8.306623862918075
118.0,8.306623862918075
119.0,8.306623862918075
120.0,8.306623862918075
121.0,8.306623862918075
122.0,8.306623862918075
123.0,7.0710678118654755
124.0,7.0710678118654755
125.0,7.0710678118654755
126.0,7.0710678118654755
127.0,7.0710678118654755
128.0,7.0710678118654755
129.0,7.0710678118654755
130.0,7.0710678118654755
131.0,7.0710678118654755
132.0,7.0
133.0,7.0
134.0,7.0
135.0,7.0
136.0,7.0
137.0,7.0
138.0,7.0
139.0,7.0
140.0,7.0
141.0,7.0
142.0,7.0
143.0,7.0
144.0,7.0
145.0,7.0
146.0,7.0
147.0,7.0
148.0,7.0
149.0,7.0
150.0,6.855654600401044
151.0,6.855654600401044
152.0,6.855654600401044
153.0,6.855654600401044
154.0,6.855654600401044
155.0,6.855654600401044
156.0,6.855654600401044
157.0,6.855654600401044
158.0,6.855654600401044
159.0,6.855654600401044
160.0,6.855654600401044
161.0,6.855654600401044
162.0,6.855654600401044
163.0,6.855654600401044
164.0,6.855654600401044
165.0,6.855654600401044
166.0,6.855654600401044
167.0,6.855654600401044
168.0,6.6332495807108
169.0,6.6332495807108
170.0,6.6332495807108
171.0,6.6332495807108
172.0,6.6332495807108
173.0,6.244997998398398
174.0,6.244997998398398
175.0,6.244997998398398
176.0,6.244997998398398
177.0,6.244997998398398
178.0,6.244997998398398
179.0,6.244997998398398
180.0,6.244997998398398
181.0,6.244997998398398
182.0,6.244997998398398
183.0,6.244997998398398
184.0,6.244997998398398
185.0,6.244997998398398
186.0,6.244997998398398
187.0,6.244997998398398
188.0,6.244997998398398
189.0,6.244997998398398
190.0,6.244997998398398
191.0,6.244997998398398
192.0,6.244997998398398
193.0,6.244997998398398
194.0,6.244997998398398
195.0,6.244997998398398
196.0,6.244997998398398
197.0,6.244997998398398
198.0,6.244997998398398
199.0,6.244997998398398
200.0,6.244997998398398
201.0,6.244997998398398
202.0,6.244997998398398
203.0,6.244997998398398
204.0,6.244997998398398
205.0,6.244997998398398
206.0,6.244997998398398
207.0,6.244997998398398
208.0,6.244997998398398
209.0,6.244997998398398
210.0,6.244997998398398
211.0,6.244997998398398
212.0,6.244997998398398
213.0,6.244997998398398
214.0,6.244997998398398
215.0,6.244997998398398
216.0,6.244997998398398
217.0,6.244997998398398
218.0,6.244997998398398
219.0,6.244997998398398
220.0,6.244997998398398
221.0,6.244997998398398
222.0,6.244997998398398
223.0,6.244997998398398
224.0,6.244997998398398
225.0,6.244997998398398
226.0,6.244997998398398
227.0,6.244997998398398
228.0,5.656854249492381
229.0,5.656854249492381
230.0,5.656854249492381
231.0,5.656854249492381
232.0,5.656854249492381
233.0,5.656854249492381
234.0,5.656854249492381
235.0,5.656854249492381
236.0,5.656854249492381
237.0,5.656854249492381
238.0,5.656854249492381
239.0,5.656854249492381
240.0,5.656854249492381
241.0,5.656854249492381
242.0,5.656854249492381
243.0,5.656854249492381
244.0,5.656854249492381
245.0,5.656854249492381
246.0,5.656854249492381
247.0,5.656854249492381
248.0,5.5677643628300215
249.0,5.5677643628300215
250.0,5.5677643628300215
251.0,5.5677643628300215
252.0,5.5677643628300215
253.0,5.5677643628300215
254.0,5.5677643628300215
255.0,5.5677643628300215
256.0,5.5677643628300215
257.0,5.5677643628300215
258.0,5.5677643628300215
259.0,5.5677643628300215
260.0,5.5677643628300215
261.0,5.5677643628300215
262.0,5.5677643628300215
263.0,5.5677643628300215
264.0,5.5677643628300215
265.0,5.5677643628300215
266.0,5.5677643628300215
267.0,5.5677643628300215
268.0,5.5677643628300215
269.0,5.5677643628300215
270.0,5.5677643628300215
271.0,5.5677643628300215
272.0,5.5677643628300215
273.0,5.5677643628300215
274.0,5.5677643628300215
275.0,5.5677643628300215
276.0,5.5677643628300215
277.0,5.5677643628300215
278.0,5.5677643628300215
279.0,5.5677643628300215
280.0,5.5677643628300215
281.0,5.5677643628300215
282.0,5.5677643628300215
283.0,5.5677643628300215
284.0,5.5677643628300215
285.0,5.5677643628300215
286.0,5.5677643628300215
287.0,5.5677643628300215
288.0,5.5677643628300215
289.0,5.5677643628300215
290.0,5.5677643628300215
291.0,5.5677643628300215
292.0,5.5677643628300215
293.0,5.5677643628300215
294.0,5.5677643628300215
295.0,5.5677643628300215
296.0,5.5677643628300215
297.0,5.291502622129181
298.0,5.291502622129181
299.0,5.291502622129181
300.0,5.291502622129181
301.0,5.291502622129181
302.0,5.291502622129181
303.0,5.291502622129181
304.0,5.291502622129181
305.0,5.291502622129181
306.0,5.291502622129181
307.0,5.291502622129181
308.0,5.291502622129181
309.0,5.291502622129181
310.0,5.291502622129181
311.0,4.898979485566356
312.0,4.898979485566356
313.0,4.795831523312719
314.0,4.795831523312719
315.0,4.795831523312719
316.0,4.795831523312719
317.0,4.795831523312719
318.0,4.795831523312719
319.0,4.795831523312719
320.0,4.795831523312719
321.0,4.795831523312719
322.0,4.795831523312719
323.0,4.795831523312719
324.0,4.795831523312719
325.0,4.795831523312719
326.0,4.795831523312719
327.0,4.795831523312719
328.0,4.795831523312719
329.0,4.795831523312719
330.0,4.795831523312719
331.0,4.795831523312719
332.0,4.795831523312719
333.0,4.795831523312719
334.0,4.242640687119285
335.0,4.242640687119285
336.0,4.242640687119285
337.0,4.242640687119285
338.0,4.242640687119285
339.0,4.242640687119285
340.0,4.242640687119285
341.0,4.242640687119285
342.0,4.242640687119285
343.0,4.242640687119285
344.0,4.242640687119285
345.0,4.242640687119285
346.0,4.242640687119285
347.0,4.242640687119285
348.0,4.242640687119285
349.0,4.242640687119285
350.0,4.242640687119285
351.0,4.242640687119285
352.0,4.242640687119285
353.0,4.242640687119285
354.0,4.242640687119285
355.0,4.242640687119285
356.0,4.242640687119285
357.0,4.242640687119285
358.0,4.242640687119285
359.0,4.242640687119285
360.0,4.242640687119285
361.0,4.123105625617661
362.0,4.123105625617661
363.0,4.123105625617661
364.0,4.123105625617661
365.0,4.123105625617661
366.0,4.123105625617661
367.0,4.123105625617661
368.0,4.0
369.0,4.0
370.0,4.0
371.0,4.0
372.0,4.0
373.0,4.0
374.0,4.0
375.0,4.0
376.0,4.0
377.0,4.0
378.0,4.0
379.0,4.0
380.0,4.0
381.0,4.0
382.0,4.0
383.0,4.0
384.0,4.0
385.0,4.0
386.0,4.0
387.0,4.0
388.0,4.0
389.0,4.0
390.0,4.0
391.0,4.0
392.0,4.0
393.0,4.0
394.0,4.0
395.0,4.0
396.0,4.0
397.0,3.872983346207417
398.0,3.872983346207417
399.0,3.872983346207417
400.0,3.872983346207417
401.0,3.872983346207417
402.0,3.872983346207417
403.0,3.872983346207417
404.0,3.872983346207417
405.0,3.872983346207417
406.0,3.872983346207417
407.0,3.872983346207417
408.0,3.872983346207417
409.0,3.872983346207417
410.0,3.872983346207417
411.0,3.872983346207417
412.0,3.872983346207417
413.0,3.872983346207417
414.0,3.872983346207417
415.0,3.872983346207417
416.0,3.872983346207417
417.0,3.872983346207417
418.0,3.872983346207417
419.0,3.872983346207417
420.0,3.872983346207417
421.0,3.872983346207417
422.0,3.872983346207417
423.0,3.872983346207417
424.0,2.8284271247461903
425.0,2.8284271247461903
426.0,2.8284271247461903
427.0,2.8284271247461903
428.0,2.8284271247461903
429.0,2.8284271247461903
430.0,2.8284271247461903
431.0,2.8284271247461903
432.0,2.8284271247461903
433.0,2.8284271247461903
434.0,2.8284271247461903
435.0,2.8284271247461903
436.0,2.8284271247461903
437.0,2.8284271247461903
438.0,2.8284271247461903
439.0,2.8284271247461903
440.0,2.8284271247461903
441.0,2.8284271247461903
442.0,2.8284271247461903
443.0,2.8284271247461903
444.0,2.8284271247461903
445.0,2.8284271247461903
446.0,2.8284271247461903
447.0,2.8284271247461903
448.0,2.8284271247461903
449.0,2.8284271247461903
450.0,2.8284271247461903
451.0,2.8284271247461903
452.0,2.8284271247461903
453.0,2.8284271247461903
454.0,2.8284271247461903
455.0,2.8284271247461903
456.0,2.8284271247461903
457.0,2.8284271247461903
458.0,2.8284271247461903
459.0,2.8284271247461903
460.0,2.8284271247461903
461.0,2.8284271247461903
462.0,2.8284271247461903
463.0,2.8284271247461903
464.0,2.8284271247461903
465.0,2.8284271247461903
466.0,2.8284271247461903
467.0,2.8284271247461903
468.0,2.8284271247461903
469.0,2.8284271247461903
470.0,2.8284271247461903
471.0,2.8284271247461903
472.0,2.8284271247461903
473.0,2.8284271247461903
474.0,2.8284271247461903
475.0,2.8284271247461903
476.0,2.8284271247461903
477.0,2.8284271247461903
478.0,2.8284271247461903
479.0,2.8284271247461903
480.0,2.8284271247461903
481.0,2.8284271247461903
482.0,2.8284271247461903
483.0,2.8284271247461903
484.0,2.8284271247461903
485.0,2.8284271247461903
486.0,2.8284271247461903
487.0,2.8284271247461903
488.0,2.8284271247461903
489.0,2.8284271247461903
490.0,2.6457513110645907
491.0,2.6457513110645907
492.0,2.6457513110645907
493.0,2.6457513110645907
494.0,2.6457513110645907
495.0,2.6457513110645907
496.0,2.6457513110645907
497.0,2.6457513110645907
498.0,2.6457513110645907
499.0,2.6457513110645907
500.0,2.6457513110645907
501.0,2.6457513110645907
502.0,2.6457513110645907
503.0,2.6457513110645907
504.0,2.6457513110645907
505.0,2.6457513110645907
506.0,2.6457513110645907
507.0,2.6457513110645907
508.0,2.6457513110645907
509.0,2.6457513110645907
510.0,2.6457513110645907
511.0,2.6457513110645907
512.0,2.6457513110645907
513.0,2.6457513110645907
514.0,2.6457513110645907
515.0,2.6457513110645907
516.0,2.6457513110645907
517.0,2.6457513110645907
518.0,2.6457513110645907
519.0,2.6457513110645907
520.0,2.6457513110645907
521.0,2.6457513110645907
522.0,2.6457513110645907
523.0,2.6457513110645907
524.0,2.6457513110645907
525.0,2.6457513110645907
526.0,2.6457513110645907
527.0,2.6457513110645907
528.0,2.6457513110645907
529.0,2.6457513110645907
530.0,2.6457513110645907
531.0,2.6457513110645907
532.0,2.6457513110645907
533.0,2.6457513110645907
534.0,2.6457513110645907
535.0,2.6457513110645907
536.0,2.6457513110645907
537.0,2.6457513110645907
538.0,2.6457513110645907
539.0,2.6457513110645907
540.0,2.6457513110645907
541.0,2.6457513110645907
542.0,2.6457513110645907
543.0,2.6457513110645907
544.0,2.6457513110645907
545.0,2.6457513110645907
546.0,2.6457513110645907
547.0,2.6457513110645907
548.0,2.6457513110645907
549.0,2.6457513110645907
550.0,2.6457513110645907
551.0,2.6457513110645907
552.0,2.6457513110645907
553.0,2.6457513110645907
554.0,2.449489742783178
555.0,2.449489742783178
556.0,2.449489742783178
557.0,2.449489742783178
558.0,2.449489742783178
559.0,2.449489742783178
560.0,2.449489742783178
561.0,2.449489742783178
562.0,2.449489742783178
563.0,2.449489742783178
564.0,2.449489742783178
565.0,2.449489742783178
566.0,2.449489742783178
567.0,2.449489742783178
568.0,2.449489742783178
569.0,2.449489742783178
570.0,2.449489742783178
571.0,2.449489742783178
572.0,2.449489742783178
573.0,2.449489742783178
574.0,2.449489742783178
575.0,2.23606797749979
576.0,2.23606797749979
577.0,2.23606797749979
578.0,2.23606797749979
579.0,2.23606797749979
580.0,2.23606797749979
581.0,2.23606797749979
582.0,2.23606797749979
583.0,2.23606797749979
584.0,2.23606797749979
585.0,2.23606797749979
586.0,2.23606797749979
587.0,2.23606797749979
588.0,2.23606797749979
589.0,2.23606797749979
590.0,2.23606797749979
591.0,2.23606797749979
592.0,2.23606797749979
593.0,2.23606797749979
594.0,2.23606797749979
595.0,2.23606797749979
596.0,2.23606797749979
597.0,2.23606797749979
598.0,2.23606797749979
599.0,2.23606797749979
600.0,2.23606797749979
601.0,2.23606797749979
602.0,2.23606797749979
603.0,2.23606797749979
604.0,2.23606797749979
605.0,2.23606797749979
606.0,2.23606797749979
607.0,2.23606797749979
608.0,2.23606797749979
609.0,2.23606797749979
610.0,2.23606797749979
611.0,2.23606797749979
612.0,2.23606797749979
613.0,2.23606797749979
614.0,2.23606797749979
615.0,2.23606797749979
616.0,2.23606797749979
617.0,2.23606797749979
618.0,2.23606797749979
619.0,2.23606797749979
620.0,2.23606797749979
621.0,2.23606797749979
622.0,2.23606797749979
623.0,2.23606797749979
624.0,2.23606797749979
625.0,2.23606797749979
626.0,2.23606797749979
627.0,2.23606797749979
628.0,2.23606797749979
629.0,2.23606797749979
630.0,2.23606797749979
631.0,2.23606797749979
632.0,2.23606797749979
633.0,2.23606797749979
634.0,2.23606797749979
635.0,2.23606797749979
636.0,2.23606797749979
637.0,2.23606797749979
638.0,2.23606797749979
639.0,2.23606797749979
640.0,2.23606797749979
641.0,2.23606797749979
642.0,2.23606797749979
643.0,2.23606797749979
644.0,2.23606797749979
645.0,2.23606797749979
646.0,2.23606797749979
647.0,2.23606797749979
648.0,2.23606797749979
649.0,2.23606797749979
650.0,2.23606797749979
651.0,2.23606797749979
652.0,2.23606797749979
653.0,2.23606797749979
654.0,2.23606797749979
655.0,2.23606797749979
656.0,2.23606797749979
657.0,2.23606797749979
658.0,2.23606797749979
659.0,2.23606797749979
660.0,2.23606797749979
661.0,2.23606797749979
662.0,2.23606797749979
663.0,2.23606797749979
664.0,2.23606797749979
665.0,2.23606797749979
666.0,2.23606797749979
667.0,2.23606797749979
668.0,2.23606797749979
669.0,2.23606797749979
670.0,2.23606797749979
671.0,2.23606797749979
672.0,2.23606797749979
673.0,2.23606797749979
674.0,2.23606797749979
675.0,2.23606797749979
676.0,2.23606797749979
677.0,2.23606797749979
678.0,2.23606797749979
679.0,2.23606797749979
680.0,2.23606797749979
681.0,2.23606797749979
682.0,2.23606797749979
683.0,2.23606797749979
684.0,2.23606797749979
685.0,2.23606797749979
686.0,2.23606797749979
687.0,2.23606797749979
688.0,2.23606797749979
689.0,2.23606797749979
690.0,2.23606797749979
691.0,2.23606797749979
692.0,2.23606797749979
693.0,2.23606797749979
694.0,2.23606797749979
695.0,2.23606797749979
696.0,2.23606797749979
697.0,2.23606797749979
698.0,2.23606797749979
699.0,2.23606797749979
700.0,2.23606797749979
701.0,2.23606797749979
702.0,2.23606797749979
703.0,2.23606797749979
704.0,2.23606797749979
705.0,2.23606797749979
706.0,2.23606797749979
707.0,2.23606797749979
708.0,2.23606797749979
709.0,2.23606797749979
710.0,2.23606797749979
711.0,2.23606797749979
712.0,2.23606797749979
713.0,2.23606797749979
714.0,2.23606797749979
715.0,2.23606797749979
716.0,2.23606797749979
717.0,2.23606797749979
718.0,2.23606797749979
719.0,2.23606797749979
720.0,2.23606797749979
721.0,2.23606797749979
722.0,2.23606797749979
723.0,2.0
724.0,2.0
725.0,2.0
726.0,2.0
727.0,2.0
728.0,2.0
729.0,2.0
730.0,2.0
731.0,2.0
732.0,2.0
733.0,2.0
734.0,1.7320508075688772
735.0,1.7320508075688772
736.0,1.7320508075688772
737.0,1.7320508075688772
738.0,1.7320508075688772
739.0,1.7320508075688772
740.0,1.7320508075688772
741.0,1.7320508075688772
742.0,1.7320508075688772
743.0,1.7320508075688772
744.0,1.7320508075688772
745.0,1.7320508075688772
746.0,1.7320508075688772
747.0,1.7320508075688772
748.0,1.7320508075688772
749.0,1.7320508075688772
750.0,1.7320508075688772
751.0,1.7320508075688772
752.0,1.7320508075688772
753.0,1.7320508075688772
754.0,1.7320508075688772
755.0,1.7320508075688772
756.0,1.7320508075688772
757.0,1.7320508075688772
758.0,1.7320508075688772
759.0,1.7320508075688772
760.0,1.7320508075688772
761.0,1.7320508075688772
762.0,1.7320508075688772
763.0,1.7320508075688772
764.0,1.7320508075688772
765.0,1.7320508075688772
766.0,1.7320508075688772
767.0,1.7320508075688772
768.0,1.7320508075688772
769.0,1.7320508075688772
770.0,1.7320508075688772
771.0,1.7320508075688772
772.0,1.7320508075688772
773.0,1.7320508075688772
774.0,1.7320508075688772
775.0,1.7320508075688772
776.0,1.7320508075688772
777.0,1.7320508075688772
778.0,1.7320508075688772
779.0,1.7320508075688772
780.0,1.7320508075688772
781.0,1.4142135623730951
782.0,1.4142135623730951
783.0,1.4142135623730951
784.0,1.4142135623730951
785.0,1.4142135623730951
786.0,1.4142135623730951
787.0,1.4142135623730951
788.0,1.4142135623730951
789.0,1.4142135623730951
790.0,1.4142135623730951
791.0,1.4142135623730951
792.0,1.4142135623730951
793.0,1.4142135623730951
794.0,1.4142135623730951
795.0,1.4142135623730951
796.0,1.4142135623730951
797.0,1.4142135623730951
798.0,1.4142135623730951
799.0,1.4142135623730951
800.0,1.4142135623730951
801.0,1.4142135623730951
802.0,1.4142135623730951
803.0,1.4142135623730951
804.0,1.4142135623730951
805.0,1.4142135623730951
806.0,1.4142135623730951
807.0,1.4142135623730951
808.0,1.4142135623730951
809.0,1.4142135623730951
810.0,1.4142135623730951
811.0,1.4142135623730951
812.0,1.4142135623730951
813.0,1.4142135623730951
814.0,1.4142135623730951
815.0,1.4142135623730951
816.0,1.4142135623730951
817.0,1.4142135623730951
818.0,1.4142135623730951
819.0,1.4142135623730951
820.0,1.4142135623730951
821.0,1.4142135623730951
822.0,1.4142135623730951
823.0,1.4142135623730951
824.0,1.4142135623730951
825.0,1.4142135623730951
826.0,1.4142135623730951
827.0,1.4142135623730951
828.0,1.4142135623730951
829.0,1.4142135623730951
830.0,1.4142135623730951
831.0,1.4142135623730951
832.0,1.4142135623730951
833.0,1.4142135623730951
834.0,1.4142135623730951
835.0,1.4142135623730951
836.0,1.4142135623730951
837.0,1.4142135623730951
838.0,1.4142135623730951
839.0,1.4142135623730951
840.0,1.4142135623730951
841.0,1.4142135623730951
842.0,1.4142135623730951
843.0,1.4142135623730951
844.0,1.4142135623730951
845.0,1.4142135623730951
846.0,1.4142135623730951
847.0,1.4142135623730951
848.0,1.4142135623730951
849.0,1.4142135623730951
850.0,1.4142135623730951
851.0,1.4142135623730951
852.0,1.4142135623730951
853.0,1.4142135623730951
854.0,1.4142135623730951
855.0,1.4142135623730951
856.0,1.4142135623730951
857.0,1.4142135623730951
858.0,1.4142135623730951
859.0,1.4142135623730951
860.0,1.4142135623730951
861.0,1.4142135623730951
862.0,1.4142135623730951
863.0,1.4142135623730951
864.0,1.4142135623730951
865.0,1.4142135623730951
866.0,1.4142135623730951
867.0,1.4142135623730951
868.0,1.4142135623730951
869.0,1.4142135623730951
870.0,1.4142135623730951
871.0,1.4142135623730951
872.0,1.4142135623730951
873.0,1.4142135623730951
874.0,1.4142135623730951
875.0,1.4142135623730951
876.0,1.4142135623730951
877.0,1.4142135623730951
878.0,1.4142135623730951
879.0,1.4142135623730951
880.0,1.4142135623730951
881.0,1.4142135623730951
882.0,1.4142135623730951
883.0,1.4142135623730951
884.0,1.4142135623730951
885.0,1.4142135623730951
886.0,1.4142135623730951
887.0,1.4142135623730951
888.0,1.4142135623730951
889.0,1.4142135623730951
890.0,1.4142135623730951
891.0,1.4142135623730951
892.0,1.4142135623730951
893.0,1.4142135623730951
894.0,1.4142135623730951
895.0,1.4142135623730951
896.0,1.4142135623730951
897.0,1.4142135623730951
898.0,1.4142135623730951
899.0,1.4142135623730951
900.0,1.4142135623730951
901.0,1.4142135623730951
902.0,1.4142135623730951
903.0,1.0
904.0,1.0
905.0,1.0
906.0,1.0
907.0,1.0
908.0,1.0
909.0,1.0
910.0,1.0
911.0,1.0
912.0,1.0
913.0,1.0
914.0,1.0
915.0,1.0
916.0,1.0
917.0,1.0
918.0,1.0
919.0,1.0
920.0,1.0
921.0,1.0
922.0,1.0
923.0,1.0
924.0,1.0
925.0,1.0
926.0,1.0
927.0,1.0
928.0,1.0
929.0,1.0
930.0,1.0
931.0,1.0
932.0,1.0
933.0,1.0
934.0,1.0
935.0,1.0
936.0,1.0
937.0,1.0
938.0,1.0
939.0,1.0
940.0,1.0
941.0,1.0
942.0,1.0
943.0,1.0
944.0,1.0
945.0,1.0
946.0,1.0
947.0,1.0
948.0,1.0
949.0,1.0
950.0,1.0
951.0,1.0
952.0,1.0
953.0,1.0
954.0,1.0
955.0,1.0
956.0,1.0
957.0,1.0
958.0,1.0
959.0,1.0
960.0,1.0
961.0,1.0
962.0,1.0
963.0,1.0
964.0,1.0
965.0,1.0
966.0,1.0
967.0,1.0
968.0,1.0
969.0,1.0
970.0,1.0
971.0,1.0
972.0,1.0
973.0,1.0
974.0,1.0
975.0,1.0
976.0,1.0
977.0,1.0
978.0,1.0
979.0,1.0
980.0,1.0
981.0,1.0
982.0,1.0
983.0,1.0
984.0,1.0
985.0,1.0
986.0,1.0
987.0,1.0
988.0,1.0
989.0,1.0
990.0,1.0
991.0,1.0
992.0,1.0
993.0,1.0
994.0,1.0
995.0,1.0
996.0,1.0
997.0,1.0
998.0,1.0
999.0,1.0
1000.0,1.0
1001.0,1.0
1002.0,1.0
1003.0,1.0
1004.0,1.0
1005.0,1.0
1006.0,1.0
1007.0,1.0
1008.0,1.0
1009.0,1.0
1010.0,1.0
1011.0,1.0
1012.0,1.0
1013.0,1.0
1014.0,1.0
1015.0,1.0
1016.0,1.0
1017.0,1.0
1018.0,1.0
1019.0,1.0
1020.0,1.0
1021.0,1.0
1022.0,1.0
1023.0,1.0
1024.0,1.0
1025.0,1.0
1026.0,1.0
1027.0,1.0
1028.0,1.0
1029.0,1.0
1030.0,1.0
1031.0,1.0
1032.0,1.0
1033.0,1.0
1034.0,1.0
1035.0,1.0
1036.0,1.0
1037.0,1.0
1038.0,1.0
1039.0,1.0
1040.0,1.0
1041.0,1.0
1042.0,1.0
1043.0,1.0
1044.0,1.0
1045.0,1.0
1046.0,1.0
1047.0,1.0
1048.0,1.0
1049.0,1.0
1050.0,1.0
1051.0,1.0
1052.0,1.0
1053.0,1.0
1054.0,1.0
1054.0,0.0
