Iteration,Fitness
2.0,58.36951259004995
3.0,58.36951259004995
4.0,52.592775169218825
5.0,33.075670817082454
6.0,33.075670817082454
7.0,33.075670817082454
8.0,33.075670817082454
9.0,33.075670817082454
10.0,33.075670817082454
11.0,33.075670817082454
12.0,33.075670817082454
13.0,33.075670817082454
14.0,33.075670817082454
15.0,33.075670817082454
16.0,33.075670817082454
17.0,33.075670817082454
18.0,30.315012782448235
19.0,28.0
20.0,28.0
21.0,27.92848008753788
22.0,27.92848008753788
23.0,27.92848008753788
24.0,27.92848008753788
25.0,27.92848008753788
26.0,27.92848008753788
27.0,27.92848008753788
28.0,27.92848008753788
29.0,27.92848008753788
30.0,27.92848008753788
31.0,27.92848008753788
32.0,27.92848008753788
33.0,27.92848008753788
34.0,27.92848008753788
35.0,27.92848008753788
36.0,27.92848008753788
37.0,27.92848008753788
38.0,27.92848008753788
39.0,27.92848008753788
40.0,27.92848008753788
41.0,27.92848008753788
42.0,27.92848008753788
43.0,27.92848008753788
44.0,27.92848008753788
45.0,27.92848008753788
46.0,27.92848008753788
47.0,27.92848008753788
48.0,27.92848008753788
49.0,27.92848008753788
50.0,27.892651361962706
51.0,27.892651361962706
52.0,27.892651361962706
53.0,27.49545416973504
54.0,27.477263328068172
55.0,27.477263328068172
56.0,23.769728648009426
57.0,23.769728648009426
58.0,23.769728648009426
59.0,23.769728648009426
60.0,23.769728648009426
61.0,23.769728648009426
62.0,23.769728648009426
63.0,23.769728648009426
64.0,23.706539182259394
65.0,23.57965224510319
66.0,22.847319317591726
67.0,22.847319317591726
68.0,22.847319317591726
69.0,22.847319317591726
70.0,19.390719429665317
71.0,19.390719429665317
72.0,19.390719429665317
73.0,19.390719429665317
74.0,19.390719429665317
75.0,19.390719429665317
76.0,19.390719429665317
77.0,19.390719429665317
78.0,19.390719429665317
79.0,19.390719429665317
80.0,19.390719429665317
81.0,19.390719429665317
82.0,19.390719429665317
83.0,19.390719429665317
84.0,19.390719429665317
85.0,19.390719429665317
86.0,18.65475810617763
87.0,18.65475810617763
88.0,18.65475810617763
89.0,18.65475810617763
90.0,18.65475810617763
91.0,18.65475810617763
92.0,12.806248474865697
93.0,12.806248474865697
94.0,12.806248474865697
95.0,12.806248474865697
96.0,12.806248474865697
97.0,12.806248474865697
98.0,12.806248474865697
99.0,12.806248474865697
100.0,12.806248474865697
101.0,12.806248474865697
102.0,12.806248474865697
103.0,12.806248474865697
104.0,12.806248474865697
105.0,12.806248474865697
106.0,12.806248474865697
107.0,12.806248474865697
108.0,12.806248474865697
109.0,12.806248474865697
110.0,12.806248474865697
111.0,12.806248474865697
112.0,12.806248474865697
113.0,12.806248474865697
114.0,12.806248474865697
115.0,12.806248474865697
116.0,12.806248474865697
117.0,12.806248474865697
118.0,12.806248474865697
119.0,12.806248474865697
120.0,12.0
121.0,12.0
122.0,12.0
123.0,12.0
124.0,12.0
125.0,12.0
126.0,12.0
127.0,12.0
128.0,11.789826122551595
129.0,11.789826122551595
130.0,11.789826122551595
131.0,11.789826122551595
132.0,9.055385138137417
133.0,9.055385138137417
134.0,9.055385138137417
135.0,9.055385138137417
136.0,9.055385138137417
137.0,9.055385138137417
138.0,8.94427190999916
139.0,8.94427190999916
140.0,8.94427190999916
141.0,8.888194417315589
142.0,8.888194417315589
143.0,8.888194417315589
144.0,8.888194417315589
145.0,8.888194417315589
146.0,8.888194417315589
147.0,8.888194417315589
148.0,8.888194417315589
149.0,8.888194417315589
150.0,8.888194417315589
151.0,8.888194417315589
152.0,8.888194417315589
153.0,7.615773105863909
154.0,7.615773105863909
155.0,7.615773105863909
156.0,7.615773105863909
157.0,7.615773105863909
158.0,7.615773105863909
159.0,7.615773105863909
160.0,7.615773105863909
161.0,7.615773105863909
162.0,7.615773105863909
163.0,7.615773105863909
164.0,7.615773105863909
165.0,7.615773105863909
166.0,7.615773105863909
167.0,7.615773105863909
168.0,7.615773105863909
169.0,7.615773105863909
170.0,7.615773105863909
171.0,7.615773105863909
172.0,7.615773105863909
173.0,7.615773105863909
174.0,7.615773105863909
175.0,7.615773105863909
176.0,7.615773105863909
177.0,7.615773105863909
178.0,7.615773105863909
179.0,7.615773105863909
180.0,7.615773105863909
181.0,7.615773105863909
182.0,7.615773105863909
183.0,7.615773105863909
184.0,7.615773105863909
185.0,7.615773105863909
186.0,7.615773105863909
187.0,7.615773105863909
188.0,7.615773105863909
189.0,7.615773105863909
190.0,7.615773105863909
191.0,7.615773105863909
192.0,7.615773105863909
193.0,7.615773105863909
194.0,7.615773105863909
195.0,7.416198487095663
196.0,7.416198487095663
197.0,7.416198487095663
198.0,7.416198487095663
199.0,7.416198487095663
200.0,7.416198487095663
201.0,7.416198487095663
202.0,7.416198487095663
203.0,7.416198487095663
204.0,7.416198487095663
205.0,7.416198487095663
206.0,7.416198487095663
207.0,7.416198487095663
208.0,7.416198487095663
209.0,7.416198487095663
210.0,7.416198487095663
211.0,7.416198487095663
212.0,7.416198487095663
213.0,7.416198487095663
214.0,7.416198487095663
215.0,7.416198487095663
216.0,7.14142842854285
217.0,7.14142842854285
218.0,7.14142842854285
219.0,6.782329983125268
220.0,6.782329983125268
221.0,6.782329983125268
222.0,6.782329983125268
223.0,6.782329983125268
224.0,6.782329983125268
225.0,6.782329983125268
226.0,6.782329983125268
227.0,6.782329983125268
228.0,6.782329983125268
229.0,6.782329983125268
230.0,6.782329983125268
231.0,6.782329983125268
232.0,6.782329983125268
233.0,6.782329983125268
234.0,6.782329983125268
235.0,6.48074069840786
236.0,6.48074069840786
237.0,6.48074069840786
238.0,6.48074069840786
239.0,6.48074069840786
240.0,6.48074069840786
241.0,6.48074069840786
242.0,6.48074069840786
243.0,6.48074069840786
244.0,6.48074069840786
245.0,6.48074069840786
246.0,6.48074069840786
247.0,6.48074069840786
248.0,6.48074069840786
249.0,6.48074069840786
250.0,6.48074069840786
251.0,6.48074069840786
252.0,6.48074069840786
253.0,6.48074069840786
254.0,6.48074069840786
255.0,6.164414002968976
256.0,6.164414002968976
257.0,6.164414002968976
258.0,6.164414002968976
259.0,6.164414002968976
260.0,6.164414002968976
261.0,6.164414002968976
262.0,6.164414002968976
263.0,6.164414002968976
264.0,6.164414002968976
265.0,6.164414002968976
266.0,6.164414002968976
267.0,6.164414002968976
268.0,6.164414002968976
269.0,6.164414002968976
270.0,6.164414002968976
271.0,6.164414002968976
272.0,6.164414002968976
273.0,6.164414002968976
274.0,6.164414002968976
275.0,6.164414002968976
276.0,6.164414002968976
277.0,6.164414002968976
278.0,5.196152422706632
279.0,5.196152422706632
280.0,5.196152422706632
281.0,5.196152422706632
282.0,5.196152422706632
283.0,5.196152422706632
284.0,5.196152422706632
285.0,5.196152422706632
286.0,5.196152422706632
287.0,5.196152422706632
288.0,5.196152422706632
289.0,5.196152422706632
290.0,5.196152422706632
291.0,5.196152422706632
292.0,5.196152422706632
293.0,5.196152422706632
294.0,5.196152422706632
295.0,5.196152422706632
296.0,5.196152422706632
297.0,5.196152422706632
298.0,5.196152422706632
299.0,5.196152422706632
300.0,5.196152422706632
301.0,5.196152422706632
302.0,5.196152422706632
303.0,5.196152422706632
304.0,5.196152422706632
305.0,5.196152422706632
306.0,5.196152422706632
307.0,5.196152422706632
308.0,5.196152422706632
309.0,5.196152422706632
310.0,5.196152422706632
311.0,5.196152422706632
312.0,5.196152422706632
313.0,5.196152422706632
314.0,5.196152422706632
315.0,5.196152422706632
316.0,5.196152422706632
317.0,5.196152422706632
318.0,5.196152422706632
319.0,5.196152422706632
320.0,5.196152422706632
321.0,5.196152422706632
322.0,5.196152422706632
323.0,5.196152422706632
324.0,5.196152422706632
325.0,5.196152422706632
326.0,5.196152422706632
327.0,5.196152422706632
328.0,5.196152422706632
329.0,5.196152422706632
330.0,5.196152422706632
331.0,5.196152422706632
332.0,5.196152422706632
333.0,5.0990195135927845
334.0,5.0990195135927845
335.0,5.0990195135927845
336.0,5.0990195135927845
337.0,5.0990195135927845
338.0,5.0990195135927845
339.0,5.0990195135927845
340.0,5.0990195135927845
341.0,5.0990195135927845
342.0,5.0990195135927845
343.0,5.0990195135927845
344.0,5.0990195135927845
345.0,5.0990195135927845
346.0,5.0990195135927845
347.0,5.0990195135927845
348.0,5.0990195135927845
349.0,5.0990195135927845
350.0,5.0990195135927845
351.0,5.0990195135927845
352.0,4.898979485566356
353.0,4.898979485566356
354.0,4.898979485566356
355.0,4.898979485566356
356.0,4.898979485566356
357.0,4.898979485566356
358.0,4.898979485566356
359.0,4.898979485566356
360.0,4.898979485566356
361.0,4.898979485566356
362.0,4.898979485566356
363.0,4.898979485566356
364.0,4.358898943540674
365.0,4.358898943540674
366.0,4.358898943540674
367.0,4.358898943540674
368.0,4.358898943540674
369.0,4.358898943540674
370.0,4.358898943540674
371.0,4.358898943540674
372.0,4.358898943540674
373.0,4.358898943540674
374.0,4.358898943540674
375.0,4.358898943540674
376.0,4.358898943540674
377.0,4.358898943540674
378.0,4.358898943540674
379.0,4.358898943540674
380.0,4.358898943540674
381.0,4.358898943540674
382.0,4.358898943540674
383.0,4.358898943540674
384.0,4.358898943540674
385.0,4.358898943540674
386.0,4.358898943540674
387.0,4.358898943540674
388.0,4.358898943540674
389.0,4.358898943540674
390.0,4.358898943540674
391.0,4.358898943540674
392.0,4.358898943540674
393.0,4.358898943540674
394.0,4.358898943540674
395.0,4.358898943540674
396.0,4.358898943540674
397.0,4.358898943540674
398.0,4.358898943540674
399.0,4.358898943540674
400.0,4.358898943540674
401.0,4.358898943540674
402.0,4.358898943540674
403.0,4.358898943540674
404.0,4.358898943540674
405.0,4.358898943540674
406.0,4.358898943540674
407.0,4.358898943540674
408.0,4.358898943540674
409.0,4.358898943540674
410.0,4.358898943540674
411.0,4.358898943540674
412.0,4.358898943540674
413.0,4.358898943540674
414.0,4.358898943540674
415.0,4.358898943540674
416.0,4.358898943540674
417.0,4.358898943540674
418.0,4.358898943540674
419.0,4.358898943540674
420.0,4.358898943540674
421.0,4.358898943540674
422.0,4.358898943540674
423.0,4.358898943540674
424.0,4.358898943540674
425.0,4.358898943540674
426.0,4.358898943540674
427.0,4.358898943540674
428.0,4.358898943540674
429.0,4.358898943540674
430.0,4.358898943540674
431.0,4.358898943540674
432.0,4.358898943540674
433.0,4.358898943540674
434.0,4.358898943540674
435.0,4.242640687119285
436.0,4.242640687119285
437.0,4.242640687119285
438.0,4.242640687119285
439.0,4.242640687119285
440.0,4.242640687119285
441.0,4.242640687119285
442.0,4.242640687119285
443.0,4.242640687119285
444.0,4.242640687119285
445.0,4.242640687119285
446.0,4.242640687119285
447.0,4.242640687119285
448.0,4.242640687119285
449.0,4.242640687119285
450.0,4.242640687119285
451.0,4.242640687119285
452.0,4.242640687119285
453.0,4.242640687119285
454.0,4.242640687119285
455.0,4.242640687119285
456.0,4.242640687119285
457.0,4.242640687119285
458.0,4.242640687119285
459.0,4.242640687119285
460.0,4.242640687119285
461.0,4.242640687119285
462.0,4.242640687119285
463.0,4.242640687119285
464.0,4.242640687119285
465.0,4.242640687119285
466.0,4.242640687119285
467.0,4.242640687119285
468.0,4.242640687119285
469.0,4.242640687119285
470.0,4.242640687119285
471.0,4.242640687119285
472.0,3.872983346207417
473.0,3.872983346207417
474.0,3.872983346207417
475.0,3.872983346207417
476.0,3.872983346207417
477.0,3.872983346207417
478.0,3.872983346207417
479.0,3.872983346207417
480.0,3.872983346207417
481.0,3.872983346207417
482.0,3.872983346207417
483.0,3.872983346207417
484.0,3.872983346207417
485.0,3.872983346207417
486.0,3.4641016151377544
487.0,3.4641016151377544
488.0,3.4641016151377544
489.0,3.4641016151377544
490.0,3.4641016151377544
491.0,3.4641016151377544
492.0,3.4641016151377544
493.0,3.4641016151377544
494.0,3.4641016151377544
495.0,3.4641016151377544
496.0,3.4641016151377544
497.0,3.4641016151377544
498.0,3.4641016151377544
499.0,3.4641016151377544
500.0,3.4641016151377544
501.0,3.4641016151377544
502.0,3.4641016151377544
503.0,3.4641016151377544
504.0,3.4641016151377544
505.0,3.4641016151377544
506.0,3.4641016151377544
507.0,3.4641016151377544
508.0,3.4641016151377544
509.0,3.4641016151377544
510.0,3.4641016151377544
511.0,3.4641016151377544
512.0,3.4641016151377544
513.0,3.4641016151377544
514.0,3.4641016151377544
515.0,3.4641016151377544
516.0,3.4641016151377544
517.0,3.4641016151377544
518.0,3.4641016151377544
519.0,3.4641016151377544
520.0,3.4641016151377544
521.0,3.4641016151377544
522.0,3.4641016151377544
523.0,3.4641016151377544
524.0,3.4641016151377544
525.0,3.4641016151377544
526.0,3.4641016151377544
527.0,3.4641016151377544
528.0,3.4641016151377544
529.0,3.4641016151377544
530.0,3.4641016151377544
531.0,3.4641016151377544
532.0,3.4641016151377544
533.0,3.4641016151377544
534.0,3.4641016151377544
535.0,3.4641016151377544
536.0,3.4641016151377544
537.0,3.4641016151377544
538.0,3.4641016151377544
539.0,3.4641016151377544
540.0,3.4641016151377544
541.0,3.4641016151377544
542.0,3.4641016151377544
543.0,3.3166247903554
544.0,3.3166247903554
545.0,3.3166247903554
546.0,3.3166247903554
547.0,3.3166247903554
548.0,3.3166247903554
549.0,3.3166247903554
550.0,3.3166247903554
551.0,3.3166247903554
552.0,3.3166247903554
553.0,3.3166247903554
554.0,3.3166247903554
555.0,3.3166247903554
556.0,3.3166247903554
557.0,3.3166247903554
558.0,3.3166247903554
559.0,3.3166247903554
560.0,3.3166247903554
561.0,3.3166247903554
562.0,3.3166247903554
563.0,3.3166247903554
564.0,3.3166247903554
565.0,3.3166247903554
566.0,3.3166247903554
567.0,3.3166247903554
568.0,3.3166247903554
569.0,3.3166247903554
570.0,3.3166247903554
571.0,3.3166247903554
572.0,3.3166247903554
573.0,3.3166247903554
574.0,3.3166247903554
575.0,3.3166247903554
576.0,3.3166247903554
577.0,3.3166247903554
578.0,3.3166247903554
579.0,3.3166247903554
580.0,3.3166247903554
581.0,3.3166247903554
582.0,3.3166247903554
583.0,3.3166247903554
584.0,3.3166247903554
585.0,3.3166247903554
586.0,3.3166247903554
587.0,3.3166247903554
588.0,3.3166247903554
589.0,3.3166247903554
590.0,3.3166247903554
591.0,3.3166247903554
592.0,3.3166247903554
593.0,2.6457513110645907
594.0,2.6457513110645907
595.0,2.6457513110645907
596.0,2.6457513110645907
597.0,2.6457513110645907
598.0,2.6457513110645907
599.0,2.6457513110645907
600.0,2.6457513110645907
601.0,2.6457513110645907
602.0,2.6457513110645907
603.0,2.6457513110645907
604.0,2.6457513110645907
605.0,2.6457513110645907
606.0,2.6457513110645907
607.0,2.6457513110645907
608.0,2.6457513110645907
609.0,2.6457513110645907
610.0,2.6457513110645907
611.0,2.6457513110645907
612.0,2.6457513110645907
613.0,2.6457513110645907
614.0,2.6457513110645907
615.0,2.6457513110645907
616.0,2.6457513110645907
617.0,2.6457513110645907
618.0,2.6457513110645907
619.0,2.6457513110645907
620.0,2.6457513110645907
621.0,2.6457513110645907
622.0,2.6457513110645907
623.0,2.6457513110645907
624.0,2.6457513110645907
625.0,2.6457513110645907
626.0,2.6457513110645907
627.0,2.6457513110645907
628.0,2.6457513110645907
629.0,2.6457513110645907
630.0,2.6457513110645907
631.0,2.6457513110645907
632.0,2.6457513110645907
633.0,2.6457513110645907
634.0,2.6457513110645907
635.0,2.6457513110645907
636.0,2.6457513110645907
637.0,2.6457513110645907
638.0,2.6457513110645907
639.0,2.6457513110645907
640.0,2.6457513110645907
641.0,2.6457513110645907
642.0,2.6457513110645907
643.0,2.6457513110645907
644.0,2.6457513110645907
645.0,2.6457513110645907
646.0,2.6457513110645907
647.0,2.6457513110645907
648.0,2.449489742783178
649.0,2.449489742783178
650.0,2.449489742783178
651.0,2.449489742783178
652.0,2.449489742783178
653.0,2.449489742783178
654.0,2.449489742783178
655.0,2.449489742783178
656.0,2.449489742783178
657.0,2.449489742783178
658.0,2.449489742783178
659.0,2.449489742783178
660.0,2.449489742783178
661.0,2.449489742783178
662.0,2.449489742783178
663.0,2.449489742783178
664.0,2.449489742783178
665.0,2.449489742783178
666.0,2.449489742783178
667.0,2.449489742783178
668.0,2.449489742783178
669.0,2.449489742783178
670.0,2.449489742783178
671.0,2.449489742783178
672.0,2.449489742783178
673.0,2.449489742783178
674.0,2.449489742783178
675.0,2.449489742783178
676.0,2.449489742783178
677.0,2.449489742783178
678.0,2.449489742783178
679.0,2.449489742783178
680.0,2.449489742783178
681.0,2.449489742783178
682.0,2.449489742783178
683.0,2.449489742783178
684.0,2.449489742783178
685.0,2.449489742783178
686.0,2.449489742783178
687.0,2.449489742783178
688.0,2.449489742783178
689.0,2.449489742783178
690.0,2.449489742783178
691.0,2.449489742783178
692.0,2.449489742783178
693.0,2.449489742783178
694.0,2.449489742783178
695.0,2.449489742783178
696.0,2.449489742783178
697.0,2.449489742783178
698.0,2.449489742783178
699.0,2.449489742783178
700.0,2.449489742783178
701.0,2.449489742783178
702.0,2.449489742783178
703.0,2.449489742783178
704.0,2.449489742783178
705.0,2.449489742783178
706.0,2.449489742783178
707.0,2.449489742783178
708.0,2.449489742783178
709.0,2.449489742783178
710.0,2.449489742783178
711.0,2.449489742783178
712.0,2.449489742783178
713.0,2.449489742783178
714.0,2.449489742783178
715.0,2.449489742783178
716.0,2.449489742783178
717.0,2.449489742783178
718.0,2.449489742783178
719.0,2.449489742783178
720.0,2.449489742783178
721.0,2.449489742783178
722.0,2.449489742783178
723.0,2.449489742783178
724.0,2.449489742783178
725.0,2.449489742783178
726.0,2.449489742783178
727.0,2.449489742783178
728.0,2.449489742783178
729.0,2.449489742783178
730.0,2.449489742783178
731.0,2.449489742783178
732.0,2.449489742783178
733.0,2.449489742783178
734.0,2.449489742783178
735.0,2.449489742783178
736.0,2.449489742783178
737.0,2.449489742783178
738.0,2.449489742783178
739.0,2.449489742783178
740.0,2.449489742783178
741.0,2.449489742783178
742.0,2.449489742783178
743.0,2.449489742783178
744.0,2.449489742783178
745.0,2.449489742783178
746.0,2.449489742783178
747.0,2.449489742783178
748.0,2.449489742783178
749.0,2.449489742783178
750.0,2.449489742783178
751.0,2.449489742783178
752.0,2.449489742783178
753.0,2.449489742783178
754.0,2.449489742783178
755.0,2.449489742783178
756.0,2.449489742783178
757.0,2.449489742783178
758.0,2.449489742783178
759.0,2.449489742783178
760.0,2.449489742783178
761.0,2.449489742783178
762.0,2.449489742783178
763.0,2.449489742783178
764.0,2.449489742783178
765.0,2.449489742783178
766.0,2.449489742783178
767.0,2.449489742783178
768.0,2.449489742783178
769.0,2.449489742783178
770.0,2.449489742783178
771.0,2.449489742783178
772.0,2.449489742783178
773.0,2.449489742783178
774.0,2.449489742783178
775.0,2.449489742783178
776.0,2.449489742783178
777.0,2.449489742783178
778.0,2.449489742783178
779.0,2.449489742783178
780.0,2.449489742783178
781.0,2.449489742783178
782.0,2.449489742783178
783.0,2.449489742783178
784.0,2.449489742783178
785.0,2.449489742783178
786.0,2.449489742783178
787.0,2.449489742783178
788.0,2.449489742783178
789.0,2.449489742783178
790.0,2.449489742783178
791.0,2.449489742783178
792.0,2.449489742783178
793.0,2.449489742783178
794.0,2.449489742783178
795.0,2.449489742783178
796.0,2.449489742783178
797.0,2.449489742783178
798.0,2.449489742783178
799.0,2.449489742783178
800.0,2.449489742783178
801.0,2.449489742783178
802.0,2.449489742783178
803.0,2.449489742783178
804.0,2.449489742783178
805.0,2.449489742783178
806.0,2.449489742783178
807.0,2.449489742783178
808.0,2.449489742783178
809.0,2.449489742783178
810.0,2.449489742783178
811.0,2.449489742783178
812.0,2.449489742783178
813.0,2.449489742783178
814.0,2.449489742783178
815.0,2.449489742783178
816.0,2.449489742783178
817.0,2.449489742783178
818.0,2.449489742783178
819.0,2.449489742783178
820.0,2.449489742783178
821.0,2.449489742783178
822.0,2.449489742783178
823.0,2.449489742783178
824.0,2.449489742783178
825.0,2.449489742783178
826.0,2.449489742783178
827.0,2.449489742783178
828.0,2.449489742783178
829.0,2.449489742783178
830.0,2.449489742783178
831.0,2.449489742783178
832.0,2.449489742783178
833.0,2.449489742783178
834.0,2.449489742783178
835.0,2.449489742783178
836.0,2.449489742783178
837.0,2.449489742783178
838.0,2.449489742783178
839.0,2.449489742783178
840.0,2.449489742783178
841.0,2.449489742783178
842.0,2.449489742783178
843.0,2.449489742783178
844.0,2.449489742783178
845.0,2.449489742783178
846.0,2.449489742783178
847.0,2.449489742783178
848.0,2.449489742783178
849.0,2.449489742783178
850.0,2.449489742783178
851.0,2.449489742783178
852.0,2.449489742783178
853.0,2.449489742783178
854.0,2.449489742783178
855.0,2.449489742783178
856.0,2.449489742783178
857.0,2.449489742783178
858.0,2.449489742783178
859.0,2.449489742783178
860.0,2.449489742783178
861.0,2.449489742783178
862.0,2.449489742783178
863.0,2.449489742783178
864.0,2.449489742783178
865.0,2.449489742783178
866.0,2.449489742783178
867.0,2.449489742783178
868.0,2.449489742783178
869.0,2.449489742783178
870.0,2.449489742783178
871.0,2.449489742783178
872.0,2.449489742783178
873.0,2.449489742783178
874.0,2.449489742783178
875.0,2.449489742783178
876.0,2.449489742783178
877.0,2.449489742783178
878.0,2.449489742783178
879.0,2.449489742783178
880.0,2.449489742783178
881.0,2.449489742783178
882.0,2.449489742783178
883.0,2.449489742783178
884.0,2.449489742783178
885.0,2.449489742783178
886.0,2.449489742783178
887.0,2.449489742783178
888.0,2.449489742783178
889.0,2.449489742783178
890.0,2.449489742783178
891.0,2.449489742783178
892.0,2.449489742783178
893.0,2.449489742783178
894.0,2.449489742783178
895.0,2.449489742783178
896.0,2.449489742783178
897.0,2.449489742783178
898.0,2.449489742783178
899.0,2.449489742783178
900.0,2.449489742783178
901.0,2.449489742783178
902.0,2.449489742783178
903.0,2.449489742783178
904.0,2.449489742783178
905.0,2.449489742783178
906.0,2.449489742783178
907.0,2.449489742783178
908.0,2.449489742783178
909.0,2.449489742783178
910.0,2.449489742783178
911.0,2.449489742783178
912.0,2.449489742783178
913.0,2.449489742783178
914.0,2.449489742783178
915.0,2.449489742783178
916.0,2.449489742783178
917.0,2.449489742783178
918.0,2.449489742783178
919.0,2.449489742783178
920.0,2.449489742783178
921.0,2.449489742783178
922.0,2.449489742783178
923.0,2.449489742783178
924.0,2.449489742783178
925.0,2.449489742783178
926.0,2.449489742783178
927.0,2.449489742783178
928.0,2.449489742783178
929.0,2.449489742783178
930.0,2.449489742783178
931.0,2.449489742783178
932.0,2.449489742783178
933.0,2.449489742783178
934.0,2.449489742783178
935.0,2.449489742783178
936.0,2.449489742783178
937.0,2.449489742783178
938.0,2.449489742783178
939.0,2.449489742783178
940.0,2.449489742783178
941.0,2.449489742783178
942.0,2.449489742783178
943.0,2.449489742783178
944.0,2.449489742783178
945.0,2.449489742783178
946.0,2.449489742783178
947.0,2.449489742783178
948.0,2.449489742783178
949.0,2.449489742783178
950.0,2.449489742783178
951.0,2.449489742783178
952.0,2.449489742783178
953.0,2.449489742783178
954.0,2.449489742783178
955.0,2.449489742783178
956.0,2.449489742783178
957.0,2.449489742783178
958.0,2.449489742783178
959.0,2.449489742783178
960.0,2.449489742783178
961.0,2.449489742783178
962.0,2.449489742783178
963.0,2.449489742783178
964.0,2.449489742783178
965.0,2.449489742783178
966.0,2.449489742783178
967.0,2.449489742783178
968.0,2.449489742783178
969.0,2.449489742783178
970.0,2.449489742783178
971.0,2.449489742783178
972.0,2.449489742783178
973.0,2.449489742783178
974.0,2.449489742783178
975.0,2.449489742783178
976.0,2.449489742783178
977.0,2.449489742783178
978.0,2.449489742783178
979.0,2.449489742783178
980.0,2.449489742783178
981.0,2.449489742783178
982.0,2.449489742783178
983.0,2.449489742783178
984.0,2.449489742783178
985.0,2.449489742783178
986.0,2.449489742783178
987.0,2.449489742783178
988.0,2.449489742783178
989.0,2.449489742783178
990.0,2.449489742783178
991.0,2.449489742783178
992.0,2.449489742783178
993.0,2.449489742783178
994.0,2.449489742783178
995.0,2.449489742783178
996.0,2.449489742783178
997.0,2.449489742783178
998.0,2.449489742783178
999.0,2.449489742783178
1000.0,2.449489742783178
1001.0,2.449489742783178
1002.0,2.449489742783178
1003.0,2.449489742783178
1004.0,2.449489742783178
1005.0,2.449489742783178
1006.0,2.449489742783178
1007.0,2.449489742783178
1008.0,2.449489742783178
1009.0,2.449489742783178
1010.0,2.449489742783178
1011.0,2.449489742783178
1012.0,2.449489742783178
1013.0,2.449489742783178
1014.0,2.449489742783178
1015.0,2.449489742783178
1016.0,2.449489742783178
1017.0,2.449489742783178
1018.0,2.449489742783178
1019.0,2.449489742783178
1020.0,2.449489742783178
1021.0,2.449489742783178
1022.0,2.449489742783178
1023.0,2.449489742783178
1024.0,2.449489742783178
1025.0,2.449489742783178
1026.0,2.449489742783178
1027.0,2.449489742783178
1028.0,2.449489742783178
1029.0,2.449489742783178
1030.0,2.449489742783178
1031.0,2.449489742783178
1032.0,2.449489742783178
1033.0,2.449489742783178
1034.0,2.449489742783178
1035.0,2.449489742783178
1036.0,2.449489742783178
1037.0,2.449489742783178
1038.0,2.449489742783178
1039.0,2.449489742783178
1040.0,2.449489742783178
1041.0,2.449489742783178
1042.0,2.449489742783178
1043.0,2.449489742783178
1044.0,2.449489742783178
1045.0,2.449489742783178
1046.0,2.449489742783178
1047.0,2.449489742783178
1048.0,2.449489742783178
1049.0,2.449489742783178
1050.0,2.449489742783178
1051.0,2.449489742783178
1052.0,2.449489742783178
1053.0,2.449489742783178
1054.0,2.449489742783178
1055.0,2.449489742783178
1056.0,2.449489742783178
1057.0,2.449489742783178
1058.0,2.449489742783178
1059.0,2.449489742783178
1060.0,2.449489742783178
1061.0,2.449489742783178
1062.0,2.449489742783178
1063.0,2.449489742783178
1064.0,2.449489742783178
1065.0,2.449489742783178
1066.0,2.449489742783178
1067.0,2.449489742783178
1068.0,2.449489742783178
1069.0,2.449489742783178
1070.0,2.449489742783178
1071.0,2.449489742783178
1072.0,2.449489742783178
1073.0,2.449489742783178
1074.0,2.449489742783178
1075.0,2.449489742783178
1076.0,2.449489742783178
1077.0,2.449489742783178
1078.0,2.449489742783178
1079.0,2.449489742783178
1080.0,2.449489742783178
1081.0,2.449489742783178
1082.0,2.449489742783178
1083.0,2.449489742783178
1084.0,2.449489742783178
1085.0,2.449489742783178
1086.0,2.449489742783178
1087.0,2.449489742783178
1088.0,2.449489742783178
1089.0,2.449489742783178
1090.0,2.449489742783178
1091.0,2.449489742783178
1092.0,2.449489742783178
1093.0,2.449489742783178
1094.0,2.449489742783178
1095.0,2.449489742783178
1096.0,2.449489742783178
1097.0,2.449489742783178
1098.0,2.449489742783178
1099.0,2.449489742783178
1100.0,2.449489742783178
1101.0,2.449489742783178
1102.0,2.449489742783178
1103.0,2.449489742783178
1104.0,2.449489742783178
1105.0,2.449489742783178
1106.0,2.449489742783178
1107.0,2.449489742783178
1108.0,2.449489742783178
1109.0,2.449489742783178
1110.0,2.449489742783178
1111.0,2.449489742783178
1112.0,2.449489742783178
1113.0,2.449489742783178
1114.0,2.449489742783178
1115.0,2.449489742783178
1116.0,2.449489742783178
1117.0,2.449489742783178
1118.0,2.449489742783178
1119.0,2.449489742783178
1120.0,2.449489742783178
1121.0,2.449489742783178
1122.0,2.449489742783178
1123.0,2.449489742783178
1124.0,2.449489742783178
1125.0,2.449489742783178
1126.0,2.449489742783178
1127.0,2.449489742783178
1128.0,2.449489742783178
1129.0,2.449489742783178
1130.0,2.449489742783178
1131.0,2.449489742783178
1132.0,2.449489742783178
1133.0,2.449489742783178
1134.0,2.449489742783178
1135.0,2.449489742783178
1136.0,2.449489742783178
1137.0,2.449489742783178
1138.0,2.449489742783178
1139.0,2.449489742783178
1140.0,2.449489742783178
1141.0,2.449489742783178
1142.0,2.449489742783178
1143.0,2.449489742783178
1144.0,2.449489742783178
1145.0,2.449489742783178
1146.0,2.449489742783178
1147.0,2.449489742783178
1148.0,2.449489742783178
1149.0,2.449489742783178
1150.0,2.449489742783178
1151.0,2.449489742783178
1152.0,2.449489742783178
1153.0,2.449489742783178
1154.0,2.449489742783178
1155.0,2.449489742783178
1156.0,2.449489742783178
1157.0,2.449489742783178
1158.0,2.449489742783178
1159.0,2.449489742783178
1160.0,2.449489742783178
1161.0,2.449489742783178
1162.0,2.449489742783178
1163.0,2.449489742783178
1164.0,2.449489742783178
1165.0,2.449489742783178
1166.0,2.449489742783178
1167.0,2.449489742783178
1168.0,2.449489742783178
1169.0,2.449489742783178
1170.0,2.449489742783178
1171.0,2.449489742783178
1172.0,2.449489742783178
1173.0,2.449489742783178
1174.0,2.449489742783178
1175.0,2.449489742783178
1176.0,2.449489742783178
1177.0,2.449489742783178
1178.0,2.449489742783178
1179.0,2.449489742783178
1180.0,2.449489742783178
1181.0,2.449489742783178
1182.0,2.449489742783178
1183.0,2.449489742783178
1184.0,2.449489742783178
1185.0,2.449489742783178
1186.0,2.449489742783178
1187.0,2.449489742783178
1188.0,2.449489742783178
1189.0,2.449489742783178
1190.0,2.449489742783178
1191.0,2.449489742783178
1192.0,2.449489742783178
1193.0,2.449489742783178
1194.0,2.449489742783178
1195.0,2.449489742783178
1196.0,2.449489742783178
1197.0,2.449489742783178
1198.0,2.449489742783178
1199.0,2.449489742783178
1200.0,2.449489742783178
1201.0,2.449489742783178
1202.0,2.449489742783178
1203.0,2.449489742783178
1204.0,2.449489742783178
1205.0,2.449489742783178
1206.0,2.449489742783178
1207.0,2.449489742783178
1208.0,2.449489742783178
1209.0,2.449489742783178
1210.0,2.449489742783178
1211.0,2.449489742783178
1212.0,2.449489742783178
1213.0,2.449489742783178
1214.0,2.449489742783178
1215.0,2.449489742783178
1216.0,2.449489742783178
1217.0,2.449489742783178
1218.0,2.449489742783178
1219.0,2.449489742783178
1220.0,2.449489742783178
1221.0,2.449489742783178
1222.0,2.449489742783178
1223.0,2.449489742783178
1224.0,2.449489742783178
1225.0,2.449489742783178
1226.0,2.449489742783178
1227.0,2.449489742783178
1228.0,2.449489742783178
1229.0,2.449489742783178
1230.0,2.449489742783178
1231.0,2.449489742783178
1232.0,2.449489742783178
1233.0,2.449489742783178
1234.0,2.449489742783178
1235.0,2.449489742783178
1236.0,2.449489742783178
1237.0,2.449489742783178
1238.0,2.449489742783178
1239.0,2.449489742783178
1240.0,2.449489742783178
1241.0,2.449489742783178
1242.0,2.449489742783178
1243.0,2.449489742783178
1244.0,2.449489742783178
1245.0,2.449489742783178
1246.0,2.449489742783178
1247.0,2.449489742783178
1248.0,2.449489742783178
1249.0,2.449489742783178
1250.0,2.449489742783178
1251.0,2.449489742783178
1252.0,2.449489742783178
1253.0,2.449489742783178
1254.0,2.449489742783178
1255.0,2.449489742783178
1256.0,2.449489742783178
1257.0,2.449489742783178
1258.0,2.449489742783178
1259.0,2.449489742783178
1260.0,2.449489742783178
1261.0,2.449489742783178
1262.0,2.449489742783178
1263.0,2.449489742783178
1264.0,2.449489742783178
1265.0,2.449489742783178
1266.0,2.449489742783178
1267.0,2.449489742783178
1268.0,2.449489742783178
1269.0,2.449489742783178
1270.0,2.449489742783178
1271.0,2.449489742783178
1272.0,2.449489742783178
1273.0,2.449489742783178
1274.0,2.449489742783178
1275.0,2.449489742783178
1276.0,2.449489742783178
1277.0,2.449489742783178
1278.0,2.449489742783178
1279.0,2.449489742783178
1280.0,2.449489742783178
1281.0,2.449489742783178
1282.0,2.449489742783178
1283.0,2.449489742783178
1284.0,2.449489742783178
1285.0,2.449489742783178
1286.0,2.449489742783178
1287.0,2.449489742783178
1288.0,2.449489742783178
1289.0,2.449489742783178
1290.0,2.449489742783178
1291.0,2.449489742783178
1292.0,2.449489742783178
1293.0,2.449489742783178
1294.0,2.449489742783178
1295.0,2.449489742783178
1296.0,2.449489742783178
1297.0,2.449489742783178
1298.0,2.449489742783178
1299.0,2.449489742783178
1300.0,2.449489742783178
1301.0,2.449489742783178
1302.0,2.449489742783178
1303.0,2.449489742783178
1304.0,2.449489742783178
1305.0,2.449489742783178
1306.0,2.449489742783178
1307.0,2.449489742783178
1308.0,2.449489742783178
1309.0,2.449489742783178
1310.0,2.449489742783178
1311.0,2.449489742783178
1312.0,2.449489742783178
1313.0,2.449489742783178
1314.0,2.23606797749979
1315.0,2.23606797749979
1316.0,2.23606797749979
1317.0,2.23606797749979
1318.0,2.23606797749979
1319.0,2.23606797749979
1320.0,2.23606797749979
1321.0,2.23606797749979
1322.0,2.23606797749979
1323.0,2.23606797749979
1324.0,2.23606797749979
1325.0,2.23606797749979
1326.0,2.23606797749979
1327.0,2.23606797749979
1328.0,2.23606797749979
1329.0,2.23606797749979
1330.0,2.23606797749979
1331.0,2.23606797749979
1332.0,2.23606797749979
1333.0,2.23606797749979
1334.0,2.23606797749979
1335.0,2.23606797749979
1336.0,2.23606797749979
1337.0,2.23606797749979
1338.0,2.23606797749979
1339.0,2.23606797749979
1340.0,2.23606797749979
1341.0,2.23606797749979
1342.0,2.23606797749979
1343.0,2.23606797749979
1344.0,2.23606797749979
1345.0,2.23606797749979
1346.0,2.23606797749979
1347.0,2.23606797749979
1348.0,2.23606797749979
1349.0,2.23606797749979
1350.0,2.23606797749979
1351.0,2.23606797749979
1352.0,2.23606797749979
1353.0,2.23606797749979
1354.0,2.23606797749979
1355.0,2.23606797749979
1356.0,2.23606797749979
1357.0,2.23606797749979
1358.0,2.23606797749979
1359.0,2.23606797749979
1360.0,2.23606797749979
1361.0,2.23606797749979
1362.0,2.23606797749979
1363.0,2.23606797749979
1364.0,2.23606797749979
1365.0,2.23606797749979
1366.0,2.23606797749979
1367.0,2.23606797749979
1368.0,2.23606797749979
1369.0,2.23606797749979
1370.0,2.23606797749979
1371.0,2.23606797749979
1372.0,2.23606797749979
1373.0,2.23606797749979
1374.0,2.23606797749979
1375.0,2.23606797749979
1376.0,2.23606797749979
1377.0,2.23606797749979
1378.0,2.23606797749979
1379.0,2.23606797749979
1380.0,2.23606797749979
1381.0,2.23606797749979
1382.0,2.23606797749979
1383.0,2.23606797749979
1384.0,2.23606797749979
1385.0,2.23606797749979
1386.0,2.23606797749979
1387.0,2.23606797749979
1388.0,2.23606797749979
1389.0,2.23606797749979
1390.0,2.23606797749979
1391.0,2.23606797749979
1392.0,2.23606797749979
1393.0,2.23606797749979
1394.0,2.23606797749979
1395.0,2.23606797749979
1396.0,2.23606797749979
1397.0,2.23606797749979
1398.0,2.23606797749979
1399.0,2.23606797749979
1400.0,2.23606797749979
1401.0,2.23606797749979
1402.0,2.23606797749979
1403.0,2.23606797749979
1404.0,2.23606797749979
1405.0,2.23606797749979
1406.0,2.23606797749979
1407.0,2.23606797749979
1408.0,2.23606797749979
1409.0,2.23606797749979
1410.0,2.23606797749979
1411.0,2.23606797749979
1412.0,2.23606797749979
1413.0,2.23606797749979
1414.0,2.23606797749979
1415.0,2.23606797749979
1416.0,2.23606797749979
1417.0,2.23606797749979
1418.0,2.23606797749979
1419.0,2.23606797749979
1420.0,2.23606797749979
1421.0,2.23606797749979
1422.0,2.23606797749979
1423.0,2.23606797749979
1424.0,2.23606797749979
1425.0,2.23606797749979
1426.0,2.23606797749979
1427.0,2.23606797749979
1428.0,2.23606797749979
1429.0,2.23606797749979
1430.0,2.23606797749979
1431.0,2.23606797749979
1432.0,2.23606797749979
1433.0,2.23606797749979
1434.0,2.23606797749979
1435.0,2.23606797749979
1436.0,2.23606797749979
1437.0,2.23606797749979
1438.0,2.23606797749979
1439.0,2.23606797749979
1440.0,2.23606797749979
1441.0,2.23606797749979
1442.0,2.23606797749979
1443.0,2.23606797749979
1444.0,2.23606797749979
1445.0,2.23606797749979
1446.0,2.23606797749979
1447.0,2.23606797749979
1448.0,2.23606797749979
1449.0,2.23606797749979
1450.0,2.23606797749979
1451.0,2.23606797749979
1452.0,2.23606797749979
1453.0,2.23606797749979
1454.0,2.23606797749979
1455.0,2.23606797749979
1456.0,2.23606797749979
1457.0,2.23606797749979
1458.0,2.23606797749979
1459.0,2.23606797749979
1460.0,2.23606797749979
1461.0,2.23606797749979
1462.0,2.23606797749979
1463.0,2.23606797749979
1464.0,2.23606797749979
1465.0,2.23606797749979
1466.0,2.23606797749979
1467.0,2.23606797749979
1468.0,2.23606797749979
1469.0,2.23606797749979
1470.0,2.23606797749979
1471.0,2.23606797749979
1472.0,2.23606797749979
1473.0,2.23606797749979
1474.0,2.23606797749979
1475.0,2.23606797749979
1476.0,2.23606797749979
1477.0,2.23606797749979
1478.0,2.23606797749979
1479.0,2.23606797749979
1480.0,2.23606797749979
1481.0,2.23606797749979
1482.0,2.23606797749979
1483.0,2.23606797749979
1484.0,2.23606797749979
1485.0,2.23606797749979
1486.0,2.23606797749979
1487.0,2.23606797749979
1488.0,2.23606797749979
1489.0,2.23606797749979
1490.0,2.23606797749979
1491.0,2.23606797749979
1492.0,2.23606797749979
1493.0,2.23606797749979
1494.0,2.23606797749979
1495.0,2.23606797749979
1496.0,2.23606797749979
1497.0,2.23606797749979
1498.0,2.23606797749979
1499.0,2.23606797749979
1500.0,2.23606797749979
1501.0,2.23606797749979
1502.0,2.23606797749979
1503.0,2.23606797749979
1504.0,2.23606797749979
1505.0,2.23606797749979
1506.0,2.23606797749979
1507.0,2.23606797749979
1508.0,2.23606797749979
1509.0,2.23606797749979
1510.0,2.23606797749979
1511.0,2.23606797749979
1512.0,2.23606797749979
1513.0,2.23606797749979
1514.0,2.23606797749979
1515.0,2.23606797749979
1516.0,2.23606797749979
1517.0,2.23606797749979
1518.0,2.23606797749979
1519.0,2.23606797749979
1520.0,2.23606797749979
1521.0,2.23606797749979
1522.0,2.23606797749979
1523.0,2.23606797749979
1524.0,2.23606797749979
1525.0,2.23606797749979
1526.0,2.23606797749979
1527.0,2.23606797749979
1528.0,2.23606797749979
1529.0,2.23606797749979
1530.0,2.23606797749979
1531.0,2.23606797749979
1532.0,2.23606797749979
1533.0,2.23606797749979
1534.0,2.23606797749979
1535.0,2.23606797749979
1536.0,2.23606797749979
1537.0,2.23606797749979
1538.0,2.23606797749979
1539.0,2.23606797749979
1540.0,2.23606797749979
1541.0,2.23606797749979
1542.0,2.23606797749979
1543.0,2.23606797749979
1544.0,2.23606797749979
1545.0,2.23606797749979
1546.0,2.23606797749979
1547.0,2.23606797749979
1548.0,2.23606797749979
1549.0,2.23606797749979
1550.0,2.23606797749979
1551.0,2.23606797749979
1552.0,2.23606797749979
1553.0,2.23606797749979
1554.0,2.23606797749979
1555.0,2.23606797749979
1556.0,2.23606797749979
1557.0,2.23606797749979
1558.0,2.23606797749979
1559.0,2.23606797749979
1560.0,2.23606797749979
1561.0,2.23606797749979
1562.0,2.23606797749979
1563.0,2.23606797749979
1564.0,2.23606797749979
1565.0,2.23606797749979
1566.0,2.23606797749979
1567.0,2.23606797749979
1568.0,2.23606797749979
1569.0,2.23606797749979
1570.0,2.23606797749979
1571.0,2.23606797749979
1572.0,2.23606797749979
1573.0,2.23606797749979
1574.0,2.23606797749979
1575.0,2.23606797749979
1576.0,2.23606797749979
1577.0,2.23606797749979
1578.0,2.23606797749979
1579.0,2.23606797749979
1580.0,2.23606797749979
1581.0,2.23606797749979
1582.0,2.23606797749979
1583.0,2.23606797749979
1584.0,2.23606797749979
1585.0,2.23606797749979
1586.0,2.23606797749979
1587.0,2.23606797749979
1588.0,2.23606797749979
1589.0,2.23606797749979
1590.0,2.23606797749979
1591.0,2.23606797749979
1592.0,2.23606797749979
1593.0,2.23606797749979
1594.0,2.23606797749979
1595.0,2.23606797749979
1596.0,2.23606797749979
1597.0,2.23606797749979
1598.0,2.23606797749979
1599.0,2.23606797749979
1600.0,2.23606797749979
1601.0,2.23606797749979
1602.0,2.23606797749979
1603.0,2.23606797749979
1604.0,2.23606797749979
1605.0,2.23606797749979
1606.0,2.23606797749979
1607.0,2.23606797749979
1608.0,2.23606797749979
1609.0,2.23606797749979
1610.0,2.23606797749979
1611.0,2.23606797749979
1612.0,2.23606797749979
1613.0,2.23606797749979
1614.0,2.23606797749979
1615.0,2.23606797749979
1616.0,2.23606797749979
1617.0,2.23606797749979
1618.0,2.23606797749979
1619.0,2.23606797749979
1620.0,2.23606797749979
1621.0,2.23606797749979
1622.0,2.23606797749979
1623.0,2.23606797749979
1624.0,2.23606797749979
1625.0,2.23606797749979
1626.0,2.23606797749979
1627.0,2.23606797749979
1628.0,2.23606797749979
1629.0,2.23606797749979
1630.0,2.23606797749979
1631.0,2.23606797749979
1632.0,2.23606797749979
1633.0,2.23606797749979
1634.0,2.23606797749979
1635.0,2.23606797749979
1636.0,2.23606797749979
1637.0,2.23606797749979
1638.0,2.23606797749979
1639.0,2.23606797749979
1640.0,2.23606797749979
1641.0,2.23606797749979
1642.0,2.23606797749979
1643.0,2.23606797749979
1644.0,2.23606797749979
1645.0,2.23606797749979
1646.0,2.23606797749979
1647.0,2.23606797749979
1648.0,2.23606797749979
1649.0,2.23606797749979
1650.0,2.23606797749979
1651.0,2.23606797749979
1652.0,2.23606797749979
1653.0,2.23606797749979
1654.0,2.23606797749979
1655.0,2.23606797749979
1656.0,2.23606797749979
1657.0,2.23606797749979
1658.0,2.23606797749979
1659.0,2.23606797749979
1660.0,2.23606797749979
1661.0,2.23606797749979
1662.0,2.23606797749979
1663.0,2.23606797749979
1664.0,2.23606797749979
1665.0,2.23606797749979
1666.0,2.23606797749979
1667.0,2.23606797749979
1668.0,2.23606797749979
1669.0,2.23606797749979
1670.0,2.23606797749979
1671.0,2.23606797749979
1672.0,2.23606797749979
1673.0,2.23606797749979
1674.0,2.23606797749979
1675.0,2.23606797749979
1676.0,2.23606797749979
1677.0,2.23606797749979
1678.0,2.23606797749979
1679.0,2.23606797749979
1680.0,2.23606797749979
1681.0,2.23606797749979
1682.0,2.23606797749979
1683.0,2.23606797749979
1684.0,2.23606797749979
1685.0,2.23606797749979
1686.0,2.23606797749979
1687.0,2.23606797749979
1688.0,2.23606797749979
1689.0,2.23606797749979
1690.0,2.23606797749979
1691.0,2.23606797749979
1692.0,2.23606797749979
1693.0,2.23606797749979
1694.0,2.23606797749979
1695.0,2.23606797749979
1696.0,2.23606797749979
1697.0,2.23606797749979
1698.0,2.23606797749979
1699.0,2.23606797749979
1700.0,2.23606797749979
1701.0,2.23606797749979
1702.0,2.23606797749979
1703.0,2.23606797749979
1704.0,2.23606797749979
1705.0,2.23606797749979
1706.0,2.23606797749979
1707.0,2.23606797749979
1708.0,2.23606797749979
1709.0,2.23606797749979
1710.0,2.23606797749979
1711.0,2.23606797749979
1712.0,2.23606797749979
1713.0,2.23606797749979
1714.0,2.23606797749979
1715.0,2.23606797749979
1716.0,2.23606797749979
1717.0,2.23606797749979
1718.0,2.23606797749979
1719.0,2.23606797749979
1720.0,2.23606797749979
1721.0,2.23606797749979
1722.0,2.23606797749979
1723.0,2.23606797749979
1724.0,2.23606797749979
1725.0,2.23606797749979
1726.0,2.23606797749979
1727.0,2.23606797749979
1728.0,2.23606797749979
1729.0,2.23606797749979
1730.0,2.23606797749979
1731.0,2.23606797749979
1732.0,2.23606797749979
1733.0,2.23606797749979
1734.0,2.23606797749979
1735.0,2.23606797749979
1736.0,2.23606797749979
1737.0,2.23606797749979
1738.0,2.23606797749979
1739.0,2.23606797749979
1740.0,2.23606797749979
1741.0,2.23606797749979
1742.0,2.23606797749979
1743.0,2.23606797749979
1744.0,2.23606797749979
1745.0,2.23606797749979
1746.0,2.23606797749979
1747.0,2.23606797749979
1748.0,2.23606797749979
1749.0,2.23606797749979
1750.0,2.23606797749979
1751.0,2.23606797749979
1752.0,2.23606797749979
1753.0,2.23606797749979
1754.0,2.23606797749979
1755.0,2.23606797749979
1756.0,2.23606797749979
1757.0,2.23606797749979
1758.0,2.23606797749979
1759.0,2.23606797749979
1760.0,2.23606797749979
1761.0,2.23606797749979
1762.0,2.23606797749979
1763.0,2.23606797749979
1764.0,2.23606797749979
1765.0,2.23606797749979
1766.0,2.23606797749979
1767.0,2.23606797749979
1768.0,2.23606797749979
1769.0,2.23606797749979
1770.0,2.23606797749979
1771.0,2.23606797749979
1772.0,2.23606797749979
1773.0,2.23606797749979
1774.0,2.23606797749979
1775.0,2.23606797749979
1776.0,2.23606797749979
1777.0,2.23606797749979
1778.0,2.23606797749979
1779.0,2.23606797749979
1780.0,2.23606797749979
1781.0,2.23606797749979
1782.0,2.23606797749979
1783.0,2.23606797749979
1784.0,2.23606797749979
1785.0,2.23606797749979
1786.0,2.23606797749979
1787.0,2.23606797749979
1788.0,2.23606797749979
1789.0,2.23606797749979
1790.0,2.23606797749979
1791.0,2.23606797749979
1792.0,2.23606797749979
1793.0,2.23606797749979
1794.0,2.23606797749979
1795.0,2.23606797749979
1796.0,2.23606797749979
1797.0,2.23606797749979
1798.0,2.23606797749979
1799.0,2.23606797749979
1800.0,2.23606797749979
1801.0,2.23606797749979
1802.0,2.23606797749979
1803.0,2.23606797749979
1804.0,2.23606797749979
1805.0,2.23606797749979
1806.0,2.23606797749979
1807.0,2.23606797749979
1808.0,2.23606797749979
1809.0,2.23606797749979
1810.0,2.23606797749979
1811.0,2.23606797749979
1812.0,2.23606797749979
1813.0,2.23606797749979
1814.0,2.23606797749979
1815.0,2.23606797749979
1816.0,2.23606797749979
1817.0,2.23606797749979
1818.0,2.23606797749979
1819.0,2.23606797749979
1820.0,2.23606797749979
1821.0,2.23606797749979
1822.0,2.23606797749979
1823.0,2.23606797749979
1824.0,2.23606797749979
1825.0,2.23606797749979
1826.0,2.23606797749979
1827.0,2.23606797749979
1828.0,2.23606797749979
1829.0,2.23606797749979
1830.0,2.23606797749979
1831.0,2.23606797749979
1832.0,2.23606797749979
1833.0,2.23606797749979
1834.0,2.23606797749979
1835.0,2.23606797749979
1836.0,2.23606797749979
1837.0,2.23606797749979
1838.0,2.23606797749979
1839.0,2.23606797749979
1840.0,2.23606797749979
1841.0,2.23606797749979
1842.0,2.23606797749979
1843.0,2.23606797749979
1844.0,2.23606797749979
1845.0,2.23606797749979
1846.0,2.23606797749979
1847.0,2.23606797749979
1848.0,2.23606797749979
1849.0,2.23606797749979
1850.0,2.23606797749979
1851.0,2.23606797749979
1852.0,2.23606797749979
1853.0,2.23606797749979
1854.0,2.23606797749979
1855.0,2.23606797749979
1856.0,2.23606797749979
1857.0,2.23606797749979
1858.0,2.23606797749979
1859.0,2.23606797749979
1860.0,2.23606797749979
1861.0,2.23606797749979
1862.0,2.23606797749979
1863.0,2.23606797749979
1864.0,2.23606797749979
1865.0,2.23606797749979
1866.0,2.23606797749979
1867.0,2.23606797749979
1868.0,2.23606797749979
1869.0,2.23606797749979
1870.0,2.23606797749979
1871.0,2.23606797749979
1872.0,2.23606797749979
1873.0,2.23606797749979
1874.0,2.23606797749979
1875.0,2.23606797749979
1876.0,2.23606797749979
1877.0,2.23606797749979
1878.0,2.23606797749979
1879.0,2.23606797749979
1880.0,2.23606797749979
1881.0,2.23606797749979
1882.0,2.23606797749979
1883.0,2.23606797749979
1884.0,2.23606797749979
1885.0,2.23606797749979
1886.0,2.23606797749979
1887.0,2.23606797749979
1888.0,2.23606797749979
1889.0,2.23606797749979
1890.0,2.23606797749979
1891.0,2.23606797749979
1892.0,2.23606797749979
1893.0,2.23606797749979
1894.0,2.23606797749979
1895.0,2.23606797749979
1896.0,2.23606797749979
1897.0,2.23606797749979
1898.0,2.23606797749979
1899.0,2.23606797749979
1900.0,2.23606797749979
1901.0,2.23606797749979
1902.0,2.23606797749979
1903.0,2.23606797749979
1904.0,2.23606797749979
1905.0,2.23606797749979
1906.0,2.23606797749979
1907.0,2.23606797749979
1908.0,2.23606797749979
1909.0,2.23606797749979
1910.0,2.23606797749979
1911.0,2.23606797749979
1912.0,2.23606797749979
1913.0,2.23606797749979
1914.0,2.23606797749979
1915.0,2.23606797749979
1916.0,2.23606797749979
1917.0,2.23606797749979
1918.0,2.23606797749979
1919.0,2.23606797749979
1920.0,2.23606797749979
1921.0,2.23606797749979
1922.0,2.23606797749979
1923.0,2.23606797749979
1924.0,2.23606797749979
1925.0,2.23606797749979
1926.0,2.23606797749979
1927.0,2.23606797749979
1928.0,2.23606797749979
1929.0,2.23606797749979
1930.0,2.23606797749979
1931.0,2.23606797749979
1932.0,2.23606797749979
1933.0,2.23606797749979
1934.0,2.23606797749979
1935.0,2.23606797749979
1936.0,2.23606797749979
1937.0,2.23606797749979
1938.0,2.23606797749979
1939.0,2.23606797749979
1940.0,2.23606797749979
1941.0,2.23606797749979
1942.0,2.23606797749979
1943.0,2.23606797749979
1944.0,2.23606797749979
1945.0,2.23606797749979
1946.0,2.23606797749979
1947.0,2.23606797749979
1948.0,2.23606797749979
1949.0,2.23606797749979
1950.0,2.23606797749979
1951.0,2.23606797749979
1952.0,2.23606797749979
1953.0,2.23606797749979
1954.0,2.23606797749979
1955.0,2.23606797749979
1956.0,2.23606797749979
1957.0,2.23606797749979
1958.0,2.23606797749979
1959.0,2.23606797749979
1960.0,2.23606797749979
1961.0,2.23606797749979
1962.0,2.23606797749979
1963.0,2.23606797749979
1964.0,2.23606797749979
1965.0,2.23606797749979
1966.0,2.23606797749979
1967.0,2.23606797749979
1968.0,2.23606797749979
1969.0,2.23606797749979
1970.0,2.23606797749979
1971.0,2.23606797749979
1972.0,2.23606797749979
1973.0,2.23606797749979
1974.0,2.23606797749979
1975.0,2.23606797749979
1976.0,2.23606797749979
1977.0,2.23606797749979
1978.0,2.23606797749979
1979.0,2.23606797749979
1980.0,2.23606797749979
1981.0,2.23606797749979
1982.0,2.23606797749979
1983.0,2.23606797749979
1984.0,2.23606797749979
1985.0,2.23606797749979
1986.0,2.23606797749979
1987.0,2.23606797749979
1988.0,2.23606797749979
1989.0,2.23606797749979
1990.0,2.23606797749979
1991.0,2.23606797749979
1992.0,2.23606797749979
1993.0,2.23606797749979
1994.0,2.23606797749979
1995.0,2.23606797749979
1996.0,2.23606797749979
1997.0,2.23606797749979
1998.0,2.23606797749979
1999.0,2.23606797749979
2000.0,2.23606797749979
2001.0,2.23606797749979
