Iteration,Fitness
2.0,56.95612346359257
3.0,56.95612346359257
4.0,50.84289527554464
5.0,27.910571473905726
6.0,27.65863337187866
7.0,25.612496949731394
8.0,25.612496949731394
9.0,13.45362404707371
10.0,13.45362404707371
11.0,13.45362404707371
12.0,13.45362404707371
13.0,13.45362404707371
14.0,13.45362404707371
15.0,13.45362404707371
16.0,13.45362404707371
17.0,13.45362404707371
18.0,13.45362404707371
19.0,13.45362404707371
20.0,13.45362404707371
21.0,13.45362404707371
22.0,13.45362404707371
23.0,13.45362404707371
24.0,13.45362404707371
25.0,13.45362404707371
26.0,12.165525060596439
27.0,12.165525060596439
28.0,12.165525060596439
29.0,12.165525060596439
30.0,12.165525060596439
31.0,12.165525060596439
32.0,12.165525060596439
33.0,12.165525060596439
34.0,12.165525060596439
35.0,12.165525060596439
36.0,12.165525060596439
37.0,12.165525060596439
38.0,12.165525060596439
39.0,12.165525060596439
40.0,12.165525060596439
41.0,12.165525060596439
42.0,12.165525060596439
43.0,12.165525060596439
44.0,12.165525060596439
45.0,12.165525060596439
46.0,12.165525060596439
47.0,12.165525060596439
48.0,12.165525060596439
49.0,12.165525060596439
50.0,12.165525060596439
51.0,12.165525060596439
52.0,12.165525060596439
53.0,11.180339887498949
54.0,11.180339887498949
55.0,11.180339887498949
56.0,10.583005244258363
57.0,10.583005244258363
58.0,10.583005244258363
59.0,10.583005244258363
60.0,10.583005244258363
61.0,10.535653752852738
62.0,10.535653752852738
63.0,10.535653752852738
64.0,10.535653752852738
65.0,10.535653752852738
66.0,8.94427190999916
67.0,8.94427190999916
68.0,8.94427190999916
69.0,8.94427190999916
70.0,8.94427190999916
71.0,8.94427190999916
72.0,8.94427190999916
73.0,8.94427190999916
74.0,8.94427190999916
75.0,8.94427190999916
76.0,8.94427190999916
77.0,8.94427190999916
78.0,8.94427190999916
79.0,8.94427190999916
80.0,8.94427190999916
81.0,8.94427190999916
82.0,8.94427190999916
83.0,8.94427190999916
84.0,8.94427190999916
85.0,8.94427190999916
86.0,8.94427190999916
87.0,8.94427190999916
88.0,8.94427190999916
89.0,8.94427190999916
90.0,8.717797887081348
91.0,8.717797887081348
92.0,8.717797887081348
93.0,8.717797887081348
94.0,8.717797887081348
95.0,8.717797887081348
96.0,8.717797887081348
97.0,8.717797887081348
98.0,8.717797887081348
99.0,8.717797887081348
100.0,8.717797887081348
101.0,8.717797887081348
102.0,8.717797887081348
103.0,8.717797887081348
104.0,8.717797887081348
105.0,8.660254037844387
106.0,8.660254037844387
107.0,8.660254037844387
108.0,6.557438524302
109.0,6.557438524302
110.0,6.557438524302
111.0,6.557438524302
112.0,6.557438524302
113.0,6.557438524302
114.0,6.557438524302
115.0,6.557438524302
116.0,6.557438524302
117.0,6.557438524302
118.0,6.557438524302
119.0,6.557438524302
120.0,6.557438524302
121.0,6.557438524302
122.0,6.557438524302
123.0,6.324555320336759
124.0,6.324555320336759
125.0,6.324555320336759
126.0,6.324555320336759
127.0,6.324555320336759
128.0,6.324555320336759
129.0,6.324555320336759
130.0,6.324555320336759
131.0,6.324555320336759
132.0,6.324555320336759
133.0,6.324555320336759
134.0,6.324555320336759
135.0,6.324555320336759
136.0,6.324555320336759
137.0,6.324555320336759
138.0,6.324555320336759
139.0,6.324555320336759
140.0,6.324555320336759
141.0,6.324555320336759
142.0,6.324555320336759
143.0,6.324555320336759
144.0,6.324555320336759
145.0,6.324555320336759
146.0,6.324555320336759
147.0,6.324555320336759
148.0,6.324555320336759
149.0,6.324555320336759
150.0,6.324555320336759
151.0,6.324555320336759
152.0,6.324555320336759
153.0,6.324555320336759
154.0,6.082762530298219
155.0,6.082762530298219
156.0,6.082762530298219
157.0,6.082762530298219
158.0,6.082762530298219
159.0,6.082762530298219
160.0,6.082762530298219
161.0,6.082762530298219
162.0,6.082762530298219
163.0,6.082762530298219
164.0,6.082762530298219
165.0,5.385164807134504
166.0,5.385164807134504
167.0,5.385164807134504
168.0,4.898979485566356
169.0,4.898979485566356
170.0,4.898979485566356
171.0,4.898979485566356
172.0,4.898979485566356
173.0,4.898979485566356
174.0,4.898979485566356
175.0,4.898979485566356
176.0,4.898979485566356
177.0,4.898979485566356
178.0,4.898979485566356
179.0,4.898979485566356
180.0,4.898979485566356
181.0,4.898979485566356
182.0,4.898979485566356
183.0,4.898979485566356
184.0,4.898979485566356
185.0,4.898979485566356
186.0,4.898979485566356
187.0,4.898979485566356
188.0,4.898979485566356
189.0,4.898979485566356
190.0,4.898979485566356
191.0,4.898979485566356
192.0,4.898979485566356
193.0,4.898979485566356
194.0,4.898979485566356
195.0,4.898979485566356
196.0,4.898979485566356
197.0,4.898979485566356
198.0,4.898979485566356
199.0,4.898979485566356
200.0,4.898979485566356
201.0,4.898979485566356
202.0,4.898979485566356
203.0,4.898979485566356
204.0,4.69041575982343
205.0,4.69041575982343
206.0,4.69041575982343
207.0,4.69041575982343
208.0,4.69041575982343
209.0,4.69041575982343
210.0,4.69041575982343
211.0,4.69041575982343
212.0,4.69041575982343
213.0,4.69041575982343
214.0,4.69041575982343
215.0,4.69041575982343
216.0,4.69041575982343
217.0,4.69041575982343
218.0,4.69041575982343
219.0,4.69041575982343
220.0,4.69041575982343
221.0,4.69041575982343
222.0,4.69041575982343
223.0,4.69041575982343
224.0,4.69041575982343
225.0,4.69041575982343
226.0,4.69041575982343
227.0,4.69041575982343
228.0,4.69041575982343
229.0,4.69041575982343
230.0,4.69041575982343
231.0,4.69041575982343
232.0,4.69041575982343
233.0,4.69041575982343
234.0,4.69041575982343
235.0,4.69041575982343
236.0,4.69041575982343
237.0,4.69041575982343
238.0,4.69041575982343
239.0,4.69041575982343
240.0,4.69041575982343
241.0,4.69041575982343
242.0,4.69041575982343
243.0,4.69041575982343
244.0,4.69041575982343
245.0,4.69041575982343
246.0,4.69041575982343
247.0,4.69041575982343
248.0,4.69041575982343
249.0,4.69041575982343
250.0,4.69041575982343
251.0,4.69041575982343
252.0,4.69041575982343
253.0,4.69041575982343
254.0,4.69041575982343
255.0,4.69041575982343
256.0,4.69041575982343
257.0,4.69041575982343
258.0,4.69041575982343
259.0,4.69041575982343
260.0,4.47213595499958
261.0,4.47213595499958
262.0,4.47213595499958
263.0,4.47213595499958
264.0,4.47213595499958
265.0,4.47213595499958
266.0,4.47213595499958
267.0,4.47213595499958
268.0,4.242640687119285
269.0,4.242640687119285
270.0,4.242640687119285
271.0,4.242640687119285
272.0,4.242640687119285
273.0,3.605551275463989
274.0,3.605551275463989
275.0,3.605551275463989
276.0,3.605551275463989
277.0,3.605551275463989
278.0,3.605551275463989
279.0,3.605551275463989
280.0,3.605551275463989
281.0,3.605551275463989
282.0,3.605551275463989
283.0,3.605551275463989
284.0,3.605551275463989
285.0,3.605551275463989
286.0,3.605551275463989
287.0,3.605551275463989
288.0,3.605551275463989
289.0,3.605551275463989
290.0,3.605551275463989
291.0,3.605551275463989
292.0,3.605551275463989
293.0,3.605551275463989
294.0,3.605551275463989
295.0,3.605551275463989
296.0,3.605551275463989
297.0,3.605551275463989
298.0,3.605551275463989
299.0,3.605551275463989
300.0,3.605551275463989
301.0,3.605551275463989
302.0,3.605551275463989
303.0,3.605551275463989
304.0,3.605551275463989
305.0,3.605551275463989
306.0,3.605551275463989
307.0,3.605551275463989
308.0,3.605551275463989
309.0,3.605551275463989
310.0,3.605551275463989
311.0,3.605551275463989
312.0,3.605551275463989
313.0,3.605551275463989
314.0,3.605551275463989
315.0,3.605551275463989
316.0,3.605551275463989
317.0,3.605551275463989
318.0,3.605551275463989
319.0,3.605551275463989
320.0,3.605551275463989
321.0,3.605551275463989
322.0,3.605551275463989
323.0,3.605551275463989
324.0,3.605551275463989
325.0,3.605551275463989
326.0,3.605551275463989
327.0,3.605551275463989
328.0,3.605551275463989
329.0,3.605551275463989
330.0,3.605551275463989
331.0,3.605551275463989
332.0,3.605551275463989
333.0,3.605551275463989
334.0,3.605551275463989
335.0,3.605551275463989
336.0,3.605551275463989
337.0,3.605551275463989
338.0,3.605551275463989
339.0,3.605551275463989
340.0,3.605551275463989
341.0,3.605551275463989
342.0,3.605551275463989
343.0,3.605551275463989
344.0,3.605551275463989
345.0,3.605551275463989
346.0,3.605551275463989
347.0,3.605551275463989
348.0,3.605551275463989
349.0,3.605551275463989
350.0,3.605551275463989
351.0,3.605551275463989
352.0,3.605551275463989
353.0,3.605551275463989
354.0,3.1622776601683795
355.0,3.1622776601683795
356.0,3.1622776601683795
357.0,3.1622776601683795
358.0,3.1622776601683795
359.0,3.1622776601683795
360.0,3.1622776601683795
361.0,3.1622776601683795
362.0,3.1622776601683795
363.0,3.1622776601683795
364.0,3.1622776601683795
365.0,3.1622776601683795
366.0,3.1622776601683795
367.0,3.1622776601683795
368.0,3.1622776601683795
369.0,3.1622776601683795
370.0,3.1622776601683795
371.0,3.1622776601683795
372.0,3.1622776601683795
373.0,3.1622776601683795
374.0,3.1622776601683795
375.0,3.1622776601683795
376.0,3.1622776601683795
377.0,3.1622776601683795
378.0,3.1622776601683795
379.0,3.1622776601683795
380.0,3.1622776601683795
381.0,3.1622776601683795
382.0,3.1622776601683795
383.0,3.1622776601683795
384.0,3.1622776601683795
385.0,3.1622776601683795
386.0,3.1622776601683795
387.0,3.1622776601683795
388.0,3.1622776601683795
389.0,3.1622776601683795
390.0,3.1622776601683795
391.0,3.1622776601683795
392.0,3.1622776601683795
393.0,3.1622776601683795
394.0,3.1622776601683795
395.0,3.1622776601683795
396.0,3.1622776601683795
397.0,3.1622776601683795
398.0,3.1622776601683795
399.0,3.1622776601683795
400.0,3.1622776601683795
401.0,3.1622776601683795
402.0,3.1622776601683795
403.0,3.1622776601683795
404.0,3.1622776601683795
405.0,3.1622776601683795
406.0,3.1622776601683795
407.0,3.1622776601683795
408.0,3.1622776601683795
409.0,3.1622776601683795
410.0,3.1622776601683795
411.0,3.1622776601683795
412.0,3.1622776601683795
413.0,3.1622776601683795
414.0,3.1622776601683795
415.0,3.1622776601683795
416.0,3.1622776601683795
417.0,3.1622776601683795
418.0,3.1622776601683795
419.0,3.1622776601683795
420.0,3.1622776601683795
421.0,3.1622776601683795
422.0,3.1622776601683795
423.0,3.1622776601683795
424.0,3.1622776601683795
425.0,3.1622776601683795
426.0,3.1622776601683795
427.0,3.1622776601683795
428.0,3.1622776601683795
429.0,3.1622776601683795
430.0,3.1622776601683795
431.0,3.1622776601683795
432.0,3.1622776601683795
433.0,3.1622776601683795
434.0,3.1622776601683795
435.0,3.1622776601683795
436.0,3.1622776601683795
437.0,3.1622776601683795
438.0,3.1622776601683795
439.0,3.1622776601683795
440.0,3.1622776601683795
441.0,3.1622776601683795
442.0,3.1622776601683795
443.0,3.1622776601683795
444.0,3.1622776601683795
445.0,3.1622776601683795
446.0,3.1622776601683795
447.0,3.1622776601683795
448.0,3.1622776601683795
449.0,3.1622776601683795
450.0,3.1622776601683795
451.0,3.1622776601683795
452.0,3.1622776601683795
453.0,3.1622776601683795
454.0,3.1622776601683795
455.0,3.1622776601683795
456.0,3.1622776601683795
457.0,3.1622776601683795
458.0,3.1622776601683795
459.0,3.1622776601683795
460.0,3.1622776601683795
461.0,3.1622776601683795
462.0,3.1622776601683795
463.0,3.1622776601683795
464.0,3.0
465.0,3.0
466.0,3.0
467.0,3.0
468.0,3.0
469.0,3.0
470.0,3.0
471.0,3.0
472.0,3.0
473.0,3.0
474.0,3.0
475.0,3.0
476.0,3.0
477.0,3.0
478.0,3.0
479.0,3.0
480.0,3.0
481.0,3.0
482.0,3.0
483.0,3.0
484.0,3.0
485.0,3.0
486.0,3.0
487.0,3.0
488.0,3.0
489.0,3.0
490.0,3.0
491.0,3.0
492.0,3.0
493.0,3.0
494.0,3.0
495.0,3.0
496.0,3.0
497.0,3.0
498.0,2.6457513110645907
499.0,2.6457513110645907
500.0,2.6457513110645907
501.0,2.6457513110645907
502.0,2.6457513110645907
503.0,2.6457513110645907
504.0,2.6457513110645907
505.0,2.6457513110645907
506.0,2.6457513110645907
507.0,2.6457513110645907
508.0,2.6457513110645907
509.0,2.6457513110645907
510.0,2.6457513110645907
511.0,2.6457513110645907
512.0,2.6457513110645907
513.0,2.6457513110645907
514.0,2.6457513110645907
515.0,2.6457513110645907
516.0,2.6457513110645907
517.0,2.6457513110645907
518.0,2.6457513110645907
519.0,2.6457513110645907
520.0,2.6457513110645907
521.0,2.6457513110645907
522.0,2.449489742783178
523.0,2.449489742783178
524.0,2.449489742783178
525.0,2.449489742783178
526.0,2.449489742783178
527.0,2.449489742783178
528.0,2.449489742783178
529.0,2.449489742783178
530.0,2.449489742783178
531.0,2.449489742783178
532.0,2.449489742783178
533.0,2.449489742783178
534.0,2.449489742783178
535.0,2.449489742783178
536.0,2.449489742783178
537.0,2.449489742783178
538.0,2.449489742783178
539.0,2.449489742783178
540.0,2.449489742783178
541.0,2.449489742783178
542.0,2.449489742783178
543.0,2.449489742783178
544.0,2.449489742783178
545.0,2.449489742783178
546.0,2.449489742783178
547.0,2.449489742783178
548.0,2.449489742783178
549.0,2.449489742783178
550.0,2.449489742783178
551.0,2.449489742783178
552.0,2.449489742783178
553.0,2.449489742783178
554.0,2.449489742783178
555.0,2.449489742783178
556.0,2.449489742783178
557.0,2.449489742783178
558.0,2.449489742783178
559.0,2.449489742783178
560.0,2.449489742783178
561.0,2.449489742783178
562.0,2.449489742783178
563.0,2.449489742783178
564.0,2.449489742783178
565.0,2.449489742783178
566.0,2.449489742783178
567.0,2.449489742783178
568.0,2.449489742783178
569.0,2.449489742783178
570.0,2.449489742783178
571.0,2.449489742783178
572.0,2.449489742783178
573.0,2.449489742783178
574.0,2.449489742783178
575.0,2.449489742783178
576.0,2.449489742783178
577.0,2.449489742783178
578.0,2.449489742783178
579.0,2.449489742783178
580.0,2.449489742783178
581.0,2.449489742783178
582.0,2.449489742783178
583.0,2.449489742783178
584.0,2.449489742783178
585.0,2.449489742783178
586.0,2.449489742783178
587.0,2.449489742783178
588.0,2.449489742783178
589.0,2.449489742783178
590.0,2.449489742783178
591.0,2.449489742783178
592.0,2.449489742783178
593.0,2.449489742783178
594.0,2.449489742783178
595.0,2.449489742783178
596.0,2.449489742783178
597.0,2.449489742783178
598.0,2.449489742783178
599.0,2.449489742783178
600.0,2.449489742783178
601.0,2.449489742783178
602.0,2.449489742783178
603.0,2.449489742783178
604.0,2.449489742783178
605.0,2.449489742783178
606.0,2.449489742783178
607.0,2.449489742783178
608.0,2.449489742783178
609.0,2.449489742783178
610.0,2.449489742783178
611.0,2.449489742783178
612.0,2.449489742783178
613.0,2.449489742783178
614.0,2.449489742783178
615.0,2.449489742783178
616.0,2.449489742783178
617.0,2.449489742783178
618.0,2.449489742783178
619.0,2.449489742783178
620.0,2.449489742783178
621.0,2.449489742783178
622.0,2.23606797749979
623.0,2.23606797749979
624.0,2.23606797749979
625.0,2.23606797749979
626.0,2.23606797749979
627.0,2.23606797749979
628.0,2.23606797749979
629.0,2.23606797749979
630.0,2.23606797749979
631.0,2.23606797749979
632.0,2.23606797749979
633.0,2.23606797749979
634.0,2.23606797749979
635.0,2.23606797749979
636.0,2.23606797749979
637.0,2.23606797749979
638.0,2.23606797749979
639.0,2.23606797749979
640.0,2.23606797749979
641.0,2.23606797749979
642.0,2.23606797749979
643.0,2.23606797749979
644.0,2.23606797749979
645.0,2.23606797749979
646.0,2.23606797749979
647.0,2.23606797749979
648.0,2.23606797749979
649.0,2.23606797749979
650.0,2.23606797749979
651.0,2.23606797749979
652.0,2.23606797749979
653.0,2.23606797749979
654.0,2.23606797749979
655.0,2.23606797749979
656.0,2.23606797749979
657.0,2.23606797749979
658.0,2.23606797749979
659.0,2.23606797749979
660.0,2.23606797749979
661.0,2.23606797749979
662.0,2.23606797749979
663.0,2.23606797749979
664.0,2.23606797749979
665.0,2.23606797749979
666.0,2.23606797749979
667.0,2.23606797749979
668.0,2.23606797749979
669.0,2.23606797749979
670.0,2.23606797749979
671.0,2.23606797749979
672.0,2.23606797749979
673.0,2.23606797749979
674.0,2.23606797749979
675.0,2.23606797749979
676.0,2.23606797749979
677.0,2.23606797749979
678.0,2.23606797749979
679.0,2.23606797749979
680.0,2.23606797749979
681.0,2.23606797749979
682.0,2.23606797749979
683.0,2.23606797749979
684.0,2.23606797749979
685.0,2.23606797749979
686.0,2.23606797749979
687.0,2.23606797749979
688.0,2.23606797749979
689.0,2.23606797749979
690.0,2.23606797749979
691.0,2.23606797749979
692.0,2.23606797749979
693.0,2.23606797749979
694.0,2.23606797749979
695.0,2.23606797749979
696.0,2.23606797749979
697.0,2.23606797749979
698.0,2.23606797749979
699.0,2.23606797749979
700.0,2.23606797749979
701.0,2.23606797749979
702.0,2.23606797749979
703.0,2.23606797749979
704.0,2.23606797749979
705.0,2.23606797749979
706.0,2.23606797749979
707.0,2.23606797749979
708.0,2.23606797749979
709.0,2.23606797749979
710.0,2.23606797749979
711.0,2.23606797749979
712.0,2.23606797749979
713.0,2.23606797749979
714.0,2.23606797749979
715.0,2.23606797749979
716.0,2.23606797749979
717.0,2.23606797749979
718.0,2.23606797749979
719.0,2.23606797749979
720.0,2.23606797749979
721.0,2.23606797749979
722.0,2.23606797749979
723.0,2.23606797749979
724.0,2.23606797749979
725.0,2.23606797749979
726.0,2.23606797749979
727.0,2.23606797749979
728.0,2.23606797749979
729.0,2.23606797749979
730.0,2.23606797749979
731.0,2.23606797749979
732.0,2.23606797749979
733.0,2.23606797749979
734.0,2.23606797749979
735.0,2.23606797749979
736.0,2.23606797749979
737.0,2.23606797749979
738.0,2.23606797749979
739.0,2.23606797749979
740.0,2.23606797749979
741.0,2.23606797749979
742.0,2.23606797749979
743.0,2.23606797749979
744.0,2.23606797749979
745.0,2.23606797749979
746.0,2.23606797749979
747.0,2.23606797749979
748.0,2.23606797749979
749.0,2.23606797749979
750.0,2.23606797749979
751.0,2.23606797749979
752.0,2.23606797749979
753.0,2.23606797749979
754.0,2.23606797749979
755.0,2.23606797749979
756.0,2.23606797749979
757.0,2.23606797749979
758.0,2.23606797749979
759.0,2.23606797749979
760.0,2.23606797749979
761.0,2.23606797749979
762.0,2.23606797749979
763.0,2.23606797749979
764.0,2.23606797749979
765.0,2.23606797749979
766.0,2.23606797749979
767.0,2.23606797749979
768.0,2.23606797749979
769.0,2.23606797749979
770.0,2.23606797749979
771.0,2.23606797749979
772.0,2.23606797749979
773.0,2.23606797749979
774.0,2.23606797749979
775.0,2.23606797749979
776.0,2.23606797749979
777.0,2.23606797749979
778.0,2.23606797749979
779.0,2.23606797749979
780.0,2.23606797749979
781.0,2.23606797749979
782.0,2.23606797749979
783.0,2.23606797749979
784.0,2.23606797749979
785.0,2.23606797749979
786.0,2.23606797749979
787.0,2.23606797749979
788.0,2.23606797749979
789.0,2.23606797749979
790.0,2.23606797749979
791.0,2.23606797749979
792.0,2.23606797749979
793.0,2.23606797749979
794.0,2.23606797749979
795.0,2.23606797749979
796.0,2.23606797749979
797.0,2.23606797749979
798.0,2.23606797749979
799.0,2.23606797749979
800.0,2.23606797749979
801.0,2.23606797749979
802.0,2.23606797749979
803.0,2.23606797749979
804.0,2.23606797749979
805.0,2.23606797749979
806.0,2.23606797749979
807.0,2.23606797749979
808.0,2.23606797749979
809.0,2.23606797749979
810.0,2.23606797749979
811.0,2.23606797749979
812.0,2.23606797749979
813.0,2.23606797749979
814.0,2.23606797749979
815.0,2.23606797749979
816.0,2.23606797749979
817.0,2.23606797749979
818.0,2.23606797749979
819.0,2.23606797749979
820.0,2.23606797749979
821.0,2.23606797749979
822.0,2.23606797749979
823.0,2.23606797749979
824.0,2.23606797749979
825.0,2.23606797749979
826.0,2.23606797749979
827.0,2.23606797749979
828.0,2.23606797749979
829.0,2.23606797749979
830.0,2.23606797749979
831.0,2.23606797749979
832.0,2.23606797749979
833.0,2.23606797749979
834.0,2.23606797749979
835.0,2.23606797749979
836.0,2.23606797749979
837.0,2.23606797749979
838.0,2.23606797749979
839.0,2.23606797749979
840.0,2.23606797749979
841.0,2.23606797749979
842.0,2.23606797749979
843.0,2.23606797749979
844.0,2.23606797749979
845.0,2.23606797749979
846.0,2.23606797749979
847.0,2.23606797749979
848.0,2.23606797749979
849.0,2.23606797749979
850.0,2.23606797749979
851.0,2.23606797749979
852.0,2.23606797749979
853.0,2.23606797749979
854.0,2.23606797749979
855.0,2.23606797749979
856.0,2.23606797749979
857.0,2.23606797749979
858.0,2.23606797749979
859.0,2.23606797749979
860.0,2.23606797749979
861.0,2.23606797749979
862.0,2.23606797749979
863.0,2.23606797749979
864.0,2.23606797749979
865.0,2.23606797749979
866.0,2.23606797749979
867.0,2.23606797749979
868.0,2.23606797749979
869.0,2.23606797749979
870.0,2.23606797749979
871.0,2.23606797749979
872.0,2.23606797749979
873.0,2.23606797749979
874.0,2.23606797749979
875.0,2.23606797749979
876.0,2.23606797749979
877.0,2.23606797749979
878.0,2.23606797749979
879.0,2.23606797749979
880.0,2.23606797749979
881.0,2.23606797749979
882.0,2.23606797749979
883.0,2.23606797749979
884.0,2.23606797749979
885.0,2.23606797749979
886.0,2.23606797749979
887.0,2.23606797749979
888.0,2.23606797749979
889.0,2.23606797749979
890.0,2.23606797749979
891.0,2.23606797749979
892.0,2.23606797749979
893.0,2.23606797749979
894.0,2.23606797749979
895.0,2.23606797749979
896.0,2.23606797749979
897.0,2.23606797749979
898.0,2.23606797749979
899.0,2.23606797749979
900.0,2.23606797749979
901.0,2.23606797749979
902.0,2.23606797749979
903.0,2.23606797749979
904.0,2.23606797749979
905.0,2.23606797749979
906.0,2.23606797749979
907.0,2.23606797749979
908.0,2.23606797749979
909.0,2.23606797749979
910.0,2.23606797749979
911.0,2.23606797749979
912.0,2.23606797749979
913.0,2.23606797749979
914.0,2.23606797749979
915.0,2.23606797749979
916.0,2.23606797749979
917.0,2.23606797749979
918.0,2.23606797749979
919.0,2.23606797749979
920.0,2.23606797749979
921.0,2.23606797749979
922.0,2.23606797749979
923.0,2.23606797749979
924.0,2.23606797749979
925.0,2.23606797749979
926.0,2.23606797749979
927.0,2.23606797749979
928.0,2.23606797749979
929.0,2.23606797749979
930.0,2.23606797749979
931.0,2.23606797749979
932.0,2.23606797749979
933.0,2.23606797749979
934.0,2.23606797749979
935.0,2.23606797749979
936.0,2.23606797749979
937.0,2.23606797749979
938.0,2.23606797749979
939.0,2.23606797749979
940.0,2.23606797749979
941.0,2.23606797749979
942.0,2.23606797749979
943.0,2.23606797749979
944.0,2.23606797749979
945.0,2.23606797749979
946.0,2.23606797749979
947.0,2.23606797749979
948.0,2.23606797749979
949.0,2.23606797749979
950.0,2.23606797749979
951.0,2.23606797749979
952.0,2.23606797749979
953.0,2.23606797749979
954.0,2.23606797749979
955.0,2.23606797749979
956.0,2.23606797749979
957.0,2.23606797749979
958.0,2.23606797749979
959.0,2.23606797749979
960.0,2.23606797749979
961.0,2.23606797749979
962.0,2.23606797749979
963.0,2.23606797749979
964.0,2.23606797749979
965.0,2.23606797749979
966.0,2.23606797749979
967.0,2.23606797749979
968.0,2.23606797749979
969.0,2.23606797749979
970.0,2.23606797749979
971.0,2.23606797749979
972.0,2.23606797749979
973.0,2.23606797749979
974.0,2.23606797749979
975.0,2.23606797749979
976.0,2.23606797749979
977.0,2.23606797749979
978.0,2.23606797749979
979.0,2.23606797749979
980.0,2.23606797749979
981.0,2.23606797749979
982.0,2.23606797749979
983.0,2.23606797749979
984.0,2.23606797749979
985.0,2.23606797749979
986.0,2.23606797749979
987.0,2.23606797749979
988.0,2.23606797749979
989.0,2.23606797749979
990.0,2.23606797749979
991.0,2.23606797749979
992.0,2.23606797749979
993.0,2.23606797749979
994.0,2.23606797749979
995.0,2.23606797749979
996.0,2.23606797749979
997.0,2.23606797749979
998.0,2.23606797749979
999.0,2.23606797749979
1000.0,2.23606797749979
1001.0,2.23606797749979
1002.0,2.23606797749979
1003.0,2.23606797749979
1004.0,2.23606797749979
1005.0,2.23606797749979
1006.0,2.23606797749979
1007.0,2.23606797749979
1008.0,2.23606797749979
1009.0,2.23606797749979
1010.0,2.23606797749979
1011.0,2.23606797749979
1012.0,2.23606797749979
1013.0,2.23606797749979
1014.0,2.23606797749979
1015.0,2.23606797749979
1016.0,2.23606797749979
1017.0,2.23606797749979
1018.0,2.23606797749979
1019.0,2.23606797749979
1020.0,2.23606797749979
1021.0,2.23606797749979
1022.0,2.23606797749979
1023.0,2.23606797749979
1024.0,2.23606797749979
1025.0,2.23606797749979
1026.0,2.23606797749979
1027.0,2.23606797749979
1028.0,2.23606797749979
1029.0,2.23606797749979
1030.0,2.23606797749979
1031.0,2.23606797749979
1032.0,2.23606797749979
1033.0,2.23606797749979
1034.0,2.23606797749979
1035.0,2.23606797749979
1036.0,2.23606797749979
1037.0,2.23606797749979
1038.0,2.23606797749979
1039.0,2.23606797749979
1040.0,2.23606797749979
1041.0,2.23606797749979
1042.0,2.23606797749979
1043.0,2.23606797749979
1044.0,2.23606797749979
1045.0,2.23606797749979
1046.0,2.23606797749979
1047.0,2.23606797749979
1048.0,2.23606797749979
1049.0,2.23606797749979
1050.0,2.23606797749979
1051.0,2.23606797749979
1052.0,2.23606797749979
1053.0,2.23606797749979
1054.0,2.23606797749979
1055.0,2.23606797749979
1056.0,2.23606797749979
1057.0,2.23606797749979
1058.0,2.23606797749979
1059.0,2.23606797749979
1060.0,2.23606797749979
1061.0,2.23606797749979
1062.0,2.23606797749979
1063.0,2.23606797749979
1064.0,2.23606797749979
1065.0,2.23606797749979
1066.0,2.23606797749979
1067.0,2.23606797749979
1068.0,2.23606797749979
1069.0,2.23606797749979
1070.0,2.23606797749979
1071.0,2.23606797749979
1072.0,2.23606797749979
1073.0,2.23606797749979
1074.0,2.23606797749979
1075.0,2.23606797749979
1076.0,2.23606797749979
1077.0,2.23606797749979
1078.0,2.23606797749979
1079.0,2.23606797749979
1080.0,2.23606797749979
1081.0,2.23606797749979
1082.0,2.23606797749979
1083.0,2.23606797749979
1084.0,2.23606797749979
1085.0,2.23606797749979
1086.0,2.23606797749979
1087.0,2.23606797749979
1088.0,2.23606797749979
1089.0,2.23606797749979
1090.0,2.23606797749979
1091.0,2.23606797749979
1092.0,2.23606797749979
1093.0,2.23606797749979
1094.0,2.23606797749979
1095.0,2.23606797749979
1096.0,2.23606797749979
1097.0,2.23606797749979
1098.0,2.23606797749979
1099.0,2.23606797749979
1100.0,2.23606797749979
1101.0,2.23606797749979
1102.0,2.23606797749979
1103.0,2.23606797749979
1104.0,2.23606797749979
1105.0,2.23606797749979
1106.0,2.23606797749979
1107.0,2.23606797749979
1108.0,2.23606797749979
1109.0,2.23606797749979
1110.0,2.23606797749979
1111.0,2.23606797749979
1112.0,2.23606797749979
1113.0,2.23606797749979
1114.0,2.23606797749979
1115.0,2.23606797749979
1116.0,2.23606797749979
1117.0,2.23606797749979
1118.0,2.23606797749979
1119.0,2.23606797749979
1120.0,2.23606797749979
1121.0,2.23606797749979
1122.0,2.23606797749979
1123.0,2.23606797749979
1124.0,2.23606797749979
1125.0,2.23606797749979
1126.0,2.23606797749979
1127.0,2.23606797749979
1128.0,2.23606797749979
1129.0,2.23606797749979
1130.0,2.23606797749979
1131.0,2.23606797749979
1132.0,2.23606797749979
1133.0,2.23606797749979
1134.0,2.23606797749979
1135.0,2.23606797749979
1136.0,2.23606797749979
1137.0,2.23606797749979
1138.0,2.23606797749979
1139.0,2.23606797749979
1140.0,2.23606797749979
1141.0,2.23606797749979
1142.0,2.23606797749979
1143.0,2.23606797749979
1144.0,2.23606797749979
1145.0,2.23606797749979
1146.0,2.23606797749979
1147.0,2.23606797749979
1148.0,2.23606797749979
1149.0,2.23606797749979
1150.0,2.23606797749979
1151.0,2.23606797749979
1152.0,2.23606797749979
1153.0,2.23606797749979
1154.0,2.23606797749979
1155.0,2.23606797749979
1156.0,2.23606797749979
1157.0,2.23606797749979
1158.0,2.23606797749979
1159.0,2.23606797749979
1160.0,2.23606797749979
1161.0,2.23606797749979
1162.0,2.23606797749979
1163.0,2.23606797749979
1164.0,2.23606797749979
1165.0,2.23606797749979
1166.0,2.23606797749979
1167.0,2.23606797749979
1168.0,2.23606797749979
1169.0,2.23606797749979
1170.0,2.23606797749979
1171.0,2.23606797749979
1172.0,2.23606797749979
1173.0,2.23606797749979
1174.0,2.23606797749979
1175.0,2.23606797749979
1176.0,2.23606797749979
1177.0,2.23606797749979
1178.0,2.23606797749979
1179.0,2.23606797749979
1180.0,2.23606797749979
1181.0,2.23606797749979
1182.0,2.23606797749979
1183.0,2.23606797749979
1184.0,2.23606797749979
1185.0,2.23606797749979
1186.0,2.23606797749979
1187.0,2.23606797749979
1188.0,2.23606797749979
1189.0,2.23606797749979
1190.0,2.23606797749979
1191.0,2.23606797749979
1192.0,2.23606797749979
1193.0,2.23606797749979
1194.0,2.23606797749979
1195.0,2.23606797749979
1196.0,2.23606797749979
1197.0,2.23606797749979
1198.0,2.23606797749979
1199.0,2.23606797749979
1200.0,2.23606797749979
1201.0,2.23606797749979
1202.0,2.23606797749979
1203.0,2.23606797749979
1204.0,2.23606797749979
1205.0,2.23606797749979
1206.0,2.23606797749979
1207.0,2.23606797749979
1208.0,2.23606797749979
1209.0,2.23606797749979
1210.0,2.23606797749979
1211.0,2.23606797749979
1212.0,2.23606797749979
1213.0,2.23606797749979
1214.0,2.23606797749979
1215.0,2.23606797749979
1216.0,2.23606797749979
1217.0,2.23606797749979
1218.0,2.23606797749979
1219.0,2.23606797749979
1220.0,2.23606797749979
1221.0,2.23606797749979
1222.0,2.23606797749979
1223.0,2.23606797749979
1224.0,2.23606797749979
1225.0,2.23606797749979
1226.0,2.23606797749979
1227.0,2.23606797749979
1228.0,2.23606797749979
1229.0,2.23606797749979
1230.0,2.23606797749979
1231.0,2.23606797749979
1232.0,2.23606797749979
1233.0,2.23606797749979
1234.0,2.23606797749979
1235.0,2.23606797749979
1236.0,2.23606797749979
1237.0,2.23606797749979
1238.0,2.23606797749979
1239.0,2.23606797749979
1240.0,2.23606797749979
1241.0,2.23606797749979
1242.0,2.23606797749979
1243.0,2.23606797749979
1244.0,2.23606797749979
1245.0,2.23606797749979
1246.0,2.23606797749979
1247.0,2.23606797749979
1248.0,2.23606797749979
1249.0,2.23606797749979
1250.0,2.23606797749979
1251.0,2.23606797749979
1252.0,2.23606797749979
1253.0,2.23606797749979
1254.0,2.23606797749979
1255.0,2.23606797749979
1256.0,2.23606797749979
1257.0,2.23606797749979
1258.0,2.23606797749979
1259.0,2.23606797749979
1260.0,2.23606797749979
1261.0,2.23606797749979
1262.0,2.23606797749979
1263.0,2.23606797749979
1264.0,2.23606797749979
1265.0,2.23606797749979
1266.0,2.23606797749979
1267.0,2.23606797749979
1268.0,2.23606797749979
1269.0,2.23606797749979
1270.0,2.23606797749979
1271.0,2.23606797749979
1272.0,2.23606797749979
1273.0,2.23606797749979
1274.0,2.23606797749979
1275.0,2.23606797749979
1276.0,2.23606797749979
1277.0,2.23606797749979
1278.0,2.23606797749979
1279.0,2.23606797749979
1280.0,2.23606797749979
1281.0,2.23606797749979
1282.0,2.23606797749979
1283.0,2.23606797749979
1284.0,2.23606797749979
1285.0,2.23606797749979
1286.0,2.23606797749979
1287.0,2.23606797749979
1288.0,2.23606797749979
1289.0,2.23606797749979
1290.0,2.23606797749979
1291.0,2.23606797749979
1292.0,2.23606797749979
1293.0,2.23606797749979
1294.0,2.23606797749979
1295.0,2.23606797749979
1296.0,2.23606797749979
1297.0,2.23606797749979
1298.0,2.23606797749979
1299.0,2.23606797749979
1300.0,2.23606797749979
1301.0,2.23606797749979
1302.0,2.23606797749979
1303.0,2.23606797749979
1304.0,2.23606797749979
1305.0,2.23606797749979
1306.0,2.23606797749979
1307.0,2.23606797749979
1308.0,2.23606797749979
1309.0,2.23606797749979
1310.0,2.23606797749979
1311.0,2.23606797749979
1312.0,2.23606797749979
1313.0,2.23606797749979
1314.0,2.23606797749979
1315.0,2.23606797749979
1316.0,2.23606797749979
1317.0,2.23606797749979
1318.0,2.23606797749979
1319.0,2.23606797749979
1320.0,2.23606797749979
1321.0,2.23606797749979
1322.0,2.23606797749979
1323.0,2.23606797749979
1324.0,2.23606797749979
1325.0,2.23606797749979
1326.0,2.23606797749979
1327.0,2.23606797749979
1328.0,2.23606797749979
1329.0,2.23606797749979
1330.0,2.23606797749979
1331.0,2.23606797749979
1332.0,2.23606797749979
1333.0,2.23606797749979
1334.0,2.23606797749979
1335.0,2.23606797749979
1336.0,2.23606797749979
1337.0,2.23606797749979
1338.0,2.23606797749979
1339.0,2.23606797749979
1340.0,2.23606797749979
1341.0,2.23606797749979
1342.0,2.23606797749979
1343.0,2.23606797749979
1344.0,2.23606797749979
1345.0,2.23606797749979
1346.0,2.23606797749979
1347.0,2.23606797749979
1348.0,2.23606797749979
1349.0,2.23606797749979
1350.0,2.23606797749979
1351.0,2.23606797749979
1352.0,2.23606797749979
1353.0,2.23606797749979
1354.0,2.23606797749979
1355.0,2.23606797749979
1356.0,2.23606797749979
1357.0,2.23606797749979
1358.0,2.23606797749979
1359.0,2.23606797749979
1360.0,2.23606797749979
1361.0,2.23606797749979
1362.0,2.23606797749979
1363.0,2.23606797749979
1364.0,2.23606797749979
1365.0,2.23606797749979
1366.0,2.23606797749979
1367.0,2.23606797749979
1368.0,2.23606797749979
1369.0,2.23606797749979
1370.0,2.23606797749979
1371.0,2.23606797749979
1372.0,2.23606797749979
1373.0,2.23606797749979
1374.0,2.23606797749979
1375.0,2.23606797749979
1376.0,2.23606797749979
1377.0,2.23606797749979
1378.0,2.23606797749979
1379.0,2.23606797749979
1380.0,2.23606797749979
1381.0,2.23606797749979
1382.0,2.23606797749979
1383.0,2.23606797749979
1384.0,2.23606797749979
1385.0,2.23606797749979
1386.0,2.23606797749979
1387.0,2.23606797749979
1388.0,2.23606797749979
1389.0,2.23606797749979
1390.0,2.23606797749979
1391.0,2.23606797749979
1392.0,2.23606797749979
1393.0,2.23606797749979
1394.0,2.0
1395.0,2.0
1396.0,2.0
1397.0,2.0
1398.0,2.0
1399.0,2.0
1400.0,2.0
1401.0,2.0
1402.0,2.0
1403.0,2.0
1404.0,2.0
1405.0,2.0
1406.0,2.0
1407.0,2.0
1408.0,2.0
1409.0,2.0
1410.0,2.0
1411.0,2.0
1412.0,2.0
1413.0,2.0
1414.0,2.0
1415.0,2.0
1416.0,2.0
1417.0,2.0
1418.0,2.0
1419.0,2.0
1420.0,2.0
1421.0,2.0
1422.0,2.0
1423.0,2.0
1424.0,2.0
1425.0,2.0
1426.0,2.0
1427.0,2.0
1428.0,2.0
1429.0,2.0
1430.0,2.0
1431.0,2.0
1432.0,2.0
1433.0,2.0
1434.0,2.0
1435.0,2.0
1436.0,2.0
1437.0,2.0
1438.0,2.0
1439.0,2.0
1440.0,2.0
1441.0,2.0
1442.0,2.0
1443.0,2.0
1444.0,2.0
1445.0,2.0
1446.0,2.0
1447.0,2.0
1448.0,2.0
1449.0,2.0
1450.0,2.0
1451.0,2.0
1452.0,2.0
1453.0,2.0
1454.0,2.0
1455.0,2.0
1456.0,2.0
1457.0,2.0
1458.0,2.0
1459.0,2.0
1460.0,2.0
1461.0,2.0
1462.0,2.0
1463.0,2.0
1464.0,2.0
1465.0,2.0
1466.0,2.0
1467.0,2.0
1468.0,2.0
1469.0,2.0
1470.0,2.0
1471.0,2.0
1472.0,2.0
1473.0,2.0
1474.0,2.0
1475.0,2.0
1476.0,2.0
1477.0,2.0
1478.0,2.0
1479.0,2.0
1480.0,2.0
1481.0,2.0
1482.0,2.0
1483.0,2.0
1484.0,2.0
1485.0,2.0
1486.0,2.0
1487.0,2.0
1488.0,2.0
1489.0,2.0
1490.0,2.0
1491.0,2.0
1492.0,2.0
1493.0,2.0
1494.0,2.0
1495.0,2.0
1496.0,2.0
1497.0,2.0
1498.0,2.0
1499.0,2.0
1500.0,2.0
1501.0,2.0
1502.0,2.0
1503.0,2.0
1504.0,2.0
1505.0,2.0
1506.0,2.0
1507.0,2.0
1508.0,2.0
1509.0,2.0
1510.0,2.0
1511.0,2.0
1512.0,2.0
1513.0,2.0
1514.0,2.0
1515.0,2.0
1516.0,2.0
1517.0,2.0
1518.0,2.0
1519.0,2.0
1520.0,2.0
1521.0,2.0
1522.0,2.0
1523.0,2.0
1524.0,2.0
1525.0,2.0
1526.0,2.0
1527.0,2.0
1528.0,2.0
1529.0,2.0
1530.0,2.0
1531.0,2.0
1532.0,2.0
1533.0,2.0
1534.0,2.0
1535.0,2.0
1536.0,2.0
1537.0,2.0
1538.0,2.0
1539.0,2.0
1540.0,2.0
1541.0,2.0
1542.0,2.0
1543.0,2.0
1544.0,2.0
1545.0,2.0
1546.0,2.0
1547.0,2.0
1548.0,2.0
1549.0,2.0
1550.0,2.0
1551.0,2.0
1552.0,2.0
1553.0,2.0
1554.0,2.0
1555.0,2.0
1556.0,2.0
1557.0,2.0
1558.0,2.0
1559.0,2.0
1560.0,2.0
1561.0,2.0
1562.0,2.0
1563.0,2.0
1564.0,2.0
1565.0,2.0
1566.0,2.0
1567.0,2.0
1568.0,2.0
1569.0,2.0
1570.0,2.0
1571.0,2.0
1572.0,2.0
1573.0,2.0
1574.0,2.0
1575.0,2.0
1576.0,2.0
1577.0,2.0
1578.0,2.0
1579.0,2.0
1580.0,2.0
1581.0,2.0
1582.0,2.0
1583.0,2.0
1584.0,2.0
1585.0,2.0
1586.0,2.0
1587.0,2.0
1588.0,2.0
1589.0,2.0
1590.0,2.0
1591.0,2.0
1592.0,2.0
1593.0,2.0
1594.0,2.0
1595.0,2.0
1596.0,2.0
1597.0,2.0
1598.0,2.0
1599.0,2.0
1600.0,2.0
1601.0,2.0
1602.0,2.0
1603.0,2.0
1604.0,2.0
1605.0,2.0
1606.0,2.0
1607.0,2.0
1608.0,2.0
1609.0,2.0
1610.0,2.0
1611.0,2.0
1612.0,2.0
1613.0,2.0
1614.0,2.0
1615.0,2.0
1616.0,2.0
1617.0,2.0
1618.0,2.0
1619.0,2.0
1620.0,2.0
1621.0,2.0
1622.0,2.0
1623.0,2.0
1624.0,2.0
1625.0,2.0
1626.0,2.0
1627.0,2.0
1628.0,2.0
1629.0,2.0
1630.0,2.0
1631.0,2.0
1632.0,2.0
1633.0,2.0
1634.0,2.0
1635.0,2.0
1636.0,2.0
1637.0,2.0
1638.0,2.0
1639.0,2.0
1640.0,2.0
1641.0,2.0
1642.0,2.0
1643.0,2.0
1644.0,2.0
1645.0,2.0
1646.0,2.0
1647.0,2.0
1648.0,2.0
1649.0,2.0
1650.0,2.0
1651.0,2.0
1652.0,2.0
1653.0,2.0
1654.0,2.0
1655.0,2.0
1656.0,2.0
1657.0,2.0
1658.0,2.0
1659.0,2.0
1660.0,2.0
1661.0,2.0
1662.0,2.0
1663.0,2.0
1664.0,2.0
1665.0,2.0
1666.0,2.0
1667.0,2.0
1668.0,2.0
1669.0,2.0
1670.0,2.0
1671.0,2.0
1672.0,2.0
1673.0,2.0
1674.0,2.0
1675.0,2.0
1676.0,2.0
1677.0,2.0
1678.0,2.0
1679.0,2.0
1680.0,2.0
1681.0,2.0
1682.0,2.0
1683.0,2.0
1684.0,2.0
1685.0,2.0
1686.0,2.0
1687.0,2.0
1688.0,2.0
1689.0,2.0
1690.0,2.0
1691.0,2.0
1692.0,2.0
1693.0,2.0
1694.0,2.0
1695.0,2.0
1696.0,2.0
1697.0,2.0
1698.0,2.0
1699.0,2.0
1700.0,2.0
1701.0,2.0
1702.0,2.0
1703.0,2.0
1704.0,2.0
1705.0,2.0
1706.0,2.0
1707.0,2.0
1708.0,2.0
1709.0,2.0
1710.0,2.0
1711.0,2.0
1712.0,2.0
1713.0,2.0
1714.0,2.0
1715.0,2.0
1716.0,2.0
1717.0,2.0
1718.0,2.0
1719.0,2.0
1720.0,2.0
1721.0,2.0
1722.0,2.0
1723.0,2.0
1724.0,2.0
1725.0,2.0
1726.0,2.0
1727.0,2.0
1728.0,2.0
1729.0,2.0
1730.0,2.0
1731.0,2.0
1732.0,2.0
1733.0,2.0
1734.0,2.0
1735.0,2.0
1736.0,2.0
1737.0,2.0
1738.0,2.0
1739.0,2.0
1740.0,2.0
1741.0,2.0
1742.0,2.0
1743.0,2.0
1744.0,2.0
1745.0,2.0
1746.0,2.0
1747.0,2.0
1748.0,2.0
1749.0,2.0
1750.0,2.0
1751.0,2.0
1752.0,2.0
1753.0,2.0
1754.0,2.0
1755.0,2.0
1756.0,2.0
1757.0,2.0
1758.0,2.0
1759.0,2.0
1760.0,2.0
1761.0,2.0
1762.0,2.0
1763.0,2.0
1764.0,2.0
1765.0,2.0
1766.0,2.0
1767.0,2.0
1768.0,2.0
1769.0,2.0
1770.0,2.0
1771.0,2.0
1772.0,2.0
1773.0,2.0
1774.0,2.0
1775.0,2.0
1776.0,2.0
1777.0,2.0
1778.0,2.0
1779.0,2.0
1780.0,2.0
1781.0,2.0
1782.0,2.0
1783.0,2.0
1784.0,2.0
1785.0,2.0
1786.0,2.0
1787.0,2.0
1788.0,2.0
1789.0,2.0
1790.0,2.0
1791.0,2.0
1792.0,2.0
1793.0,2.0
1794.0,2.0
1795.0,2.0
1796.0,2.0
1797.0,2.0
1798.0,2.0
1799.0,2.0
1800.0,2.0
1801.0,2.0
1802.0,2.0
1803.0,2.0
1804.0,2.0
1805.0,2.0
1806.0,2.0
1807.0,2.0
1808.0,2.0
1809.0,2.0
1810.0,2.0
1811.0,2.0
1812.0,2.0
1813.0,2.0
1814.0,2.0
1815.0,2.0
1816.0,2.0
1817.0,2.0
1818.0,2.0
1819.0,2.0
1820.0,2.0
1821.0,2.0
1822.0,2.0
1823.0,2.0
1824.0,2.0
1825.0,2.0
1826.0,2.0
1827.0,2.0
1828.0,2.0
1829.0,2.0
1830.0,2.0
1831.0,2.0
1832.0,2.0
1833.0,2.0
1834.0,2.0
1835.0,2.0
1836.0,2.0
1837.0,2.0
1838.0,2.0
1839.0,2.0
1840.0,2.0
1841.0,2.0
1842.0,2.0
1843.0,2.0
1844.0,2.0
1845.0,2.0
1846.0,2.0
1847.0,2.0
1848.0,2.0
1849.0,2.0
1850.0,2.0
1851.0,2.0
1852.0,2.0
1853.0,2.0
1854.0,2.0
1855.0,2.0
1856.0,2.0
1857.0,2.0
1858.0,2.0
1859.0,2.0
1860.0,2.0
1861.0,2.0
1862.0,2.0
1863.0,2.0
1864.0,2.0
1865.0,2.0
1866.0,2.0
1867.0,2.0
1868.0,2.0
1869.0,2.0
1870.0,2.0
1871.0,2.0
1872.0,2.0
1873.0,2.0
1874.0,2.0
1875.0,2.0
1876.0,2.0
1877.0,2.0
1878.0,2.0
1879.0,2.0
1880.0,2.0
1881.0,2.0
1882.0,2.0
1883.0,2.0
1884.0,2.0
1885.0,2.0
1886.0,2.0
1887.0,2.0
1888.0,2.0
1889.0,2.0
1890.0,2.0
1891.0,2.0
1892.0,2.0
1893.0,2.0
1894.0,2.0
1895.0,2.0
1896.0,2.0
1897.0,2.0
1898.0,2.0
1899.0,2.0
1900.0,2.0
1901.0,2.0
1902.0,2.0
1903.0,2.0
1904.0,2.0
1905.0,2.0
1906.0,2.0
1907.0,2.0
1908.0,2.0
1909.0,2.0
1910.0,2.0
1911.0,2.0
1912.0,2.0
1913.0,2.0
1914.0,2.0
1915.0,2.0
1916.0,2.0
1917.0,2.0
1918.0,2.0
1919.0,2.0
1920.0,2.0
1921.0,2.0
1922.0,2.0
1923.0,2.0
1924.0,2.0
1925.0,2.0
1926.0,2.0
1927.0,2.0
1928.0,2.0
1929.0,2.0
1930.0,2.0
1931.0,2.0
1932.0,2.0
1933.0,2.0
1934.0,2.0
1935.0,2.0
1936.0,2.0
1937.0,2.0
1938.0,2.0
1939.0,2.0
1940.0,2.0
1941.0,2.0
1942.0,2.0
1943.0,2.0
1944.0,2.0
1945.0,2.0
1946.0,2.0
1947.0,2.0
1948.0,2.0
1949.0,2.0
1950.0,2.0
1951.0,2.0
1952.0,2.0
1953.0,2.0
1954.0,2.0
1955.0,2.0
1956.0,2.0
1957.0,2.0
1958.0,2.0
1959.0,2.0
1960.0,2.0
1961.0,2.0
1962.0,2.0
1963.0,2.0
1964.0,2.0
1965.0,2.0
1966.0,2.0
1967.0,2.0
1968.0,2.0
1969.0,2.0
1970.0,2.0
1971.0,2.0
1972.0,2.0
1973.0,2.0
1974.0,2.0
1975.0,2.0
1976.0,2.0
1977.0,2.0
1978.0,2.0
1979.0,2.0
1980.0,2.0
1981.0,2.0
1982.0,2.0
1983.0,2.0
1984.0,2.0
1985.0,2.0
1986.0,2.0
1987.0,2.0
1988.0,2.0
1989.0,2.0
1990.0,2.0
1991.0,2.0
1992.0,2.0
1993.0,2.0
1994.0,2.0
1995.0,2.0
1996.0,2.0
1997.0,2.0
1998.0,2.0
1999.0,2.0
2000.0,2.0
2001.0,2.0
