Iteration,Fitness
2.0,56.95612346359257
3.0,48.46648326421054
4.0,48.46648326421054
5.0,38.61346915261564
6.0,37.0
7.0,26.888659319497503
8.0,26.888659319497503
9.0,26.888659319497503
10.0,26.888659319497503
11.0,26.888659319497503
12.0,26.888659319497503
13.0,26.888659319497503
14.0,26.888659319497503
15.0,26.888659319497503
16.0,26.888659319497503
17.0,26.888659319497503
18.0,26.888659319497503
19.0,26.888659319497503
20.0,26.888659319497503
21.0,26.888659319497503
22.0,26.888659319497503
23.0,26.888659319497503
24.0,26.888659319497503
25.0,26.888659319497503
26.0,26.888659319497503
27.0,26.888659319497503
28.0,26.888659319497503
29.0,26.888659319497503
30.0,26.888659319497503
31.0,26.888659319497503
32.0,26.888659319497503
33.0,26.888659319497503
34.0,26.888659319497503
35.0,26.888659319497503
36.0,26.888659319497503
37.0,26.888659319497503
38.0,26.888659319497503
39.0,26.888659319497503
40.0,20.8806130178211
41.0,20.8806130178211
42.0,20.8806130178211
43.0,20.8806130178211
44.0,20.8806130178211
45.0,20.8806130178211
46.0,20.8806130178211
47.0,20.8806130178211
48.0,20.8806130178211
49.0,20.8806130178211
50.0,20.8806130178211
51.0,20.8806130178211
52.0,20.8806130178211
53.0,20.8806130178211
54.0,20.8806130178211
55.0,20.8806130178211
56.0,20.8806130178211
57.0,20.8806130178211
58.0,20.8806130178211
59.0,20.8806130178211
60.0,20.8806130178211
61.0,20.8806130178211
62.0,20.8806130178211
63.0,20.8806130178211
64.0,20.8806130178211
65.0,20.8806130178211
66.0,20.8806130178211
67.0,20.8806130178211
68.0,20.8806130178211
69.0,20.8806130178211
70.0,20.8806130178211
71.0,20.8806130178211
72.0,20.8806130178211
73.0,20.8806130178211
74.0,20.8806130178211
75.0,20.8806130178211
76.0,20.8806130178211
77.0,20.8806130178211
78.0,20.8806130178211
79.0,20.8806130178211
80.0,20.8806130178211
81.0,20.8806130178211
82.0,20.8806130178211
83.0,20.8806130178211
84.0,20.8806130178211
85.0,20.8806130178211
86.0,20.8806130178211
87.0,20.8806130178211
88.0,20.8806130178211
89.0,20.8806130178211
90.0,20.8806130178211
91.0,20.8806130178211
92.0,20.8806130178211
93.0,20.8806130178211
94.0,20.8806130178211
95.0,20.8806130178211
96.0,20.8806130178211
97.0,20.8806130178211
98.0,20.8806130178211
99.0,20.8806130178211
100.0,20.8806130178211
101.0,20.8806130178211
102.0,20.8806130178211
103.0,20.8806130178211
104.0,20.8806130178211
105.0,20.8806130178211
106.0,20.8806130178211
107.0,20.8806130178211
108.0,20.8806130178211
109.0,20.8806130178211
110.0,20.8806130178211
111.0,20.83266665599966
112.0,20.83266665599966
113.0,20.83266665599966
114.0,20.83266665599966
115.0,20.83266665599966
116.0,20.83266665599966
117.0,20.83266665599966
118.0,20.83266665599966
119.0,20.83266665599966
120.0,20.83266665599966
121.0,20.83266665599966
122.0,20.83266665599966
123.0,20.83266665599966
124.0,20.83266665599966
125.0,20.83266665599966
126.0,20.83266665599966
127.0,20.322401432901575
128.0,20.322401432901575
129.0,20.322401432901575
130.0,20.322401432901575
131.0,20.322401432901575
132.0,20.322401432901575
133.0,20.322401432901575
134.0,20.322401432901575
135.0,20.322401432901575
136.0,20.322401432901575
137.0,20.322401432901575
138.0,20.322401432901575
139.0,20.322401432901575
140.0,20.322401432901575
141.0,20.322401432901575
142.0,20.322401432901575
143.0,20.322401432901575
144.0,20.322401432901575
145.0,20.322401432901575
146.0,20.322401432901575
147.0,20.322401432901575
148.0,20.322401432901575
149.0,20.322401432901575
150.0,20.322401432901575
151.0,20.322401432901575
152.0,20.322401432901575
153.0,20.322401432901575
154.0,20.322401432901575
155.0,20.322401432901575
156.0,20.322401432901575
157.0,20.322401432901575
158.0,20.322401432901575
159.0,20.322401432901575
160.0,20.322401432901575
161.0,20.322401432901575
162.0,20.322401432901575
163.0,20.322401432901575
164.0,20.322401432901575
165.0,20.322401432901575
166.0,20.322401432901575
167.0,20.322401432901575
168.0,20.322401432901575
169.0,20.322401432901575
170.0,20.322401432901575
171.0,20.322401432901575
172.0,20.322401432901575
173.0,20.322401432901575
174.0,20.322401432901575
175.0,20.322401432901575
176.0,20.322401432901575
177.0,20.322401432901575
178.0,20.322401432901575
179.0,20.322401432901575
180.0,20.322401432901575
181.0,20.322401432901575
182.0,20.322401432901575
183.0,20.322401432901575
184.0,20.322401432901575
185.0,20.322401432901575
186.0,20.322401432901575
187.0,20.322401432901575
188.0,20.322401432901575
189.0,20.322401432901575
190.0,20.322401432901575
191.0,20.322401432901575
192.0,20.322401432901575
193.0,19.078784028338912
194.0,19.078784028338912
195.0,19.078784028338912
196.0,19.078784028338912
197.0,19.078784028338912
198.0,19.078784028338912
199.0,19.078784028338912
200.0,19.078784028338912
201.0,19.078784028338912
202.0,19.078784028338912
203.0,19.078784028338912
204.0,19.078784028338912
205.0,19.078784028338912
206.0,19.078784028338912
207.0,19.078784028338912
208.0,19.078784028338912
209.0,15.0996688705415
210.0,15.0996688705415
211.0,15.0996688705415
212.0,15.0996688705415
213.0,15.0996688705415
214.0,15.0996688705415
215.0,15.0996688705415
216.0,15.0996688705415
217.0,15.0996688705415
218.0,15.0996688705415
219.0,15.0996688705415
220.0,15.0996688705415
221.0,15.0996688705415
222.0,15.0996688705415
223.0,15.0996688705415
224.0,15.0996688705415
225.0,15.0996688705415
226.0,15.0996688705415
227.0,15.0996688705415
228.0,15.0996688705415
229.0,15.0996688705415
230.0,15.0996688705415
231.0,15.0996688705415
232.0,15.0996688705415
233.0,15.0996688705415
234.0,15.0996688705415
235.0,15.0996688705415
236.0,15.0996688705415
237.0,15.0996688705415
238.0,15.0996688705415
239.0,15.0996688705415
240.0,15.0996688705415
241.0,15.0996688705415
242.0,15.0996688705415
243.0,15.0996688705415
244.0,15.0996688705415
245.0,15.0996688705415
246.0,15.0996688705415
247.0,15.0996688705415
248.0,15.0996688705415
249.0,15.0996688705415
250.0,15.0996688705415
251.0,15.0996688705415
252.0,15.0996688705415
253.0,15.0996688705415
254.0,15.0996688705415
255.0,15.0996688705415
256.0,15.0996688705415
257.0,15.0996688705415
258.0,15.0996688705415
259.0,15.0996688705415
260.0,15.0996688705415
261.0,15.0996688705415
262.0,15.0996688705415
263.0,15.0996688705415
264.0,15.0996688705415
265.0,15.0996688705415
266.0,15.0996688705415
267.0,15.0996688705415
268.0,15.0996688705415
269.0,15.0996688705415
270.0,15.0996688705415
271.0,15.0996688705415
272.0,15.0996688705415
273.0,15.0996688705415
274.0,15.0996688705415
275.0,15.0996688705415
276.0,15.0996688705415
277.0,15.0996688705415
278.0,15.0996688705415
279.0,15.0996688705415
280.0,15.0996688705415
281.0,15.0996688705415
282.0,15.0996688705415
283.0,15.0996688705415
284.0,15.0996688705415
285.0,15.0996688705415
286.0,15.0996688705415
287.0,15.0996688705415
288.0,15.0996688705415
289.0,15.0996688705415
290.0,15.0996688705415
291.0,15.0996688705415
292.0,15.0996688705415
293.0,15.0996688705415
294.0,15.0996688705415
295.0,15.0996688705415
296.0,15.0996688705415
297.0,15.0996688705415
298.0,15.0996688705415
299.0,15.0996688705415
300.0,15.0996688705415
301.0,15.0996688705415
302.0,15.0996688705415
303.0,15.0996688705415
304.0,15.0996688705415
305.0,15.0996688705415
306.0,15.0996688705415
307.0,15.0996688705415
308.0,15.0996688705415
309.0,15.0996688705415
310.0,15.0996688705415
311.0,15.0996688705415
312.0,15.0996688705415
313.0,15.0996688705415
314.0,15.0996688705415
315.0,15.0996688705415
316.0,15.0996688705415
317.0,15.0996688705415
318.0,15.0996688705415
319.0,15.0996688705415
320.0,15.0996688705415
321.0,15.0996688705415
322.0,15.0996688705415
323.0,15.0996688705415
324.0,15.0996688705415
325.0,15.0996688705415
326.0,15.0996688705415
327.0,15.0996688705415
328.0,15.0996688705415
329.0,15.0996688705415
330.0,15.0996688705415
331.0,15.0996688705415
332.0,15.0996688705415
333.0,15.0996688705415
334.0,15.0996688705415
335.0,15.0996688705415
336.0,15.0996688705415
337.0,15.0996688705415
338.0,15.0996688705415
339.0,15.0996688705415
340.0,15.0996688705415
341.0,15.0996688705415
342.0,15.0996688705415
343.0,15.0996688705415
344.0,15.0996688705415
345.0,15.0996688705415
346.0,15.0996688705415
347.0,15.0996688705415
348.0,15.0996688705415
349.0,15.0996688705415
350.0,15.0996688705415
351.0,15.0996688705415
352.0,15.0996688705415
353.0,15.0996688705415
354.0,15.0996688705415
355.0,15.0996688705415
356.0,15.0996688705415
357.0,15.0996688705415
358.0,15.0996688705415
359.0,15.0996688705415
360.0,15.0996688705415
361.0,15.0996688705415
362.0,15.0996688705415
363.0,15.0996688705415
364.0,15.0996688705415
365.0,15.0996688705415
366.0,15.0996688705415
367.0,15.0996688705415
368.0,15.0996688705415
369.0,15.0996688705415
370.0,15.0996688705415
371.0,15.0996688705415
372.0,15.0996688705415
373.0,15.0996688705415
374.0,15.0996688705415
375.0,15.0996688705415
376.0,15.0996688705415
377.0,15.0996688705415
378.0,15.066519173319364
379.0,15.066519173319364
380.0,15.066519173319364
381.0,15.066519173319364
382.0,15.066519173319364
383.0,15.066519173319364
384.0,15.066519173319364
385.0,15.066519173319364
386.0,15.066519173319364
387.0,15.066519173319364
388.0,15.066519173319364
389.0,15.066519173319364
390.0,15.066519173319364
391.0,15.066519173319364
392.0,15.066519173319364
393.0,15.066519173319364
394.0,15.066519173319364
395.0,15.066519173319364
396.0,15.066519173319364
397.0,15.066519173319364
398.0,15.066519173319364
399.0,15.066519173319364
400.0,15.066519173319364
401.0,15.066519173319364
402.0,15.066519173319364
403.0,15.066519173319364
404.0,15.066519173319364
405.0,15.066519173319364
406.0,15.066519173319364
407.0,15.066519173319364
408.0,15.066519173319364
409.0,15.066519173319364
410.0,15.066519173319364
411.0,15.066519173319364
412.0,15.066519173319364
413.0,15.066519173319364
414.0,15.066519173319364
415.0,15.066519173319364
416.0,15.066519173319364
417.0,15.066519173319364
418.0,15.066519173319364
419.0,15.066519173319364
420.0,15.066519173319364
421.0,15.066519173319364
422.0,15.066519173319364
423.0,15.066519173319364
424.0,15.066519173319364
425.0,15.066519173319364
426.0,15.066519173319364
427.0,15.066519173319364
428.0,15.066519173319364
429.0,15.066519173319364
430.0,15.066519173319364
431.0,14.66287829861518
432.0,14.66287829861518
433.0,14.66287829861518
434.0,14.66287829861518
435.0,14.66287829861518
436.0,14.66287829861518
437.0,14.66287829861518
438.0,14.66287829861518
439.0,14.66287829861518
440.0,14.66287829861518
441.0,14.66287829861518
442.0,14.66287829861518
443.0,14.66287829861518
444.0,14.66287829861518
445.0,14.66287829861518
446.0,14.66287829861518
447.0,14.66287829861518
448.0,13.2664991614216
449.0,13.2664991614216
450.0,13.2664991614216
451.0,13.2664991614216
452.0,13.2664991614216
453.0,13.2664991614216
454.0,13.2664991614216
455.0,13.2664991614216
456.0,13.2664991614216
457.0,12.328828005937952
458.0,12.328828005937952
459.0,12.328828005937952
460.0,11.445523142259598
461.0,11.445523142259598
462.0,11.445523142259598
463.0,11.445523142259598
464.0,11.269427669584644
465.0,11.269427669584644
466.0,11.269427669584644
467.0,11.269427669584644
468.0,11.269427669584644
469.0,11.269427669584644
470.0,11.269427669584644
471.0,11.269427669584644
472.0,11.269427669584644
473.0,10.816653826391969
474.0,10.816653826391969
475.0,10.816653826391969
476.0,10.816653826391969
477.0,10.816653826391969
478.0,10.816653826391969
479.0,10.816653826391969
480.0,10.816653826391969
481.0,10.816653826391969
482.0,10.816653826391969
483.0,10.816653826391969
484.0,10.816653826391969
485.0,10.816653826391969
486.0,10.816653826391969
487.0,10.816653826391969
488.0,10.816653826391969
489.0,10.770329614269007
490.0,10.770329614269007
491.0,10.770329614269007
492.0,10.770329614269007
493.0,10.770329614269007
494.0,10.770329614269007
495.0,10.770329614269007
496.0,10.770329614269007
497.0,10.770329614269007
498.0,10.770329614269007
499.0,10.770329614269007
500.0,10.723805294763608
501.0,10.723805294763608
502.0,10.723805294763608
503.0,10.723805294763608
504.0,10.723805294763608
505.0,10.723805294763608
506.0,10.723805294763608
507.0,10.723805294763608
508.0,10.723805294763608
509.0,9.695359714832659
510.0,9.055385138137417
511.0,9.055385138137417
512.0,9.055385138137417
513.0,9.055385138137417
514.0,9.055385138137417
515.0,9.055385138137417
516.0,8.831760866327848
517.0,8.831760866327848
518.0,8.831760866327848
519.0,8.831760866327848
520.0,8.831760866327848
521.0,6.782329983125268
522.0,6.782329983125268
523.0,6.782329983125268
524.0,6.782329983125268
525.0,6.782329983125268
526.0,6.782329983125268
527.0,6.782329983125268
528.0,6.782329983125268
529.0,6.782329983125268
530.0,6.782329983125268
531.0,6.782329983125268
532.0,6.782329983125268
533.0,6.782329983125268
534.0,6.782329983125268
535.0,6.782329983125268
536.0,6.782329983125268
537.0,6.782329983125268
538.0,6.782329983125268
539.0,6.782329983125268
540.0,6.782329983125268
541.0,6.782329983125268
542.0,6.782329983125268
543.0,6.782329983125268
544.0,6.782329983125268
545.0,6.782329983125268
546.0,6.782329983125268
547.0,6.782329983125268
548.0,6.782329983125268
549.0,6.782329983125268
550.0,6.782329983125268
551.0,6.782329983125268
552.0,6.782329983125268
553.0,6.782329983125268
554.0,6.782329983125268
555.0,6.782329983125268
556.0,6.782329983125268
557.0,6.782329983125268
558.0,6.782329983125268
559.0,6.782329983125268
560.0,6.782329983125268
561.0,6.782329983125268
562.0,6.782329983125268
563.0,6.782329983125268
564.0,6.782329983125268
565.0,6.782329983125268
566.0,6.782329983125268
567.0,6.782329983125268
568.0,6.782329983125268
569.0,6.782329983125268
570.0,6.782329983125268
571.0,6.782329983125268
572.0,6.782329983125268
573.0,6.782329983125268
574.0,6.782329983125268
575.0,6.782329983125268
576.0,6.782329983125268
577.0,6.782329983125268
578.0,6.782329983125268
579.0,6.782329983125268
580.0,6.782329983125268
581.0,6.782329983125268
582.0,6.782329983125268
583.0,6.782329983125268
584.0,6.782329983125268
585.0,6.782329983125268
586.0,6.782329983125268
587.0,6.782329983125268
588.0,6.782329983125268
589.0,6.782329983125268
590.0,6.782329983125268
591.0,6.782329983125268
592.0,6.782329983125268
593.0,6.782329983125268
594.0,6.782329983125268
595.0,6.782329983125268
596.0,6.782329983125268
597.0,6.782329983125268
598.0,6.782329983125268
599.0,6.782329983125268
600.0,6.782329983125268
601.0,6.782329983125268
602.0,6.782329983125268
603.0,6.782329983125268
604.0,6.782329983125268
605.0,6.782329983125268
606.0,6.782329983125268
607.0,6.782329983125268
608.0,6.782329983125268
609.0,6.782329983125268
610.0,6.782329983125268
611.0,6.782329983125268
612.0,6.48074069840786
613.0,6.48074069840786
614.0,6.48074069840786
615.0,6.48074069840786
616.0,6.48074069840786
617.0,6.48074069840786
618.0,6.48074069840786
619.0,6.48074069840786
620.0,6.48074069840786
621.0,6.48074069840786
622.0,6.48074069840786
623.0,6.48074069840786
624.0,6.48074069840786
625.0,6.48074069840786
626.0,6.48074069840786
627.0,6.48074069840786
628.0,6.48074069840786
629.0,6.48074069840786
630.0,6.48074069840786
631.0,6.48074069840786
632.0,6.48074069840786
633.0,6.48074069840786
634.0,6.48074069840786
635.0,6.48074069840786
636.0,6.48074069840786
637.0,6.48074069840786
638.0,6.48074069840786
639.0,6.48074069840786
640.0,6.48074069840786
641.0,6.48074069840786
642.0,6.48074069840786
643.0,6.48074069840786
644.0,6.48074069840786
645.0,6.48074069840786
646.0,6.48074069840786
647.0,6.48074069840786
648.0,6.48074069840786
649.0,6.48074069840786
650.0,6.48074069840786
651.0,6.48074069840786
652.0,6.48074069840786
653.0,6.48074069840786
654.0,6.48074069840786
655.0,6.48074069840786
656.0,6.48074069840786
657.0,6.48074069840786
658.0,6.48074069840786
659.0,6.48074069840786
660.0,6.48074069840786
661.0,6.48074069840786
662.0,6.48074069840786
663.0,6.48074069840786
664.0,6.48074069840786
665.0,6.48074069840786
666.0,6.48074069840786
667.0,6.48074069840786
668.0,6.48074069840786
669.0,6.48074069840786
670.0,6.48074069840786
671.0,6.48074069840786
672.0,6.48074069840786
673.0,6.48074069840786
674.0,6.48074069840786
675.0,6.48074069840786
676.0,6.48074069840786
677.0,6.48074069840786
678.0,6.48074069840786
679.0,6.48074069840786
680.0,6.48074069840786
681.0,6.48074069840786
682.0,6.48074069840786
683.0,6.48074069840786
684.0,6.48074069840786
685.0,6.48074069840786
686.0,6.48074069840786
687.0,5.291502622129181
688.0,5.291502622129181
689.0,5.291502622129181
690.0,5.291502622129181
691.0,5.291502622129181
692.0,5.291502622129181
693.0,5.291502622129181
694.0,5.291502622129181
695.0,5.291502622129181
696.0,5.291502622129181
697.0,5.291502622129181
698.0,5.291502622129181
699.0,5.291502622129181
700.0,5.291502622129181
701.0,5.291502622129181
702.0,5.291502622129181
703.0,5.291502622129181
704.0,5.291502622129181
705.0,5.291502622129181
706.0,5.291502622129181
707.0,5.196152422706632
708.0,5.196152422706632
709.0,5.196152422706632
710.0,5.196152422706632
711.0,5.196152422706632
712.0,5.196152422706632
713.0,5.196152422706632
714.0,5.196152422706632
715.0,5.196152422706632
716.0,5.196152422706632
717.0,5.196152422706632
718.0,5.196152422706632
719.0,5.196152422706632
720.0,5.196152422706632
721.0,5.196152422706632
722.0,5.196152422706632
723.0,5.196152422706632
724.0,5.196152422706632
725.0,5.196152422706632
726.0,5.196152422706632
727.0,5.196152422706632
728.0,5.196152422706632
729.0,5.196152422706632
730.0,5.196152422706632
731.0,5.196152422706632
732.0,5.196152422706632
733.0,5.196152422706632
734.0,5.196152422706632
735.0,5.196152422706632
736.0,5.196152422706632
737.0,5.196152422706632
738.0,5.196152422706632
739.0,5.196152422706632
740.0,5.196152422706632
741.0,5.196152422706632
742.0,5.196152422706632
743.0,5.196152422706632
744.0,5.196152422706632
745.0,5.196152422706632
746.0,5.196152422706632
747.0,5.196152422706632
748.0,5.196152422706632
749.0,5.196152422706632
750.0,5.196152422706632
751.0,5.196152422706632
752.0,5.196152422706632
753.0,5.196152422706632
754.0,5.196152422706632
755.0,5.196152422706632
756.0,5.196152422706632
757.0,4.47213595499958
758.0,4.47213595499958
759.0,4.47213595499958
760.0,4.47213595499958
761.0,4.47213595499958
762.0,4.47213595499958
763.0,4.47213595499958
764.0,4.47213595499958
765.0,4.47213595499958
766.0,4.47213595499958
767.0,4.47213595499958
768.0,4.47213595499958
769.0,4.242640687119285
770.0,4.242640687119285
771.0,4.242640687119285
772.0,4.242640687119285
773.0,4.242640687119285
774.0,4.242640687119285
775.0,4.242640687119285
776.0,4.242640687119285
777.0,4.242640687119285
778.0,4.242640687119285
779.0,4.242640687119285
780.0,4.242640687119285
781.0,4.242640687119285
782.0,4.242640687119285
783.0,4.242640687119285
784.0,4.242640687119285
785.0,4.242640687119285
786.0,4.242640687119285
787.0,4.242640687119285
788.0,4.242640687119285
789.0,4.242640687119285
790.0,4.242640687119285
791.0,4.242640687119285
792.0,4.242640687119285
793.0,4.242640687119285
794.0,4.242640687119285
795.0,4.242640687119285
796.0,4.242640687119285
797.0,3.872983346207417
798.0,3.872983346207417
799.0,3.872983346207417
800.0,3.872983346207417
801.0,3.872983346207417
802.0,3.872983346207417
803.0,3.872983346207417
804.0,3.872983346207417
805.0,3.872983346207417
806.0,3.872983346207417
807.0,3.872983346207417
808.0,3.872983346207417
809.0,3.872983346207417
810.0,3.872983346207417
811.0,3.872983346207417
812.0,3.4641016151377544
813.0,3.4641016151377544
814.0,3.4641016151377544
815.0,3.4641016151377544
816.0,3.4641016151377544
817.0,3.4641016151377544
818.0,3.4641016151377544
819.0,3.4641016151377544
820.0,2.6457513110645907
821.0,2.6457513110645907
822.0,2.6457513110645907
823.0,2.6457513110645907
824.0,2.6457513110645907
825.0,2.6457513110645907
826.0,2.6457513110645907
827.0,2.6457513110645907
828.0,2.6457513110645907
829.0,2.6457513110645907
830.0,2.6457513110645907
831.0,2.6457513110645907
832.0,2.6457513110645907
833.0,2.6457513110645907
834.0,2.6457513110645907
835.0,2.6457513110645907
836.0,2.6457513110645907
837.0,2.6457513110645907
838.0,2.6457513110645907
839.0,2.6457513110645907
840.0,2.6457513110645907
841.0,2.6457513110645907
842.0,2.6457513110645907
843.0,2.6457513110645907
844.0,2.6457513110645907
845.0,2.6457513110645907
846.0,2.6457513110645907
847.0,2.6457513110645907
848.0,2.6457513110645907
849.0,2.6457513110645907
850.0,2.6457513110645907
851.0,2.6457513110645907
852.0,2.6457513110645907
853.0,2.6457513110645907
854.0,2.6457513110645907
855.0,2.6457513110645907
856.0,2.6457513110645907
857.0,2.6457513110645907
858.0,2.6457513110645907
859.0,2.6457513110645907
860.0,2.6457513110645907
861.0,2.6457513110645907
862.0,2.6457513110645907
863.0,2.6457513110645907
864.0,2.6457513110645907
865.0,2.6457513110645907
866.0,2.6457513110645907
867.0,2.6457513110645907
868.0,2.6457513110645907
869.0,2.6457513110645907
870.0,2.6457513110645907
871.0,2.6457513110645907
872.0,2.6457513110645907
873.0,2.6457513110645907
874.0,2.6457513110645907
875.0,2.6457513110645907
876.0,2.6457513110645907
877.0,2.6457513110645907
878.0,2.6457513110645907
879.0,2.6457513110645907
880.0,2.6457513110645907
881.0,2.6457513110645907
882.0,2.6457513110645907
883.0,2.6457513110645907
884.0,2.6457513110645907
885.0,2.6457513110645907
886.0,2.6457513110645907
887.0,2.6457513110645907
888.0,2.6457513110645907
889.0,2.6457513110645907
890.0,2.449489742783178
891.0,2.449489742783178
892.0,2.449489742783178
893.0,2.449489742783178
894.0,2.449489742783178
895.0,2.449489742783178
896.0,2.449489742783178
897.0,2.449489742783178
898.0,2.449489742783178
899.0,2.449489742783178
900.0,2.449489742783178
901.0,2.449489742783178
902.0,2.449489742783178
903.0,2.449489742783178
904.0,2.449489742783178
905.0,2.449489742783178
906.0,2.449489742783178
907.0,2.449489742783178
908.0,2.449489742783178
909.0,2.449489742783178
910.0,2.449489742783178
911.0,2.449489742783178
912.0,2.449489742783178
913.0,2.449489742783178
914.0,1.7320508075688772
915.0,1.4142135623730951
916.0,1.4142135623730951
917.0,1.4142135623730951
918.0,1.4142135623730951
919.0,1.4142135623730951
920.0,1.4142135623730951
921.0,1.4142135623730951
922.0,1.4142135623730951
923.0,1.4142135623730951
924.0,1.4142135623730951
925.0,1.4142135623730951
926.0,1.4142135623730951
927.0,1.4142135623730951
928.0,1.4142135623730951
929.0,1.4142135623730951
930.0,1.4142135623730951
931.0,1.4142135623730951
932.0,1.4142135623730951
933.0,1.4142135623730951
934.0,1.4142135623730951
935.0,1.4142135623730951
936.0,1.4142135623730951
937.0,1.4142135623730951
938.0,1.4142135623730951
939.0,1.4142135623730951
940.0,1.4142135623730951
941.0,1.4142135623730951
942.0,1.4142135623730951
943.0,1.4142135623730951
944.0,1.4142135623730951
945.0,1.4142135623730951
946.0,1.4142135623730951
947.0,1.4142135623730951
948.0,1.4142135623730951
949.0,1.4142135623730951
950.0,1.0
951.0,1.0
952.0,1.0
953.0,1.0
954.0,1.0
955.0,1.0
956.0,1.0
957.0,1.0
958.0,1.0
959.0,1.0
960.0,1.0
961.0,1.0
962.0,1.0
963.0,1.0
964.0,1.0
965.0,1.0
966.0,1.0
967.0,1.0
968.0,1.0
969.0,1.0
970.0,1.0
971.0,1.0
972.0,1.0
973.0,1.0
974.0,1.0
975.0,1.0
976.0,1.0
977.0,1.0
978.0,1.0
979.0,1.0
980.0,1.0
981.0,1.0
982.0,1.0
983.0,1.0
984.0,1.0
985.0,1.0
986.0,1.0
987.0,1.0
988.0,1.0
989.0,1.0
990.0,1.0
991.0,1.0
992.0,1.0
993.0,1.0
994.0,1.0
995.0,1.0
996.0,1.0
997.0,1.0
998.0,1.0
999.0,1.0
1000.0,1.0
1001.0,1.0
1002.0,1.0
1003.0,1.0
1004.0,1.0
1005.0,1.0
1006.0,1.0
1007.0,1.0
1008.0,1.0
1009.0,1.0
1010.0,1.0
1011.0,1.0
1012.0,1.0
1013.0,1.0
1014.0,1.0
1015.0,1.0
1016.0,1.0
1017.0,1.0
1018.0,1.0
1019.0,1.0
1020.0,1.0
1021.0,1.0
1022.0,1.0
1023.0,1.0
1024.0,1.0
1025.0,1.0
1026.0,1.0
1027.0,1.0
1028.0,1.0
1029.0,1.0
1030.0,1.0
1031.0,1.0
1032.0,1.0
1033.0,1.0
1034.0,1.0
1035.0,1.0
1036.0,1.0
1037.0,1.0
1038.0,1.0
1039.0,1.0
1040.0,1.0
1041.0,1.0
1042.0,1.0
1043.0,1.0
1044.0,1.0
1045.0,1.0
1046.0,1.0
1047.0,1.0
1048.0,1.0
1049.0,1.0
1050.0,1.0
1051.0,1.0
1052.0,1.0
1053.0,1.0
1054.0,1.0
1055.0,1.0
1056.0,1.0
1057.0,1.0
1058.0,1.0
1059.0,1.0
1060.0,1.0
1061.0,1.0
1062.0,1.0
1062.0,0.0
