Iteration,Fitness
2.0,56.95612346359257
3.0,56.95612346359257
4.0,51.0
5.0,51.0
6.0,35.24202037341219
7.0,35.24202037341219
8.0,35.24202037341219
9.0,35.24202037341219
10.0,35.24202037341219
11.0,31.0322412983658
12.0,26.19160170741759
13.0,25.573423705088842
14.0,25.573423705088842
15.0,25.573423705088842
16.0,25.573423705088842
17.0,25.573423705088842
18.0,25.573423705088842
19.0,25.573423705088842
20.0,25.573423705088842
21.0,25.573423705088842
22.0,25.573423705088842
23.0,25.573423705088842
24.0,25.573423705088842
25.0,25.573423705088842
26.0,25.573423705088842
27.0,22.956480566497994
28.0,22.956480566497994
29.0,22.956480566497994
30.0,22.956480566497994
31.0,22.956480566497994
32.0,22.956480566497994
33.0,22.956480566497994
34.0,22.956480566497994
35.0,22.293496809607955
36.0,22.293496809607955
37.0,22.293496809607955
38.0,22.293496809607955
39.0,22.293496809607955
40.0,22.293496809607955
41.0,22.293496809607955
42.0,22.135943621178654
43.0,22.135943621178654
44.0,22.135943621178654
45.0,21.95449840010015
46.0,21.95449840010015
47.0,21.95449840010015
48.0,21.95449840010015
49.0,21.95449840010015
50.0,21.95449840010015
51.0,21.95449840010015
52.0,21.95449840010015
53.0,21.95449840010015
54.0,21.95449840010015
55.0,21.95449840010015
56.0,21.95449840010015
57.0,21.95449840010015
58.0,21.95449840010015
59.0,21.95449840010015
60.0,21.95449840010015
61.0,21.95449840010015
62.0,21.95449840010015
63.0,21.95449840010015
64.0,20.784609690826528
65.0,20.784609690826528
66.0,20.784609690826528
67.0,20.784609690826528
68.0,20.784609690826528
69.0,20.784609690826528
70.0,14.730919862656235
71.0,14.730919862656235
72.0,14.730919862656235
73.0,14.730919862656235
74.0,14.730919862656235
75.0,14.730919862656235
76.0,14.730919862656235
77.0,14.730919862656235
78.0,13.784048752090222
79.0,13.784048752090222
80.0,13.784048752090222
81.0,13.784048752090222
82.0,13.784048752090222
83.0,13.784048752090222
84.0,13.784048752090222
85.0,13.784048752090222
86.0,13.784048752090222
87.0,13.784048752090222
88.0,13.784048752090222
89.0,13.784048752090222
90.0,13.784048752090222
91.0,13.784048752090222
92.0,13.784048752090222
93.0,13.784048752090222
94.0,13.784048752090222
95.0,13.784048752090222
96.0,13.784048752090222
97.0,13.784048752090222
98.0,13.784048752090222
99.0,13.784048752090222
100.0,13.784048752090222
101.0,13.784048752090222
102.0,13.784048752090222
103.0,13.784048752090222
104.0,13.784048752090222
105.0,13.784048752090222
106.0,13.784048752090222
107.0,13.784048752090222
108.0,13.784048752090222
109.0,13.784048752090222
110.0,13.784048752090222
111.0,13.784048752090222
112.0,13.784048752090222
113.0,13.784048752090222
114.0,13.784048752090222
115.0,13.784048752090222
116.0,13.784048752090222
117.0,13.784048752090222
118.0,13.784048752090222
119.0,13.784048752090222
120.0,13.784048752090222
121.0,13.784048752090222
122.0,13.784048752090222
123.0,13.784048752090222
124.0,13.784048752090222
125.0,13.784048752090222
126.0,13.784048752090222
127.0,13.784048752090222
128.0,13.784048752090222
129.0,13.784048752090222
130.0,13.784048752090222
131.0,13.784048752090222
132.0,13.784048752090222
133.0,13.784048752090222
134.0,13.784048752090222
135.0,13.784048752090222
136.0,12.96148139681572
137.0,12.96148139681572
138.0,12.96148139681572
139.0,12.96148139681572
140.0,12.96148139681572
141.0,12.96148139681572
142.0,12.96148139681572
143.0,12.96148139681572
144.0,12.96148139681572
145.0,12.96148139681572
146.0,12.96148139681572
147.0,12.96148139681572
148.0,12.96148139681572
149.0,12.96148139681572
150.0,12.96148139681572
151.0,12.96148139681572
152.0,12.96148139681572
153.0,12.96148139681572
154.0,12.96148139681572
155.0,12.96148139681572
156.0,12.96148139681572
157.0,12.96148139681572
158.0,12.96148139681572
159.0,12.96148139681572
160.0,12.96148139681572
161.0,12.96148139681572
162.0,12.96148139681572
163.0,12.96148139681572
164.0,12.96148139681572
165.0,12.96148139681572
166.0,12.96148139681572
167.0,12.96148139681572
168.0,12.96148139681572
169.0,12.96148139681572
170.0,12.96148139681572
171.0,12.96148139681572
172.0,12.96148139681572
173.0,12.96148139681572
174.0,12.96148139681572
175.0,12.96148139681572
176.0,12.96148139681572
177.0,12.96148139681572
178.0,12.96148139681572
179.0,12.96148139681572
180.0,12.96148139681572
181.0,12.96148139681572
182.0,12.96148139681572
183.0,12.96148139681572
184.0,12.96148139681572
185.0,12.96148139681572
186.0,12.96148139681572
187.0,12.96148139681572
188.0,12.96148139681572
189.0,12.96148139681572
190.0,12.96148139681572
191.0,12.96148139681572
192.0,12.96148139681572
193.0,12.96148139681572
194.0,12.96148139681572
195.0,12.96148139681572
196.0,12.96148139681572
197.0,12.96148139681572
198.0,12.96148139681572
199.0,12.96148139681572
200.0,12.96148139681572
201.0,12.96148139681572
202.0,12.529964086141668
203.0,12.529964086141668
204.0,12.529964086141668
205.0,12.529964086141668
206.0,12.529964086141668
207.0,12.529964086141668
208.0,12.529964086141668
209.0,12.529964086141668
210.0,12.529964086141668
211.0,12.529964086141668
212.0,12.529964086141668
213.0,12.529964086141668
214.0,12.529964086141668
215.0,12.529964086141668
216.0,12.529964086141668
217.0,12.529964086141668
218.0,12.529964086141668
219.0,12.328828005937952
220.0,12.328828005937952
221.0,12.328828005937952
222.0,12.328828005937952
223.0,12.328828005937952
224.0,12.328828005937952
225.0,12.328828005937952
226.0,12.328828005937952
227.0,12.328828005937952
228.0,12.328828005937952
229.0,10.04987562112089
230.0,10.04987562112089
231.0,10.04987562112089
232.0,9.591663046625438
233.0,9.591663046625438
234.0,9.591663046625438
235.0,9.591663046625438
236.0,9.591663046625438
237.0,9.591663046625438
238.0,9.591663046625438
239.0,9.591663046625438
240.0,9.591663046625438
241.0,9.591663046625438
242.0,9.591663046625438
243.0,9.591663046625438
244.0,9.591663046625438
245.0,9.273618495495704
246.0,9.273618495495704
247.0,9.273618495495704
248.0,9.273618495495704
249.0,9.273618495495704
250.0,9.273618495495704
251.0,9.273618495495704
252.0,9.273618495495704
253.0,9.273618495495704
254.0,9.273618495495704
255.0,9.273618495495704
256.0,9.273618495495704
257.0,9.273618495495704
258.0,9.273618495495704
259.0,9.273618495495704
260.0,9.273618495495704
261.0,9.273618495495704
262.0,9.273618495495704
263.0,8.48528137423857
264.0,8.48528137423857
265.0,8.48528137423857
266.0,8.48528137423857
267.0,8.48528137423857
268.0,8.48528137423857
269.0,8.48528137423857
270.0,8.48528137423857
271.0,8.48528137423857
272.0,8.48528137423857
273.0,8.12403840463596
274.0,8.12403840463596
275.0,8.12403840463596
276.0,8.12403840463596
277.0,8.12403840463596
278.0,8.12403840463596
279.0,8.12403840463596
280.0,8.12403840463596
281.0,8.12403840463596
282.0,8.12403840463596
283.0,7.810249675906654
284.0,7.810249675906654
285.0,7.810249675906654
286.0,7.810249675906654
287.0,7.810249675906654
288.0,7.810249675906654
289.0,7.810249675906654
290.0,7.810249675906654
291.0,7.810249675906654
292.0,7.810249675906654
293.0,7.810249675906654
294.0,7.810249675906654
295.0,7.615773105863909
296.0,7.615773105863909
297.0,7.615773105863909
298.0,7.615773105863909
299.0,7.615773105863909
300.0,7.615773105863909
301.0,7.615773105863909
302.0,7.615773105863909
303.0,7.615773105863909
304.0,7.615773105863909
305.0,7.615773105863909
306.0,7.615773105863909
307.0,7.615773105863909
308.0,7.615773105863909
309.0,7.615773105863909
310.0,7.615773105863909
311.0,7.615773105863909
312.0,7.615773105863909
313.0,7.615773105863909
314.0,7.615773105863909
315.0,7.615773105863909
316.0,7.615773105863909
317.0,7.615773105863909
318.0,7.615773105863909
319.0,7.615773105863909
320.0,7.615773105863909
321.0,7.615773105863909
322.0,7.615773105863909
323.0,7.615773105863909
324.0,7.615773105863909
325.0,7.615773105863909
326.0,7.615773105863909
327.0,7.615773105863909
328.0,7.0710678118654755
329.0,7.0710678118654755
330.0,7.0710678118654755
331.0,7.0710678118654755
332.0,7.0710678118654755
333.0,7.0710678118654755
334.0,7.0710678118654755
335.0,7.0710678118654755
336.0,7.0710678118654755
337.0,7.0710678118654755
338.0,7.0710678118654755
339.0,7.0710678118654755
340.0,7.0710678118654755
341.0,7.0710678118654755
342.0,7.0710678118654755
343.0,7.0710678118654755
344.0,7.0710678118654755
345.0,7.0710678118654755
346.0,7.0710678118654755
347.0,7.0710678118654755
348.0,7.0710678118654755
349.0,7.0710678118654755
350.0,7.0710678118654755
351.0,7.0710678118654755
352.0,7.0710678118654755
353.0,7.0710678118654755
354.0,7.0710678118654755
355.0,7.0710678118654755
356.0,7.0710678118654755
357.0,7.0710678118654755
358.0,7.0710678118654755
359.0,7.0710678118654755
360.0,7.0710678118654755
361.0,7.0710678118654755
362.0,7.0710678118654755
363.0,7.0710678118654755
364.0,6.708203932499369
365.0,6.708203932499369
366.0,6.708203932499369
367.0,6.708203932499369
368.0,6.708203932499369
369.0,6.708203932499369
370.0,6.48074069840786
371.0,6.48074069840786
372.0,5.656854249492381
373.0,5.656854249492381
374.0,5.656854249492381
375.0,5.656854249492381
376.0,5.656854249492381
377.0,5.656854249492381
378.0,5.656854249492381
379.0,5.656854249492381
380.0,5.656854249492381
381.0,5.656854249492381
382.0,5.656854249492381
383.0,5.656854249492381
384.0,5.656854249492381
385.0,5.656854249492381
386.0,5.656854249492381
387.0,5.656854249492381
388.0,5.656854249492381
389.0,5.656854249492381
390.0,5.656854249492381
391.0,5.656854249492381
392.0,5.656854249492381
393.0,5.656854249492381
394.0,5.656854249492381
395.0,5.656854249492381
396.0,5.656854249492381
397.0,5.656854249492381
398.0,5.656854249492381
399.0,5.656854249492381
400.0,5.656854249492381
401.0,5.656854249492381
402.0,5.656854249492381
403.0,5.656854249492381
404.0,5.656854249492381
405.0,5.656854249492381
406.0,5.656854249492381
407.0,5.656854249492381
408.0,5.656854249492381
409.0,5.656854249492381
410.0,5.656854249492381
411.0,5.656854249492381
412.0,5.656854249492381
413.0,5.656854249492381
414.0,5.656854249492381
415.0,5.656854249492381
416.0,5.656854249492381
417.0,5.656854249492381
418.0,5.656854249492381
419.0,5.656854249492381
420.0,5.656854249492381
421.0,5.656854249492381
422.0,5.656854249492381
423.0,5.656854249492381
424.0,5.656854249492381
425.0,5.656854249492381
426.0,5.656854249492381
427.0,5.656854249492381
428.0,5.656854249492381
429.0,5.656854249492381
430.0,5.656854249492381
431.0,5.291502622129181
432.0,5.291502622129181
433.0,5.291502622129181
434.0,5.291502622129181
435.0,5.291502622129181
436.0,5.291502622129181
437.0,5.291502622129181
438.0,5.291502622129181
439.0,5.291502622129181
440.0,4.242640687119285
441.0,4.242640687119285
442.0,4.242640687119285
443.0,4.242640687119285
444.0,4.242640687119285
445.0,4.242640687119285
446.0,4.242640687119285
447.0,4.242640687119285
448.0,4.242640687119285
449.0,4.242640687119285
450.0,4.242640687119285
451.0,4.242640687119285
452.0,4.242640687119285
453.0,4.242640687119285
454.0,4.242640687119285
455.0,4.242640687119285
456.0,4.242640687119285
457.0,4.242640687119285
458.0,4.242640687119285
459.0,4.242640687119285
460.0,4.242640687119285
461.0,4.242640687119285
462.0,4.242640687119285
463.0,4.242640687119285
464.0,4.242640687119285
465.0,4.242640687119285
466.0,4.242640687119285
467.0,4.242640687119285
468.0,4.242640687119285
469.0,4.242640687119285
470.0,4.242640687119285
471.0,4.242640687119285
472.0,4.242640687119285
473.0,4.242640687119285
474.0,4.242640687119285
475.0,4.242640687119285
476.0,4.242640687119285
477.0,4.242640687119285
478.0,4.242640687119285
479.0,4.242640687119285
480.0,4.242640687119285
481.0,4.242640687119285
482.0,4.242640687119285
483.0,4.242640687119285
484.0,4.242640687119285
485.0,4.242640687119285
486.0,4.242640687119285
487.0,4.242640687119285
488.0,4.242640687119285
489.0,4.242640687119285
490.0,4.242640687119285
491.0,4.242640687119285
492.0,4.242640687119285
493.0,4.242640687119285
494.0,4.242640687119285
495.0,4.242640687119285
496.0,4.242640687119285
497.0,4.242640687119285
498.0,4.242640687119285
499.0,4.242640687119285
500.0,4.242640687119285
501.0,4.242640687119285
502.0,4.242640687119285
503.0,4.242640687119285
504.0,4.242640687119285
505.0,4.242640687119285
506.0,4.242640687119285
507.0,4.242640687119285
508.0,4.242640687119285
509.0,4.242640687119285
510.0,4.242640687119285
511.0,4.242640687119285
512.0,4.242640687119285
513.0,4.242640687119285
514.0,4.242640687119285
515.0,4.242640687119285
516.0,4.242640687119285
517.0,4.242640687119285
518.0,4.242640687119285
519.0,4.242640687119285
520.0,4.242640687119285
521.0,4.242640687119285
522.0,3.872983346207417
523.0,3.872983346207417
524.0,3.872983346207417
525.0,3.872983346207417
526.0,3.872983346207417
527.0,3.0
528.0,3.0
529.0,3.0
530.0,3.0
531.0,3.0
532.0,3.0
533.0,3.0
534.0,3.0
535.0,3.0
536.0,3.0
537.0,3.0
538.0,3.0
539.0,3.0
540.0,3.0
541.0,3.0
542.0,3.0
543.0,3.0
544.0,3.0
545.0,3.0
546.0,3.0
547.0,3.0
548.0,3.0
549.0,3.0
550.0,3.0
551.0,3.0
552.0,3.0
553.0,3.0
554.0,3.0
555.0,3.0
556.0,3.0
557.0,3.0
558.0,3.0
559.0,3.0
560.0,3.0
561.0,3.0
562.0,3.0
563.0,3.0
564.0,3.0
565.0,3.0
566.0,3.0
567.0,3.0
568.0,3.0
569.0,3.0
570.0,3.0
571.0,3.0
572.0,3.0
573.0,3.0
574.0,3.0
575.0,3.0
576.0,3.0
577.0,3.0
578.0,3.0
579.0,3.0
580.0,3.0
581.0,3.0
582.0,3.0
583.0,3.0
584.0,3.0
585.0,3.0
586.0,3.0
587.0,3.0
588.0,3.0
589.0,3.0
590.0,3.0
591.0,3.0
592.0,3.0
593.0,3.0
594.0,3.0
595.0,3.0
596.0,3.0
597.0,3.0
598.0,3.0
599.0,3.0
600.0,3.0
601.0,3.0
602.0,3.0
603.0,3.0
604.0,3.0
605.0,3.0
606.0,3.0
607.0,3.0
608.0,3.0
609.0,3.0
610.0,3.0
611.0,3.0
612.0,3.0
613.0,3.0
614.0,3.0
615.0,3.0
616.0,3.0
617.0,3.0
618.0,3.0
619.0,3.0
620.0,3.0
621.0,3.0
622.0,3.0
623.0,3.0
624.0,3.0
625.0,3.0
626.0,3.0
627.0,3.0
628.0,3.0
629.0,3.0
630.0,3.0
631.0,3.0
632.0,3.0
633.0,3.0
634.0,3.0
635.0,3.0
636.0,3.0
637.0,3.0
638.0,3.0
639.0,3.0
640.0,3.0
641.0,3.0
642.0,3.0
643.0,3.0
644.0,3.0
645.0,3.0
646.0,3.0
647.0,3.0
648.0,3.0
649.0,3.0
650.0,3.0
651.0,3.0
652.0,3.0
653.0,3.0
654.0,3.0
655.0,3.0
656.0,3.0
657.0,3.0
658.0,3.0
659.0,3.0
660.0,3.0
661.0,3.0
662.0,3.0
663.0,3.0
664.0,3.0
665.0,3.0
666.0,3.0
667.0,3.0
668.0,3.0
669.0,3.0
670.0,3.0
671.0,3.0
672.0,3.0
673.0,3.0
674.0,3.0
675.0,3.0
676.0,3.0
677.0,3.0
678.0,3.0
679.0,3.0
680.0,3.0
681.0,3.0
682.0,3.0
683.0,3.0
684.0,3.0
685.0,3.0
686.0,3.0
687.0,3.0
688.0,3.0
689.0,3.0
690.0,3.0
691.0,3.0
692.0,3.0
693.0,3.0
694.0,3.0
695.0,3.0
696.0,3.0
697.0,3.0
698.0,3.0
699.0,3.0
700.0,3.0
701.0,3.0
702.0,3.0
703.0,3.0
704.0,3.0
705.0,3.0
706.0,3.0
707.0,3.0
708.0,3.0
709.0,3.0
710.0,3.0
711.0,3.0
712.0,3.0
713.0,3.0
714.0,3.0
715.0,3.0
716.0,3.0
717.0,3.0
718.0,3.0
719.0,3.0
720.0,3.0
721.0,3.0
722.0,3.0
723.0,3.0
724.0,3.0
725.0,3.0
726.0,3.0
727.0,3.0
728.0,3.0
729.0,3.0
730.0,3.0
731.0,3.0
732.0,3.0
733.0,3.0
734.0,3.0
735.0,3.0
736.0,3.0
737.0,3.0
738.0,3.0
739.0,3.0
740.0,3.0
741.0,3.0
742.0,3.0
743.0,3.0
744.0,3.0
745.0,3.0
746.0,3.0
747.0,3.0
748.0,3.0
749.0,3.0
750.0,3.0
751.0,3.0
752.0,3.0
753.0,3.0
754.0,3.0
755.0,3.0
756.0,3.0
757.0,3.0
758.0,3.0
759.0,3.0
760.0,2.8284271247461903
761.0,2.8284271247461903
762.0,2.8284271247461903
763.0,2.8284271247461903
764.0,2.8284271247461903
765.0,2.8284271247461903
766.0,2.8284271247461903
767.0,2.8284271247461903
768.0,2.8284271247461903
769.0,2.8284271247461903
770.0,2.8284271247461903
771.0,2.8284271247461903
772.0,2.8284271247461903
773.0,2.8284271247461903
774.0,2.8284271247461903
775.0,2.8284271247461903
776.0,2.8284271247461903
777.0,2.8284271247461903
778.0,2.449489742783178
779.0,2.449489742783178
780.0,2.449489742783178
781.0,2.449489742783178
782.0,2.449489742783178
783.0,2.449489742783178
784.0,2.449489742783178
785.0,2.449489742783178
786.0,2.449489742783178
787.0,2.23606797749979
788.0,2.23606797749979
789.0,2.23606797749979
790.0,2.23606797749979
791.0,2.23606797749979
792.0,2.23606797749979
793.0,2.23606797749979
794.0,2.23606797749979
795.0,2.23606797749979
796.0,2.23606797749979
797.0,2.23606797749979
798.0,2.23606797749979
799.0,2.23606797749979
800.0,2.23606797749979
801.0,2.23606797749979
802.0,2.23606797749979
803.0,2.23606797749979
804.0,2.23606797749979
805.0,2.23606797749979
806.0,2.23606797749979
807.0,2.23606797749979
808.0,2.23606797749979
809.0,2.23606797749979
810.0,2.23606797749979
811.0,2.23606797749979
812.0,2.23606797749979
813.0,2.23606797749979
814.0,2.23606797749979
815.0,2.23606797749979
816.0,2.23606797749979
817.0,2.23606797749979
818.0,2.23606797749979
819.0,2.23606797749979
820.0,2.23606797749979
821.0,2.23606797749979
822.0,2.23606797749979
823.0,2.23606797749979
824.0,2.23606797749979
825.0,2.23606797749979
826.0,2.23606797749979
827.0,2.23606797749979
828.0,2.23606797749979
829.0,2.23606797749979
830.0,2.23606797749979
831.0,2.23606797749979
832.0,2.23606797749979
833.0,2.23606797749979
834.0,2.23606797749979
835.0,2.23606797749979
836.0,2.23606797749979
837.0,2.23606797749979
838.0,2.23606797749979
839.0,2.23606797749979
840.0,2.23606797749979
841.0,2.23606797749979
842.0,2.23606797749979
843.0,2.23606797749979
844.0,2.23606797749979
845.0,2.23606797749979
846.0,2.23606797749979
847.0,2.23606797749979
848.0,2.23606797749979
849.0,2.23606797749979
850.0,2.23606797749979
851.0,2.23606797749979
852.0,2.23606797749979
853.0,2.23606797749979
854.0,2.23606797749979
855.0,2.23606797749979
856.0,2.23606797749979
857.0,2.23606797749979
858.0,2.23606797749979
859.0,2.23606797749979
860.0,2.23606797749979
861.0,2.23606797749979
862.0,2.23606797749979
863.0,2.23606797749979
864.0,2.23606797749979
865.0,2.23606797749979
866.0,2.23606797749979
867.0,2.23606797749979
868.0,2.23606797749979
869.0,2.23606797749979
870.0,2.23606797749979
871.0,2.23606797749979
872.0,2.23606797749979
873.0,2.23606797749979
874.0,2.23606797749979
875.0,2.23606797749979
876.0,2.23606797749979
877.0,2.23606797749979
878.0,2.23606797749979
879.0,2.23606797749979
880.0,2.23606797749979
881.0,2.23606797749979
882.0,2.23606797749979
883.0,2.23606797749979
884.0,2.23606797749979
885.0,2.23606797749979
886.0,2.23606797749979
887.0,2.23606797749979
888.0,2.23606797749979
889.0,2.23606797749979
890.0,2.23606797749979
891.0,2.23606797749979
892.0,2.23606797749979
893.0,2.23606797749979
894.0,2.23606797749979
895.0,2.23606797749979
896.0,2.23606797749979
897.0,2.23606797749979
898.0,2.23606797749979
899.0,2.23606797749979
900.0,2.23606797749979
901.0,2.23606797749979
902.0,2.23606797749979
903.0,2.23606797749979
904.0,2.23606797749979
905.0,2.23606797749979
906.0,2.23606797749979
907.0,2.23606797749979
908.0,2.23606797749979
909.0,2.23606797749979
910.0,2.23606797749979
911.0,2.23606797749979
912.0,2.23606797749979
913.0,2.23606797749979
914.0,2.23606797749979
915.0,2.23606797749979
916.0,2.23606797749979
917.0,2.23606797749979
918.0,2.23606797749979
919.0,2.23606797749979
920.0,2.23606797749979
921.0,2.23606797749979
922.0,2.23606797749979
923.0,2.23606797749979
924.0,2.23606797749979
925.0,2.23606797749979
926.0,2.23606797749979
927.0,2.23606797749979
928.0,2.23606797749979
929.0,2.23606797749979
930.0,2.23606797749979
931.0,2.23606797749979
932.0,2.23606797749979
933.0,2.23606797749979
934.0,2.23606797749979
935.0,2.23606797749979
936.0,2.23606797749979
937.0,2.23606797749979
938.0,2.23606797749979
939.0,2.23606797749979
940.0,2.23606797749979
941.0,2.23606797749979
942.0,2.23606797749979
943.0,2.23606797749979
944.0,2.23606797749979
945.0,2.23606797749979
946.0,2.23606797749979
947.0,2.23606797749979
948.0,2.23606797749979
949.0,2.23606797749979
950.0,2.23606797749979
951.0,2.23606797749979
952.0,2.23606797749979
953.0,2.23606797749979
954.0,2.23606797749979
955.0,2.23606797749979
956.0,2.23606797749979
957.0,2.23606797749979
958.0,2.23606797749979
959.0,2.23606797749979
960.0,2.23606797749979
961.0,2.23606797749979
962.0,2.23606797749979
963.0,2.23606797749979
964.0,2.23606797749979
965.0,2.23606797749979
966.0,2.23606797749979
967.0,2.23606797749979
968.0,2.23606797749979
969.0,2.23606797749979
970.0,2.23606797749979
971.0,2.23606797749979
972.0,2.23606797749979
973.0,2.23606797749979
974.0,2.23606797749979
975.0,2.23606797749979
976.0,2.23606797749979
977.0,2.23606797749979
978.0,2.23606797749979
979.0,2.23606797749979
980.0,2.23606797749979
981.0,2.23606797749979
982.0,2.23606797749979
983.0,2.23606797749979
984.0,2.23606797749979
985.0,2.23606797749979
986.0,2.23606797749979
987.0,2.23606797749979
988.0,2.23606797749979
989.0,2.23606797749979
990.0,2.23606797749979
991.0,2.23606797749979
992.0,2.23606797749979
993.0,2.23606797749979
994.0,2.23606797749979
995.0,2.23606797749979
996.0,2.23606797749979
997.0,2.23606797749979
998.0,2.23606797749979
999.0,2.23606797749979
1000.0,2.23606797749979
1001.0,2.23606797749979
1002.0,2.23606797749979
1003.0,2.23606797749979
1004.0,2.23606797749979
1005.0,2.23606797749979
1006.0,2.23606797749979
1007.0,2.23606797749979
1008.0,2.23606797749979
1009.0,2.23606797749979
1010.0,2.23606797749979
1011.0,2.23606797749979
1012.0,2.23606797749979
1013.0,2.23606797749979
1014.0,2.23606797749979
1015.0,2.23606797749979
1016.0,2.23606797749979
1017.0,2.23606797749979
1018.0,2.23606797749979
1019.0,2.23606797749979
1020.0,2.23606797749979
1021.0,2.23606797749979
1022.0,2.23606797749979
1023.0,2.23606797749979
1024.0,2.23606797749979
1025.0,2.0
1026.0,2.0
1027.0,2.0
1028.0,2.0
1029.0,2.0
1030.0,2.0
1031.0,2.0
1032.0,2.0
1033.0,2.0
1034.0,2.0
1035.0,2.0
1036.0,2.0
1037.0,2.0
1038.0,2.0
1039.0,2.0
1040.0,2.0
1041.0,2.0
1042.0,2.0
1043.0,2.0
1044.0,2.0
1045.0,2.0
1046.0,2.0
1047.0,2.0
1048.0,2.0
1049.0,2.0
1050.0,2.0
1051.0,2.0
1052.0,2.0
1053.0,2.0
1054.0,2.0
1055.0,2.0
1056.0,2.0
1057.0,2.0
1058.0,2.0
1059.0,2.0
1060.0,2.0
1061.0,2.0
1062.0,2.0
1063.0,2.0
1064.0,2.0
1065.0,2.0
1066.0,2.0
1067.0,2.0
1068.0,2.0
1069.0,2.0
1070.0,2.0
1071.0,2.0
1072.0,2.0
1073.0,2.0
1074.0,2.0
1075.0,2.0
1076.0,2.0
1077.0,2.0
1078.0,2.0
1079.0,2.0
1080.0,2.0
1081.0,2.0
1082.0,2.0
1083.0,2.0
1084.0,2.0
1085.0,2.0
1086.0,2.0
1087.0,2.0
1088.0,2.0
1089.0,2.0
1090.0,2.0
1091.0,2.0
1092.0,2.0
1093.0,2.0
1094.0,2.0
1095.0,2.0
1096.0,2.0
1097.0,2.0
1098.0,2.0
1099.0,2.0
1100.0,2.0
1101.0,2.0
1102.0,2.0
1103.0,2.0
1104.0,2.0
1105.0,2.0
1106.0,2.0
1107.0,2.0
1108.0,2.0
1109.0,2.0
1110.0,2.0
1111.0,2.0
1112.0,2.0
1113.0,2.0
1114.0,2.0
1115.0,2.0
1116.0,2.0
1117.0,2.0
1118.0,2.0
1119.0,2.0
1120.0,2.0
1121.0,2.0
1122.0,2.0
1123.0,2.0
1124.0,2.0
1125.0,2.0
1126.0,2.0
1127.0,2.0
1128.0,2.0
1129.0,2.0
1130.0,2.0
1131.0,2.0
1132.0,2.0
1133.0,2.0
1134.0,2.0
1135.0,2.0
1136.0,2.0
1137.0,2.0
1138.0,2.0
1139.0,2.0
1140.0,2.0
1141.0,2.0
1142.0,2.0
1143.0,2.0
1144.0,2.0
1145.0,2.0
1146.0,2.0
1147.0,2.0
1148.0,2.0
1149.0,2.0
1150.0,2.0
1151.0,2.0
1152.0,2.0
1153.0,2.0
1154.0,2.0
1155.0,2.0
1156.0,2.0
1157.0,2.0
1158.0,2.0
1159.0,2.0
1160.0,2.0
1161.0,2.0
1162.0,2.0
1163.0,2.0
1164.0,2.0
1165.0,2.0
1166.0,2.0
1167.0,2.0
1168.0,2.0
1169.0,2.0
1170.0,2.0
1171.0,2.0
1172.0,2.0
1173.0,2.0
1174.0,2.0
1175.0,2.0
1176.0,2.0
1177.0,2.0
1178.0,2.0
1179.0,2.0
1180.0,2.0
1181.0,2.0
1182.0,2.0
1183.0,2.0
1184.0,2.0
1185.0,2.0
1186.0,2.0
1187.0,2.0
1188.0,2.0
1189.0,2.0
1190.0,2.0
1191.0,2.0
1192.0,2.0
1193.0,2.0
1194.0,2.0
1195.0,2.0
1196.0,2.0
1197.0,2.0
1198.0,2.0
1199.0,2.0
1200.0,2.0
1201.0,2.0
1202.0,2.0
1203.0,2.0
1204.0,2.0
1205.0,2.0
1206.0,2.0
1207.0,2.0
1208.0,2.0
1209.0,2.0
1210.0,2.0
1211.0,2.0
1212.0,2.0
1213.0,2.0
1214.0,2.0
1215.0,2.0
1216.0,2.0
1217.0,2.0
1218.0,2.0
1219.0,2.0
1220.0,2.0
1221.0,2.0
1222.0,2.0
1223.0,2.0
1224.0,2.0
1225.0,2.0
1226.0,2.0
1227.0,2.0
1228.0,2.0
1229.0,2.0
1230.0,2.0
1231.0,2.0
1232.0,2.0
1233.0,2.0
1234.0,2.0
1235.0,2.0
1236.0,2.0
1237.0,2.0
1238.0,2.0
1239.0,2.0
1240.0,2.0
1241.0,2.0
1242.0,2.0
1243.0,2.0
1244.0,2.0
1245.0,2.0
1246.0,2.0
1247.0,2.0
1248.0,2.0
1249.0,2.0
1250.0,2.0
1251.0,2.0
1252.0,2.0
1253.0,2.0
1254.0,2.0
1255.0,2.0
1256.0,2.0
1257.0,2.0
1258.0,2.0
1259.0,2.0
1260.0,2.0
1261.0,2.0
1262.0,2.0
1263.0,2.0
1264.0,2.0
1265.0,2.0
1266.0,2.0
1267.0,2.0
1268.0,2.0
1269.0,2.0
1270.0,2.0
1271.0,2.0
1272.0,2.0
1273.0,2.0
1274.0,2.0
1275.0,2.0
1276.0,2.0
1277.0,2.0
1278.0,2.0
1279.0,2.0
1280.0,2.0
1281.0,2.0
1282.0,2.0
1283.0,2.0
1284.0,2.0
1285.0,2.0
1286.0,2.0
1287.0,2.0
1288.0,2.0
1289.0,2.0
1290.0,2.0
1291.0,2.0
1292.0,2.0
1293.0,2.0
1294.0,2.0
1295.0,2.0
1296.0,2.0
1297.0,2.0
1298.0,2.0
1299.0,2.0
1300.0,2.0
1301.0,2.0
1302.0,2.0
1303.0,2.0
1304.0,2.0
1305.0,2.0
1306.0,2.0
1307.0,2.0
1308.0,2.0
1309.0,2.0
1310.0,2.0
1311.0,2.0
1312.0,2.0
1313.0,2.0
1314.0,2.0
1315.0,2.0
1316.0,2.0
1317.0,2.0
1318.0,2.0
1319.0,2.0
1320.0,2.0
1321.0,2.0
1322.0,2.0
1323.0,2.0
1324.0,2.0
1325.0,2.0
1326.0,2.0
1327.0,2.0
1328.0,2.0
1329.0,2.0
1330.0,2.0
1331.0,2.0
1332.0,2.0
1333.0,2.0
1334.0,2.0
1335.0,2.0
1336.0,2.0
1337.0,2.0
1338.0,2.0
1339.0,2.0
1340.0,2.0
1341.0,2.0
1342.0,2.0
1343.0,2.0
1344.0,2.0
1345.0,2.0
1346.0,2.0
1347.0,2.0
1348.0,2.0
1349.0,2.0
1350.0,2.0
1351.0,2.0
1352.0,2.0
1353.0,2.0
1354.0,2.0
1355.0,2.0
1356.0,2.0
1357.0,2.0
1358.0,2.0
1359.0,2.0
1360.0,2.0
1361.0,2.0
1362.0,2.0
1363.0,2.0
1364.0,2.0
1365.0,2.0
1366.0,2.0
1367.0,2.0
1368.0,2.0
1369.0,2.0
1370.0,2.0
1371.0,2.0
1372.0,2.0
1373.0,2.0
1374.0,2.0
1375.0,2.0
1376.0,2.0
1377.0,2.0
1378.0,2.0
1379.0,2.0
1380.0,2.0
1381.0,2.0
1382.0,2.0
1383.0,2.0
1384.0,2.0
1385.0,2.0
1386.0,2.0
1387.0,2.0
1388.0,2.0
1389.0,2.0
1390.0,2.0
1391.0,2.0
1392.0,2.0
1393.0,2.0
1394.0,2.0
1395.0,2.0
1396.0,2.0
1397.0,2.0
1398.0,2.0
1399.0,2.0
1400.0,2.0
1401.0,2.0
1402.0,2.0
1403.0,2.0
1404.0,2.0
1405.0,2.0
1406.0,2.0
1407.0,2.0
1408.0,2.0
1409.0,2.0
1410.0,2.0
1411.0,2.0
1412.0,2.0
1413.0,2.0
1414.0,2.0
1415.0,2.0
1416.0,2.0
1417.0,2.0
1418.0,2.0
1419.0,2.0
1420.0,2.0
1421.0,2.0
1422.0,2.0
1423.0,2.0
1424.0,2.0
1425.0,2.0
1426.0,2.0
1427.0,2.0
1428.0,2.0
1429.0,2.0
1430.0,2.0
1431.0,2.0
1432.0,2.0
1433.0,2.0
1434.0,2.0
1435.0,2.0
1436.0,2.0
1437.0,2.0
1438.0,2.0
1439.0,2.0
1440.0,2.0
1441.0,2.0
1442.0,2.0
1443.0,2.0
1444.0,2.0
1445.0,2.0
1446.0,2.0
1447.0,2.0
1448.0,2.0
1449.0,2.0
1450.0,2.0
1451.0,2.0
1452.0,2.0
1453.0,2.0
1454.0,2.0
1455.0,2.0
1456.0,2.0
1457.0,2.0
1458.0,2.0
1459.0,2.0
1460.0,2.0
1461.0,2.0
1462.0,2.0
1463.0,2.0
1464.0,2.0
1465.0,2.0
1466.0,2.0
1467.0,2.0
1468.0,2.0
1469.0,2.0
1470.0,2.0
1471.0,2.0
1472.0,2.0
1473.0,2.0
1474.0,2.0
1475.0,2.0
1476.0,2.0
1477.0,2.0
1478.0,2.0
1479.0,2.0
1480.0,2.0
1481.0,2.0
1482.0,2.0
1483.0,2.0
1484.0,2.0
1485.0,2.0
1486.0,2.0
1487.0,2.0
1488.0,2.0
1489.0,2.0
1490.0,2.0
1491.0,2.0
1492.0,2.0
1493.0,2.0
1494.0,2.0
1495.0,2.0
1496.0,2.0
1497.0,2.0
1498.0,2.0
1499.0,2.0
1500.0,2.0
1501.0,2.0
1502.0,2.0
1503.0,2.0
1504.0,2.0
1505.0,2.0
1506.0,2.0
1507.0,2.0
1508.0,2.0
1509.0,2.0
1510.0,2.0
1511.0,2.0
1512.0,2.0
1513.0,2.0
1514.0,2.0
1515.0,2.0
1516.0,2.0
1517.0,2.0
1518.0,2.0
1519.0,2.0
1520.0,2.0
1521.0,2.0
1522.0,2.0
1523.0,2.0
1524.0,2.0
1525.0,2.0
1526.0,2.0
1527.0,2.0
1528.0,2.0
1529.0,2.0
1530.0,2.0
1531.0,2.0
1532.0,2.0
1533.0,2.0
1534.0,2.0
1535.0,2.0
1536.0,2.0
1537.0,2.0
1538.0,2.0
1539.0,2.0
1540.0,2.0
1541.0,2.0
1542.0,2.0
1543.0,2.0
1544.0,2.0
1545.0,2.0
1546.0,2.0
1547.0,2.0
1548.0,2.0
1549.0,2.0
1550.0,2.0
1551.0,2.0
1552.0,2.0
1553.0,2.0
1554.0,2.0
1555.0,2.0
1556.0,2.0
1557.0,2.0
1558.0,2.0
1559.0,2.0
1560.0,2.0
1561.0,2.0
1562.0,2.0
1563.0,2.0
1564.0,2.0
1565.0,2.0
1566.0,2.0
1567.0,2.0
1568.0,2.0
1569.0,2.0
1570.0,2.0
1571.0,2.0
1572.0,2.0
1573.0,2.0
1574.0,2.0
1575.0,2.0
1576.0,2.0
1577.0,2.0
1578.0,2.0
1579.0,2.0
1580.0,2.0
1581.0,2.0
1582.0,2.0
1583.0,2.0
1584.0,2.0
1585.0,2.0
1586.0,2.0
1587.0,2.0
1588.0,2.0
1589.0,2.0
1590.0,2.0
1591.0,2.0
1592.0,2.0
1593.0,2.0
1594.0,2.0
1595.0,2.0
1596.0,2.0
1597.0,2.0
1598.0,2.0
1599.0,2.0
1600.0,2.0
1601.0,2.0
1602.0,2.0
1603.0,2.0
1604.0,2.0
1605.0,2.0
1606.0,2.0
1607.0,2.0
1608.0,2.0
1609.0,2.0
1610.0,2.0
1611.0,2.0
1612.0,2.0
1613.0,2.0
1614.0,2.0
1615.0,2.0
1616.0,2.0
1617.0,2.0
1618.0,2.0
1619.0,2.0
1620.0,2.0
1621.0,2.0
1622.0,2.0
1623.0,2.0
1624.0,2.0
1625.0,2.0
1626.0,2.0
1627.0,2.0
1628.0,2.0
1629.0,2.0
1630.0,2.0
1631.0,2.0
1632.0,2.0
1633.0,2.0
1634.0,2.0
1635.0,2.0
1636.0,2.0
1637.0,2.0
1638.0,2.0
1639.0,2.0
1640.0,2.0
1641.0,2.0
1642.0,2.0
1643.0,2.0
1644.0,2.0
1645.0,2.0
1646.0,2.0
1647.0,2.0
1648.0,2.0
1649.0,2.0
1650.0,2.0
1651.0,2.0
1652.0,2.0
1653.0,2.0
1654.0,2.0
1655.0,2.0
1656.0,2.0
1657.0,2.0
1658.0,2.0
1659.0,2.0
1660.0,2.0
1661.0,2.0
1662.0,2.0
1663.0,2.0
1664.0,2.0
1665.0,2.0
1666.0,2.0
1667.0,2.0
1668.0,2.0
1669.0,2.0
1670.0,2.0
1671.0,2.0
1672.0,2.0
1673.0,2.0
1674.0,2.0
1675.0,2.0
1676.0,2.0
1677.0,2.0
1678.0,2.0
1679.0,2.0
1680.0,2.0
1681.0,2.0
1682.0,2.0
1683.0,2.0
1684.0,2.0
1685.0,2.0
1686.0,2.0
1687.0,2.0
1688.0,2.0
1689.0,2.0
1690.0,2.0
1691.0,2.0
1692.0,2.0
1693.0,2.0
1694.0,2.0
1695.0,2.0
1696.0,2.0
1697.0,2.0
1698.0,2.0
1699.0,2.0
1700.0,2.0
1701.0,2.0
1702.0,2.0
1703.0,2.0
1704.0,2.0
1705.0,2.0
1706.0,2.0
1707.0,2.0
1708.0,2.0
1709.0,2.0
1710.0,2.0
1711.0,2.0
1712.0,2.0
1713.0,2.0
1714.0,2.0
1715.0,2.0
1716.0,2.0
1717.0,2.0
1718.0,2.0
1719.0,2.0
1720.0,2.0
1721.0,2.0
1722.0,2.0
1723.0,2.0
1724.0,2.0
1725.0,2.0
1726.0,2.0
1727.0,2.0
1728.0,2.0
1729.0,2.0
1730.0,2.0
1731.0,2.0
1732.0,2.0
1733.0,2.0
1734.0,2.0
1735.0,2.0
1736.0,2.0
1737.0,2.0
1738.0,2.0
1739.0,2.0
1740.0,2.0
1741.0,2.0
1742.0,2.0
1743.0,2.0
1744.0,2.0
1745.0,2.0
1746.0,2.0
1747.0,2.0
1748.0,2.0
1749.0,2.0
1750.0,2.0
1751.0,2.0
1752.0,2.0
1753.0,2.0
1754.0,2.0
1755.0,2.0
1756.0,2.0
1757.0,2.0
1758.0,2.0
1759.0,2.0
1760.0,2.0
1761.0,2.0
1762.0,2.0
1763.0,2.0
1764.0,2.0
1765.0,2.0
1766.0,2.0
1767.0,2.0
1768.0,2.0
1769.0,2.0
1770.0,2.0
1771.0,2.0
1772.0,2.0
1773.0,2.0
1774.0,2.0
1775.0,2.0
1776.0,2.0
1777.0,2.0
1778.0,2.0
1779.0,2.0
1780.0,2.0
1781.0,2.0
1782.0,2.0
1783.0,2.0
1784.0,2.0
1785.0,2.0
1786.0,2.0
1787.0,2.0
1788.0,2.0
1789.0,2.0
1790.0,2.0
1791.0,2.0
1792.0,2.0
1793.0,2.0
1794.0,2.0
1795.0,2.0
1796.0,2.0
1797.0,2.0
1798.0,2.0
1799.0,2.0
1800.0,2.0
1801.0,2.0
1802.0,2.0
1803.0,2.0
1804.0,2.0
1805.0,2.0
1806.0,2.0
1807.0,2.0
1808.0,2.0
1809.0,2.0
1810.0,2.0
1811.0,2.0
1812.0,2.0
1813.0,2.0
1814.0,2.0
1815.0,2.0
1816.0,2.0
1817.0,2.0
1818.0,2.0
1819.0,2.0
1820.0,2.0
1821.0,2.0
1822.0,2.0
1823.0,2.0
1824.0,2.0
1825.0,2.0
1826.0,2.0
1827.0,2.0
1828.0,2.0
1829.0,2.0
1830.0,2.0
1831.0,2.0
1832.0,2.0
1833.0,2.0
1834.0,2.0
1835.0,2.0
1836.0,2.0
1837.0,2.0
1838.0,2.0
1839.0,2.0
1840.0,2.0
1841.0,2.0
1842.0,2.0
1843.0,2.0
1844.0,2.0
1845.0,2.0
1846.0,2.0
1847.0,2.0
1848.0,2.0
1849.0,2.0
1850.0,2.0
1851.0,2.0
1852.0,2.0
1853.0,2.0
1854.0,2.0
1855.0,2.0
1856.0,2.0
1857.0,2.0
1858.0,2.0
1859.0,2.0
1860.0,2.0
1861.0,2.0
1862.0,2.0
1863.0,2.0
1864.0,2.0
1865.0,2.0
1866.0,2.0
1867.0,2.0
1868.0,2.0
1869.0,2.0
1870.0,2.0
1871.0,2.0
1872.0,2.0
1873.0,2.0
1874.0,2.0
1875.0,2.0
1876.0,2.0
1877.0,2.0
1878.0,2.0
1879.0,2.0
1880.0,2.0
1881.0,2.0
1882.0,2.0
1883.0,2.0
1884.0,2.0
1885.0,2.0
1886.0,2.0
1887.0,2.0
1888.0,2.0
1889.0,2.0
1890.0,2.0
1891.0,2.0
1892.0,2.0
1893.0,2.0
1894.0,2.0
1895.0,2.0
1896.0,2.0
1897.0,2.0
1898.0,2.0
1899.0,2.0
1900.0,2.0
1901.0,2.0
1902.0,2.0
1903.0,2.0
1904.0,2.0
1905.0,2.0
1906.0,2.0
1907.0,2.0
1908.0,2.0
1909.0,2.0
1910.0,2.0
1911.0,2.0
1912.0,2.0
1913.0,2.0
1914.0,2.0
1915.0,2.0
1916.0,2.0
1917.0,2.0
1918.0,2.0
1919.0,2.0
1920.0,2.0
1921.0,2.0
1922.0,2.0
1923.0,2.0
1924.0,2.0
1925.0,2.0
1926.0,2.0
1927.0,2.0
1928.0,2.0
1929.0,2.0
1930.0,2.0
1931.0,2.0
1932.0,2.0
1933.0,2.0
1934.0,2.0
1935.0,2.0
1936.0,2.0
1937.0,2.0
1938.0,2.0
1939.0,2.0
1940.0,2.0
1941.0,2.0
1942.0,2.0
1943.0,2.0
1944.0,2.0
1945.0,2.0
1946.0,2.0
1947.0,2.0
1948.0,2.0
1949.0,2.0
1950.0,2.0
1951.0,2.0
1952.0,2.0
1953.0,2.0
1954.0,2.0
1955.0,2.0
1956.0,2.0
1957.0,2.0
1958.0,2.0
1959.0,2.0
1960.0,2.0
1961.0,2.0
1962.0,2.0
1963.0,2.0
1964.0,2.0
1965.0,2.0
1966.0,2.0
1967.0,2.0
1968.0,2.0
1969.0,2.0
1970.0,2.0
1971.0,2.0
1972.0,2.0
1973.0,2.0
1974.0,2.0
1975.0,2.0
1976.0,2.0
1977.0,2.0
1978.0,2.0
1979.0,2.0
1980.0,2.0
1981.0,2.0
1982.0,2.0
1983.0,2.0
1984.0,2.0
1985.0,2.0
1986.0,2.0
1987.0,2.0
1988.0,2.0
1989.0,2.0
1990.0,2.0
1991.0,2.0
1992.0,2.0
1993.0,2.0
1994.0,2.0
1995.0,2.0
1996.0,2.0
1997.0,2.0
1998.0,2.0
1999.0,2.0
2000.0,2.0
2001.0,2.0
