Iterations,Parents,Population,Execution time
3161.0,3.0,80.0,14.142777681350708
2726.0,4.0,80.0,13.38550090789795
2212.0,5.0,80.0,11.998071432113647
2227.0,6.0,80.0,12.987037897109985
2793.0,7.0,80.0,17.62169861793518
2230.0,8.0,80.0,15.291007995605469
3691.0,9.0,80.0,27.125081539154053
2143.0,10.0,80.0,18.73912739753723
2423.0,11.0,80.0,19.76064658164978
2839.0,12.0,80.0,24.961733102798462
3376.0,13.0,80.0,28.177360773086548
2612.0,14.0,80.0,22.04255509376526
2211.0,15.0,80.0,22.236798524856567
4693.0,16.0,80.0,46.79046368598938
3473.0,2.0,80.0,12.630369901657104
3951.0,3.0,80.0,21.20291304588318
1665.0,4.0,80.0,9.419548273086548
3492.0,5.0,80.0,20.93028950691223
2018.0,6.0,80.0,12.829492568969727
1208.0,7.0,80.0,8.582553625106812
6212.0,8.0,80.0,42.992151975631714
2465.0,9.0,80.0,17.46279811859131
2392.0,10.0,80.0,17.800729513168335
3793.0,11.0,80.0,30.703887939453125
2432.0,12.0,80.0,19.622936725616455
4152.0,13.0,80.0,36.369993448257446
2262.0,14.0,80.0,20.707754135131836
2257.0,15.0,80.0,21.18103575706482
4290.0,16.0,80.0,40.93621587753296
3597.0,2.0,80.0,12.30382513999939
2722.0,3.0,80.0,12.851975917816162
2197.0,4.0,80.0,12.000719547271729
2803.0,5.0,80.0,15.392546892166138
2000.0,6.0,80.0,14.158496618270874
2908.0,7.0,80.0,16.928291082382202
3508.0,8.0,80.0,20.47632074356079
3422.0,9.0,80.0,21.876251220703125
4353.0,10.0,80.0,32.659260749816895
1999.0,11.0,80.0,16.653177976608276
1784.0,12.0,80.0,14.968996047973633
1953.0,13.0,80.0,17.677167415618896
842.0,14.0,80.0,8.48917007446289
1443.0,15.0,80.0,15.201617002487183
3141.0,16.0,80.0,30.99349856376648
2700.0,2.0,80.0,9.113942623138428
4010.0,3.0,80.0,18.02241611480713
2167.0,4.0,80.0,10.12281084060669
1139.0,5.0,80.0,5.73511266708374
3320.0,6.0,80.0,16.909451484680176
3695.0,7.0,80.0,20.57660174369812
2986.0,8.0,80.0,17.019104480743408
1459.0,9.0,80.0,8.784088611602783
1989.0,10.0,80.0,12.57972502708435
3256.0,11.0,80.0,21.283956289291382
1838.0,12.0,80.0,12.673828840255737
3400.0,13.0,80.0,23.766799926757812
4545.0,14.0,80.0,33.3196816444397
1805.0,15.0,80.0,13.922614812850952
4404.0,16.0,80.0,35.16661071777344
4353.0,2.0,80.0,13.002388000488281
1530.0,3.0,80.0,6.376164674758911
1991.0,4.0,80.0,9.141369104385376
1918.0,5.0,80.0,8.922298908233643
2530.0,6.0,80.0,12.783597707748413
3097.0,7.0,80.0,16.377338647842407
2752.0,8.0,80.0,19.077734231948853
3819.0,9.0,80.0,28.913999319076538
3355.0,10.0,80.0,26.757617473602295
1738.0,11.0,80.0,13.350509643554688
1776.0,12.0,80.0,14.685311317443848
1488.0,13.0,80.0,12.6705162525177
1792.0,14.0,80.0,16.955216646194458
4020.0,15.0,80.0,37.88978409767151
2183.0,16.0,80.0,20.75238275527954
3850.0,2.0,80.0,14.457322120666504
3582.0,3.0,80.0,20.13392186164856
1719.0,4.0,80.0,10.869007349014282
2075.0,5.0,80.0,12.306228160858154
1893.0,6.0,80.0,11.361269474029541
2722.0,7.0,80.0,17.245054006576538
2225.0,8.0,80.0,14.643117666244507
1836.0,9.0,80.0,12.362993001937866
2118.0,10.0,80.0,15.116698503494263
1913.0,11.0,80.0,13.986183643341064
2184.0,12.0,80.0,17.419986724853516
4633.0,13.0,80.0,38.86936283111572
5417.0,14.0,80.0,45.65738081932068
2080.0,15.0,80.0,17.310280561447144
1309.0,16.0,80.0,11.639435529708862
3925.0,2.0,80.0,11.86113166809082
1953.0,3.0,80.0,8.814247369766235
2108.0,4.0,80.0,10.220827102661133
1109.0,5.0,80.0,6.353894948959351
4652.0,6.0,80.0,25.057056665420532
3475.0,7.0,80.0,23.37488031387329
3109.0,8.0,80.0,24.332162380218506
2059.0,9.0,80.0,15.690622806549072
1492.0,10.0,80.0,11.829788208007812
1048.0,11.0,80.0,9.416240692138672
2538.0,12.0,80.0,29.086403608322144
3720.0,13.0,80.0,37.670578479766846
1822.0,14.0,80.0,19.61702036857605
2194.0,15.0,80.0,23.801454544067383
3412.0,16.0,80.0,35.79445695877075
5259.0,2.0,80.0,19.715841054916382
2755.0,3.0,80.0,13.689031839370728
621.0,4.0,80.0,3.6094107627868652
2208.0,5.0,80.0,12.140635013580322
3027.0,6.0,80.0,18.44052815437317
3077.0,7.0,80.0,20.627914667129517
2367.0,8.0,80.0,17.423784971237183
2279.0,9.0,80.0,20.23808455467224
3187.0,10.0,80.0,25.37764310836792
1966.0,11.0,80.0,15.65833830833435
1672.0,12.0,80.0,14.826998710632324
2693.0,13.0,80.0,24.594233751296997
1756.0,14.0,80.0,16.684013605117798
2916.0,15.0,80.0,27.82601547241211
947.0,16.0,80.0,9.681522369384766
3176.0,2.0,80.0,12.074787378311157
1583.0,3.0,80.0,8.2644362449646
4760.0,4.0,80.0,26.753963947296143
2303.0,5.0,80.0,14.024049520492554
2999.0,6.0,80.0,19.525657892227173
1707.0,7.0,80.0,11.552781105041504
3272.0,8.0,80.0,23.04453206062317
2404.0,9.0,80.0,18.164305686950684
1503.0,10.0,80.0,12.277708768844604
1804.0,11.0,80.0,18.33989715576172
2508.0,12.0,80.0,23.087502241134644
3571.0,13.0,80.0,31.86255431175232
3803.0,14.0,80.0,35.82275605201721
2132.0,15.0,80.0,19.78174877166748
2262.0,16.0,80.0,21.276828050613403
2496.0,2.0,80.0,8.35206651687622
3201.0,3.0,80.0,16.51161766052246
1842.0,4.0,80.0,13.001625299453735
1607.0,5.0,80.0,12.51862382888794
2027.0,6.0,80.0,15.197352170944214
2722.0,7.0,80.0,20.374552965164185
2151.0,8.0,80.0,15.866392135620117
2308.0,9.0,80.0,16.80613875389099
2474.0,10.0,80.0,17.929214000701904
2392.0,11.0,80.0,18.928319931030273
2749.0,12.0,80.0,21.494222402572632
2079.0,13.0,80.0,19.8039767742157
4251.0,14.0,80.0,39.575812339782715
6034.0,15.0,80.0,57.76667237281799
1330.0,16.0,80.0,13.157418966293335
3657.0,2.0,80.0,13.082008361816406
2107.0,3.0,100.0,14.68462610244751
2146.0,4.0,100.0,15.258992195129395
1156.0,5.0,100.0,9.150522470474243
2107.0,6.0,100.0,20.461246490478516
959.0,7.0,100.0,10.07948899269104
1937.0,8.0,100.0,20.011484622955322
1460.0,9.0,100.0,15.790271282196045
1901.0,10.0,100.0,20.566044569015503
1040.0,11.0,100.0,11.732404947280884
613.0,12.0,100.0,7.633952856063843
1696.0,13.0,100.0,19.780354738235474
1964.0,14.0,100.0,21.99061632156372
2509.0,15.0,100.0,26.70744752883911
1452.0,16.0,100.0,16.18523335456848
2728.0,2.0,100.0,10.808284282684326
1494.0,3.0,100.0,9.4387366771698
1707.0,4.0,100.0,11.264886617660522
2771.0,5.0,100.0,18.360427379608154
1443.0,6.0,100.0,10.630876779556274
1474.0,7.0,100.0,11.334339380264282
1557.0,8.0,100.0,12.715662479400635
2156.0,9.0,100.0,20.05582594871521
1589.0,10.0,100.0,17.01817774772644
1699.0,11.0,100.0,18.08075523376465
1152.0,12.0,100.0,13.312305212020874
2823.0,13.0,100.0,33.53259611129761
1318.0,14.0,100.0,16.893639087677002
1648.0,15.0,100.0,21.896419286727905
3244.0,16.0,100.0,43.52101969718933
3669.0,2.0,100.0,18.31636905670166
1498.0,3.0,100.0,10.769555807113647
1911.0,4.0,100.0,15.239255905151367
3047.0,5.0,100.0,26.20399236679077
1751.0,6.0,100.0,16.60714602470398
3201.0,7.0,100.0,29.920018672943115
2033.0,8.0,100.0,19.44836163520813
1387.0,9.0,100.0,14.890634059906006
1836.0,10.0,100.0,20.756338357925415
1148.0,11.0,100.0,13.859840393066406
2121.0,12.0,100.0,23.624247789382935
1889.0,13.0,100.0,23.554357051849365
916.0,14.0,100.0,13.615999937057495
942.0,15.0,100.0,13.372622966766357
1643.0,16.0,100.0,21.932119369506836
1664.0,2.0,100.0,7.605369806289673
1038.0,3.0,100.0,7.535242080688477
1209.0,4.0,100.0,9.477815866470337
2038.0,5.0,100.0,15.146760702133179
2149.0,6.0,100.0,16.396814346313477
2129.0,7.0,100.0,19.263407707214355
1610.0,8.0,100.0,15.399913311004639
812.0,9.0,100.0,8.034030437469482
2124.0,10.0,100.0,22.037328481674194
1921.0,11.0,100.0,20.76046848297119
1999.0,12.0,100.0,21.92875361442566
1495.0,13.0,100.0,19.189440727233887
1798.0,14.0,100.0,22.731961250305176
1253.0,15.0,100.0,17.45192265510559
2096.0,16.0,100.0,31.653595447540283
2092.0,2.0,100.0,12.505505323410034
1325.0,3.0,100.0,10.670385122299194
1027.0,4.0,100.0,8.775055646896362
1678.0,5.0,100.0,12.743021965026855
1327.0,6.0,100.0,10.348124980926514
1710.0,7.0,100.0,15.596515417098999
937.0,8.0,100.0,10.518831491470337
1608.0,9.0,100.0,15.991187572479248
3177.0,10.0,100.0,31.610410451889038
2422.0,11.0,100.0,22.274734497070312
1760.0,12.0,100.0,16.704633712768555
1074.0,13.0,100.0,11.398512363433838
2743.0,14.0,100.0,27.311717748641968
1664.0,15.0,100.0,17.082411766052246
1440.0,16.0,100.0,15.93485164642334
5553.0,2.0,100.0,21.590383291244507
2741.0,3.0,100.0,15.804289102554321
947.0,4.0,100.0,6.053228378295898
2478.0,5.0,100.0,16.360302448272705
2296.0,6.0,100.0,15.695044040679932
1815.0,7.0,100.0,13.307685136795044
1704.0,8.0,100.0,13.260132312774658
2361.0,9.0,100.0,18.73708724975586
3195.0,10.0,100.0,26.428726196289062
1798.0,11.0,100.0,15.869720935821533
1566.0,12.0,100.0,14.576289653778076
1220.0,13.0,100.0,11.867110252380371
2670.0,14.0,100.0,28.27835178375244
4396.0,15.0,100.0,50.550601959228516
1404.0,16.0,100.0,17.53377389907837
3891.0,2.0,100.0,17.652000427246094
2396.0,3.0,100.0,17.136290550231934
1547.0,4.0,100.0,11.319168090820312
1287.0,5.0,100.0,9.981600284576416
1059.0,6.0,100.0,9.347535133361816
2443.0,7.0,100.0,21.476782083511353
1694.0,8.0,100.0,16.15361523628235
1990.0,9.0,100.0,18.97883653640747
2715.0,10.0,100.0,26.37373161315918
633.0,11.0,100.0,6.720016956329346
3152.0,12.0,100.0,29.72682476043701
973.0,13.0,100.0,9.629317283630371
1035.0,14.0,100.0,10.675702810287476
1608.0,15.0,100.0,17.00978374481201
1230.0,16.0,100.0,16.89684224128723
2521.0,2.0,100.0,10.424453973770142
857.0,3.0,100.0,7.816989183425903
2866.0,4.0,100.0,20.597295999526978
1568.0,5.0,100.0,14.334396362304688
2045.0,6.0,100.0,16.65433120727539
2094.0,7.0,100.0,19.88735795021057
3031.0,8.0,100.0,28.719563961029053
2311.0,9.0,100.0,23.39979839324951
1505.0,10.0,100.0,15.690088033676147
2043.0,11.0,100.0,27.437625408172607
477.0,12.0,100.0,9.605936765670776
2172.0,13.0,100.0,36.891069412231445
1444.0,14.0,100.0,19.3576078414917
1164.0,15.0,100.0,16.936503887176514
1550.0,16.0,100.0,19.075688123703003
2229.0,2.0,100.0,9.197960138320923
1209.0,3.0,100.0,7.806886434555054
2261.0,4.0,100.0,15.888410329818726
1584.0,5.0,100.0,12.665718793869019
2352.0,6.0,100.0,19.38394260406494
994.0,7.0,100.0,9.14778470993042
879.0,8.0,100.0,7.924222707748413
1381.0,9.0,100.0,12.08203673362732
1698.0,10.0,100.0,16.040091514587402
1748.0,11.0,100.0,16.536601543426514
2380.0,12.0,100.0,22.547930002212524
1415.0,13.0,100.0,14.703511714935303
2118.0,14.0,100.0,21.460925579071045
1319.0,15.0,100.0,13.737924337387085
995.0,16.0,100.0,11.093755960464478
2757.0,2.0,100.0,10.750034093856812
1719.0,3.0,100.0,10.218753814697266
3050.0,4.0,100.0,19.250526905059814
1323.0,5.0,100.0,8.74995732307434
1457.0,6.0,100.0,9.813675880432129
2086.0,7.0,100.0,14.941120147705078
1424.0,8.0,100.0,11.033591032028198
1140.0,9.0,100.0,9.453941822052002
1298.0,10.0,100.0,11.250001907348633
1622.0,11.0,100.0,14.517527103424072
2114.0,12.0,100.0,19.393786430358887
1262.0,13.0,100.0,12.112885236740112
1909.0,14.0,100.0,19.016404628753662
1078.0,15.0,100.0,11.610153675079346
1333.0,16.0,100.0,14.578869104385376
4974.0,2.0,100.0,20.14454746246338
2440.0,3.0,120.0,18.392656326293945
1782.0,4.0,120.0,15.391803741455078
2071.0,5.0,120.0,18.299987316131592
2138.0,6.0,120.0,19.770875215530396
1440.0,7.0,120.0,14.641843795776367
1515.0,8.0,120.0,16.237951278686523
2067.0,9.0,120.0,23.47231650352478
888.0,10.0,120.0,11.031649351119995
2358.0,11.0,120.0,29.156473636627197
864.0,12.0,120.0,11.91357135772705
2044.0,13.0,120.0,28.259509325027466
2740.0,14.0,120.0,42.79787302017212
1539.0,15.0,120.0,25.441246271133423
2104.0,16.0,120.0,32.87647747993469
2449.0,2.0,120.0,12.634771823883057
2393.0,3.0,120.0,18.58230423927307
1419.0,4.0,120.0,13.36695408821106
1545.0,5.0,120.0,15.168338537216187
3880.0,6.0,120.0,37.10414934158325
1144.0,7.0,120.0,13.099438905715942
1255.0,8.0,120.0,14.081492185592651
1158.0,9.0,120.0,15.106826305389404
1047.0,10.0,120.0,14.688626766204834
1243.0,11.0,120.0,17.213780164718628
2092.0,12.0,120.0,28.24117422103882
1571.0,13.0,120.0,21.659681797027588
1516.0,14.0,120.0,21.464274883270264
1654.0,15.0,120.0,22.92166495323181
2049.0,16.0,120.0,28.90645456314087
3143.0,2.0,120.0,15.591606378555298
1341.0,3.0,120.0,9.87680983543396
2033.0,4.0,120.0,14.81595754623413
1480.0,5.0,120.0,12.008198261260986
1984.0,6.0,120.0,16.77012825012207
1048.0,7.0,120.0,9.372684717178345
2900.0,8.0,120.0,28.23699927330017
1003.0,9.0,120.0,11.537514925003052
2352.0,10.0,120.0,24.574406385421753
1290.0,11.0,120.0,14.652185916900635
1308.0,12.0,120.0,16.104140043258667
1244.0,13.0,120.0,17.284963369369507
1528.0,14.0,120.0,22.026973485946655
1302.0,15.0,120.0,19.381190538406372
1803.0,16.0,120.0,26.436995029449463
1774.0,2.0,120.0,10.191307544708252
1486.0,3.0,120.0,13.525374174118042
1717.0,4.0,120.0,17.10667133331299
772.0,5.0,120.0,7.710074186325073
1076.0,6.0,120.0,12.400964498519897
2403.0,7.0,120.0,25.735074758529663
1514.0,8.0,120.0,17.039754390716553
1908.0,9.0,120.0,23.651896476745605
1124.0,10.0,120.0,16.702064037322998
2089.0,11.0,120.0,25.465558767318726
724.0,12.0,120.0,9.40786600112915
1318.0,13.0,120.0,19.343586921691895
795.0,14.0,120.0,11.606002807617188
1123.0,15.0,120.0,16.87101149559021
2849.0,16.0,120.0,41.42821431159973
3144.0,2.0,120.0,16.568677186965942
1631.0,3.0,120.0,12.940992832183838
1181.0,4.0,120.0,10.396005868911743
1433.0,5.0,120.0,12.915059089660645
1348.0,6.0,120.0,13.428003549575806
1944.0,7.0,120.0,20.53003692626953
1252.0,8.0,120.0,13.431217670440674
2013.0,9.0,120.0,20.52305769920349
554.0,10.0,120.0,6.832634687423706
1550.0,11.0,120.0,16.842998266220093
694.0,12.0,120.0,8.593524694442749
2655.0,13.0,120.0,30.548691749572754
945.0,14.0,120.0,12.218014001846313
947.0,15.0,120.0,12.48701024055481
1624.0,16.0,120.0,21.99150800704956
2884.0,2.0,120.0,13.389665365219116
1630.0,3.0,120.0,11.747637271881104
1334.0,4.0,120.0,10.325716495513916
1548.0,5.0,120.0,12.333052158355713
1359.0,6.0,120.0,11.855490446090698
2924.0,7.0,120.0,25.89801001548767
1612.0,8.0,120.0,16.342582941055298
2146.0,9.0,120.0,24.707054615020752
1145.0,10.0,120.0,12.65902042388916
1144.0,11.0,120.0,12.886061668395996
1160.0,12.0,120.0,13.744543313980103
1526.0,13.0,120.0,18.47405457496643
2084.0,14.0,120.0,25.34787631034851
860.0,15.0,120.0,11.840521097183228
1270.0,16.0,120.0,17.018569231033325
2488.0,2.0,120.0,11.687049865722656
1403.0,3.0,120.0,9.881642818450928
2981.0,4.0,120.0,21.70097589492798
4292.0,5.0,120.0,35.86547374725342
1937.0,6.0,120.0,20.517004013061523
1444.0,7.0,120.0,17.932018518447876
1920.0,8.0,120.0,24.559504508972168
1419.0,9.0,120.0,19.001014947891235
1155.0,10.0,120.0,13.521002054214478
1159.0,11.0,120.0,15.357137680053711
846.0,12.0,120.0,12.614962816238403
2048.0,13.0,120.0,29.256990432739258
860.0,14.0,120.0,12.486071586608887
1043.0,15.0,120.0,17.264641046524048
848.0,16.0,120.0,12.639005899429321
1948.0,2.0,120.0,10.864011287689209
706.0,3.0,120.0,6.744052410125732
1356.0,4.0,120.0,12.18725323677063
976.0,5.0,120.0,9.27805209159851
2100.0,6.0,120.0,21.354954719543457
1290.0,7.0,120.0,13.600564241409302
1174.0,8.0,120.0,12.436012983322144
2195.0,9.0,120.0,22.596519470214844
2021.0,10.0,120.0,21.70156693458557
2298.0,11.0,120.0,27.35762619972229
1548.0,12.0,120.0,18.53516721725464
671.0,13.0,120.0,8.84501051902771
2265.0,14.0,120.0,31.63011407852173
1402.0,15.0,120.0,22.81063413619995
1880.0,16.0,120.0,29.57764172554016
2480.0,2.0,120.0,13.126864194869995
3761.0,3.0,120.0,30.049010515213013
1891.0,4.0,120.0,17.346154928207397
768.0,5.0,120.0,7.512962102890015
1209.0,6.0,120.0,11.55113434791565
1609.0,7.0,120.0,16.472039222717285
1653.0,8.0,120.0,17.25196146965027
2468.0,9.0,120.0,27.01459002494812
1914.0,10.0,120.0,25.524965047836304
1596.0,11.0,120.0,20.885053634643555
1530.0,12.0,120.0,22.761311054229736
1402.0,13.0,120.0,19.912570476531982
1637.0,14.0,120.0,22.89015483856201
956.0,15.0,120.0,14.00408148765564
1721.0,16.0,120.0,24.949560165405273
2797.0,2.0,120.0,15.455965280532837
2156.0,3.0,120.0,17.882214307785034
1811.0,4.0,120.0,14.881317377090454
1057.0,5.0,120.0,9.619863748550415
1281.0,6.0,120.0,12.275760173797607
2306.0,7.0,120.0,23.787455081939697
1113.0,8.0,120.0,12.484723806381226
907.0,9.0,120.0,10.213258743286133
1335.0,10.0,120.0,15.997865200042725
692.0,11.0,120.0,8.950348377227783
1300.0,12.0,120.0,17.90515446662903
969.0,13.0,120.0,13.369248390197754
990.0,14.0,120.0,15.824663877487183
1399.0,15.0,120.0,21.003053903579712
908.0,16.0,120.0,15.201176166534424
3469.0,2.0,120.0,18.777979135513306
