Iteration,Fitness
2.0,23.065125189341593
3.0,23.065125189341593
4.0,23.065125189341593
5.0,23.065125189341593
6.0,23.065125189341593
7.0,23.065125189341593
8.0,23.065125189341593
9.0,23.065125189341593
10.0,23.065125189341593
11.0,23.065125189341593
12.0,23.065125189341593
13.0,23.065125189341593
14.0,23.065125189341593
15.0,23.065125189341593
16.0,23.065125189341593
17.0,23.065125189341593
18.0,23.065125189341593
19.0,22.44994432064365
20.0,22.44994432064365
21.0,22.44994432064365
22.0,22.293496809607955
23.0,22.293496809607955
24.0,22.293496809607955
25.0,15.297058540778355
26.0,15.297058540778355
27.0,15.297058540778355
28.0,15.297058540778355
29.0,15.297058540778355
30.0,15.297058540778355
31.0,15.297058540778355
32.0,15.297058540778355
33.0,15.297058540778355
34.0,15.297058540778355
35.0,15.297058540778355
36.0,15.297058540778355
37.0,10.677078252031311
38.0,10.677078252031311
39.0,10.677078252031311
40.0,10.677078252031311
41.0,10.677078252031311
42.0,10.677078252031311
43.0,10.677078252031311
44.0,10.677078252031311
45.0,10.677078252031311
46.0,10.677078252031311
47.0,10.677078252031311
48.0,10.677078252031311
49.0,10.677078252031311
50.0,10.677078252031311
51.0,10.677078252031311
52.0,10.677078252031311
53.0,10.677078252031311
54.0,10.677078252031311
55.0,10.677078252031311
56.0,10.677078252031311
57.0,10.677078252031311
58.0,10.677078252031311
59.0,10.677078252031311
60.0,10.677078252031311
61.0,10.677078252031311
62.0,10.677078252031311
63.0,10.677078252031311
64.0,10.677078252031311
65.0,10.677078252031311
66.0,10.677078252031311
67.0,10.677078252031311
68.0,10.677078252031311
69.0,10.677078252031311
70.0,10.677078252031311
71.0,10.677078252031311
72.0,10.677078252031311
73.0,10.677078252031311
74.0,10.677078252031311
75.0,10.677078252031311
76.0,10.677078252031311
77.0,10.677078252031311
78.0,10.677078252031311
79.0,10.677078252031311
80.0,10.677078252031311
81.0,10.677078252031311
82.0,10.677078252031311
83.0,10.677078252031311
84.0,10.677078252031311
85.0,10.677078252031311
86.0,10.677078252031311
87.0,8.426149773176359
88.0,8.426149773176359
89.0,8.426149773176359
90.0,8.426149773176359
91.0,8.426149773176359
92.0,8.426149773176359
93.0,8.426149773176359
94.0,8.426149773176359
95.0,8.426149773176359
96.0,8.426149773176359
97.0,8.426149773176359
98.0,8.426149773176359
99.0,8.426149773176359
100.0,8.426149773176359
101.0,8.426149773176359
102.0,8.426149773176359
103.0,8.426149773176359
104.0,8.426149773176359
105.0,8.426149773176359
106.0,8.426149773176359
107.0,8.426149773176359
108.0,8.426149773176359
109.0,8.426149773176359
110.0,8.426149773176359
111.0,8.426149773176359
112.0,8.426149773176359
113.0,8.426149773176359
114.0,7.874007874011811
115.0,7.874007874011811
116.0,7.874007874011811
117.0,7.874007874011811
118.0,7.874007874011811
119.0,7.874007874011811
120.0,7.874007874011811
121.0,7.874007874011811
122.0,7.874007874011811
123.0,7.874007874011811
124.0,7.874007874011811
125.0,7.874007874011811
126.0,7.874007874011811
127.0,7.874007874011811
128.0,7.874007874011811
129.0,7.874007874011811
130.0,7.874007874011811
131.0,7.874007874011811
132.0,7.874007874011811
133.0,7.874007874011811
134.0,7.874007874011811
135.0,7.874007874011811
136.0,7.874007874011811
137.0,7.874007874011811
138.0,7.874007874011811
139.0,7.874007874011811
140.0,7.874007874011811
141.0,7.874007874011811
142.0,7.874007874011811
143.0,7.874007874011811
144.0,7.874007874011811
145.0,7.874007874011811
146.0,7.874007874011811
147.0,7.874007874011811
148.0,7.874007874011811
149.0,7.874007874011811
150.0,7.874007874011811
151.0,7.874007874011811
152.0,7.874007874011811
153.0,7.874007874011811
154.0,7.874007874011811
155.0,7.874007874011811
156.0,7.874007874011811
157.0,7.874007874011811
158.0,7.874007874011811
159.0,7.874007874011811
160.0,7.874007874011811
161.0,7.874007874011811
162.0,7.745966692414834
163.0,7.745966692414834
164.0,7.745966692414834
165.0,7.745966692414834
166.0,7.745966692414834
167.0,7.745966692414834
168.0,7.745966692414834
169.0,7.745966692414834
170.0,7.745966692414834
171.0,7.745966692414834
172.0,7.745966692414834
173.0,7.745966692414834
174.0,7.745966692414834
175.0,7.745966692414834
176.0,7.745966692414834
177.0,7.745966692414834
178.0,7.745966692414834
179.0,7.745966692414834
180.0,7.745966692414834
181.0,7.745966692414834
182.0,7.745966692414834
183.0,7.745966692414834
184.0,7.745966692414834
185.0,7.745966692414834
186.0,7.745966692414834
187.0,7.745966692414834
188.0,7.745966692414834
189.0,7.745966692414834
190.0,7.745966692414834
191.0,7.745966692414834
192.0,7.745966692414834
193.0,7.745966692414834
194.0,7.745966692414834
195.0,7.745966692414834
196.0,7.745966692414834
197.0,7.745966692414834
198.0,7.745966692414834
199.0,7.745966692414834
200.0,7.745966692414834
201.0,7.745966692414834
202.0,7.745966692414834
203.0,7.745966692414834
204.0,7.745966692414834
205.0,7.745966692414834
206.0,7.745966692414834
207.0,7.745966692414834
208.0,7.745966692414834
209.0,7.745966692414834
210.0,7.745966692414834
211.0,7.745966692414834
212.0,7.745966692414834
213.0,7.745966692414834
214.0,7.745966692414834
215.0,7.745966692414834
216.0,7.745966692414834
217.0,7.745966692414834
218.0,7.745966692414834
219.0,7.745966692414834
220.0,7.745966692414834
221.0,7.745966692414834
222.0,7.745966692414834
223.0,7.745966692414834
224.0,7.745966692414834
225.0,7.745966692414834
226.0,7.745966692414834
227.0,7.615773105863909
228.0,7.615773105863909
229.0,7.615773105863909
230.0,7.615773105863909
231.0,7.615773105863909
232.0,7.615773105863909
233.0,7.615773105863909
234.0,7.615773105863909
235.0,7.615773105863909
236.0,7.615773105863909
237.0,7.615773105863909
238.0,7.615773105863909
239.0,7.615773105863909
240.0,7.615773105863909
241.0,7.615773105863909
242.0,7.615773105863909
243.0,7.615773105863909
244.0,7.615773105863909
245.0,7.615773105863909
246.0,7.615773105863909
247.0,7.615773105863909
248.0,7.615773105863909
249.0,7.615773105863909
250.0,7.615773105863909
251.0,7.615773105863909
252.0,7.615773105863909
253.0,7.615773105863909
254.0,7.615773105863909
255.0,7.615773105863909
256.0,7.3484692283495345
257.0,7.3484692283495345
258.0,7.3484692283495345
259.0,7.3484692283495345
260.0,7.3484692283495345
261.0,7.3484692283495345
262.0,7.3484692283495345
263.0,7.3484692283495345
264.0,7.3484692283495345
265.0,7.3484692283495345
266.0,7.3484692283495345
267.0,7.3484692283495345
268.0,7.3484692283495345
269.0,7.3484692283495345
270.0,7.3484692283495345
271.0,7.3484692283495345
272.0,7.3484692283495345
273.0,7.3484692283495345
274.0,7.3484692283495345
275.0,7.3484692283495345
276.0,7.3484692283495345
277.0,7.3484692283495345
278.0,7.3484692283495345
279.0,7.3484692283495345
280.0,7.3484692283495345
281.0,7.3484692283495345
282.0,7.3484692283495345
283.0,7.3484692283495345
284.0,7.3484692283495345
285.0,7.3484692283495345
286.0,7.3484692283495345
287.0,7.3484692283495345
288.0,7.3484692283495345
289.0,7.3484692283495345
290.0,7.3484692283495345
291.0,7.3484692283495345
292.0,7.3484692283495345
293.0,7.3484692283495345
294.0,7.3484692283495345
295.0,7.3484692283495345
296.0,7.3484692283495345
297.0,7.3484692283495345
298.0,7.3484692283495345
299.0,7.3484692283495345
300.0,7.3484692283495345
301.0,7.3484692283495345
302.0,7.3484692283495345
303.0,7.3484692283495345
304.0,7.3484692283495345
305.0,7.3484692283495345
306.0,7.3484692283495345
307.0,7.3484692283495345
308.0,7.3484692283495345
309.0,7.3484692283495345
310.0,7.3484692283495345
311.0,7.3484692283495345
312.0,7.3484692283495345
313.0,7.3484692283495345
314.0,7.3484692283495345
315.0,7.3484692283495345
316.0,7.3484692283495345
317.0,7.3484692283495345
318.0,7.3484692283495345
319.0,7.3484692283495345
320.0,7.3484692283495345
321.0,7.3484692283495345
322.0,7.3484692283495345
323.0,7.3484692283495345
324.0,7.3484692283495345
325.0,7.3484692283495345
326.0,7.3484692283495345
327.0,7.3484692283495345
328.0,7.3484692283495345
329.0,7.3484692283495345
330.0,7.3484692283495345
331.0,7.3484692283495345
332.0,7.3484692283495345
333.0,7.3484692283495345
334.0,7.3484692283495345
335.0,7.3484692283495345
336.0,7.3484692283495345
337.0,7.3484692283495345
338.0,7.3484692283495345
339.0,7.3484692283495345
340.0,6.48074069840786
341.0,6.48074069840786
342.0,6.48074069840786
343.0,6.48074069840786
344.0,6.48074069840786
345.0,6.48074069840786
346.0,6.48074069840786
347.0,6.48074069840786
348.0,6.48074069840786
349.0,6.48074069840786
350.0,6.48074069840786
351.0,6.48074069840786
352.0,6.48074069840786
353.0,6.48074069840786
354.0,6.48074069840786
355.0,6.48074069840786
356.0,6.48074069840786
357.0,6.48074069840786
358.0,6.48074069840786
359.0,6.48074069840786
360.0,6.48074069840786
361.0,6.48074069840786
362.0,6.48074069840786
363.0,6.48074069840786
364.0,6.48074069840786
365.0,6.48074069840786
366.0,6.48074069840786
367.0,6.48074069840786
368.0,6.48074069840786
369.0,6.48074069840786
370.0,6.48074069840786
371.0,6.48074069840786
372.0,6.48074069840786
373.0,6.48074069840786
374.0,6.48074069840786
375.0,6.48074069840786
376.0,6.48074069840786
377.0,6.48074069840786
378.0,6.48074069840786
379.0,6.48074069840786
380.0,6.48074069840786
381.0,6.48074069840786
382.0,6.48074069840786
383.0,6.48074069840786
384.0,6.48074069840786
385.0,6.48074069840786
386.0,6.48074069840786
387.0,6.48074069840786
388.0,6.48074069840786
389.0,6.48074069840786
390.0,6.48074069840786
391.0,6.48074069840786
392.0,6.48074069840786
393.0,6.48074069840786
394.0,6.48074069840786
395.0,6.48074069840786
396.0,6.48074069840786
397.0,6.48074069840786
398.0,6.48074069840786
399.0,6.48074069840786
400.0,6.48074069840786
401.0,6.48074069840786
402.0,6.48074069840786
403.0,6.48074069840786
404.0,6.48074069840786
405.0,6.48074069840786
406.0,6.48074069840786
407.0,6.48074069840786
408.0,6.48074069840786
409.0,6.48074069840786
410.0,6.48074069840786
411.0,6.48074069840786
412.0,6.48074069840786
413.0,6.48074069840786
414.0,6.48074069840786
415.0,6.48074069840786
416.0,6.48074069840786
417.0,6.48074069840786
418.0,6.48074069840786
419.0,6.48074069840786
420.0,6.48074069840786
421.0,6.48074069840786
422.0,6.48074069840786
423.0,6.48074069840786
424.0,6.48074069840786
425.0,5.5677643628300215
426.0,5.5677643628300215
427.0,5.5677643628300215
428.0,5.5677643628300215
429.0,5.5677643628300215
430.0,5.5677643628300215
431.0,5.5677643628300215
432.0,5.5677643628300215
433.0,5.5677643628300215
434.0,5.5677643628300215
435.0,5.5677643628300215
436.0,5.5677643628300215
437.0,5.5677643628300215
438.0,5.5677643628300215
439.0,5.5677643628300215
440.0,5.5677643628300215
441.0,5.5677643628300215
442.0,5.5677643628300215
443.0,5.5677643628300215
444.0,5.5677643628300215
445.0,5.5677643628300215
446.0,5.5677643628300215
447.0,5.5677643628300215
448.0,5.5677643628300215
449.0,5.5677643628300215
450.0,5.5677643628300215
451.0,5.5677643628300215
452.0,5.5677643628300215
453.0,5.5677643628300215
454.0,5.5677643628300215
455.0,5.5677643628300215
456.0,5.5677643628300215
457.0,5.5677643628300215
458.0,5.5677643628300215
459.0,5.5677643628300215
460.0,5.5677643628300215
461.0,5.5677643628300215
462.0,5.5677643628300215
463.0,5.5677643628300215
464.0,5.5677643628300215
465.0,5.5677643628300215
466.0,5.5677643628300215
467.0,5.5677643628300215
468.0,5.5677643628300215
469.0,5.5677643628300215
470.0,5.5677643628300215
471.0,5.5677643628300215
472.0,5.5677643628300215
473.0,5.5677643628300215
474.0,5.5677643628300215
475.0,5.5677643628300215
476.0,5.5677643628300215
477.0,5.5677643628300215
478.0,5.5677643628300215
479.0,5.5677643628300215
480.0,5.5677643628300215
481.0,5.5677643628300215
482.0,5.5677643628300215
483.0,5.5677643628300215
484.0,5.5677643628300215
485.0,5.5677643628300215
486.0,5.5677643628300215
487.0,5.5677643628300215
488.0,5.5677643628300215
489.0,5.5677643628300215
490.0,5.5677643628300215
491.0,5.5677643628300215
492.0,5.5677643628300215
493.0,5.5677643628300215
494.0,5.5677643628300215
495.0,5.5677643628300215
496.0,5.5677643628300215
497.0,5.5677643628300215
498.0,5.5677643628300215
499.0,5.5677643628300215
500.0,5.5677643628300215
501.0,5.5677643628300215
502.0,5.5677643628300215
503.0,5.5677643628300215
504.0,5.5677643628300215
505.0,5.5677643628300215
506.0,5.5677643628300215
507.0,5.5677643628300215
508.0,5.5677643628300215
509.0,5.5677643628300215
510.0,5.5677643628300215
511.0,5.5677643628300215
512.0,5.5677643628300215
513.0,5.5677643628300215
514.0,5.5677643628300215
515.0,5.5677643628300215
516.0,5.5677643628300215
517.0,5.5677643628300215
518.0,5.5677643628300215
519.0,5.5677643628300215
520.0,5.5677643628300215
521.0,5.5677643628300215
522.0,5.5677643628300215
523.0,5.5677643628300215
524.0,5.5677643628300215
525.0,5.5677643628300215
526.0,5.5677643628300215
527.0,5.5677643628300215
528.0,5.5677643628300215
529.0,5.5677643628300215
530.0,5.5677643628300215
531.0,5.5677643628300215
532.0,5.5677643628300215
533.0,5.5677643628300215
534.0,5.5677643628300215
535.0,5.5677643628300215
536.0,5.5677643628300215
537.0,5.5677643628300215
538.0,5.5677643628300215
539.0,5.5677643628300215
540.0,5.5677643628300215
541.0,5.5677643628300215
542.0,5.5677643628300215
543.0,5.5677643628300215
544.0,5.5677643628300215
545.0,5.5677643628300215
546.0,5.5677643628300215
547.0,5.5677643628300215
548.0,5.5677643628300215
549.0,5.5677643628300215
550.0,5.5677643628300215
551.0,5.5677643628300215
552.0,5.5677643628300215
553.0,5.5677643628300215
554.0,5.5677643628300215
555.0,5.5677643628300215
556.0,5.5677643628300215
557.0,5.5677643628300215
558.0,5.5677643628300215
559.0,5.5677643628300215
560.0,5.5677643628300215
561.0,5.5677643628300215
562.0,5.5677643628300215
563.0,5.5677643628300215
564.0,5.5677643628300215
565.0,5.5677643628300215
566.0,5.5677643628300215
567.0,5.5677643628300215
568.0,5.5677643628300215
569.0,5.5677643628300215
570.0,5.5677643628300215
571.0,5.5677643628300215
572.0,5.5677643628300215
573.0,5.5677643628300215
574.0,5.5677643628300215
575.0,5.5677643628300215
576.0,5.5677643628300215
577.0,5.5677643628300215
578.0,5.5677643628300215
579.0,5.5677643628300215
580.0,5.5677643628300215
581.0,5.5677643628300215
582.0,5.5677643628300215
583.0,5.5677643628300215
584.0,5.5677643628300215
585.0,5.5677643628300215
586.0,5.5677643628300215
587.0,5.5677643628300215
588.0,5.5677643628300215
589.0,5.5677643628300215
590.0,5.5677643628300215
591.0,5.5677643628300215
592.0,5.5677643628300215
593.0,5.5677643628300215
594.0,5.5677643628300215
595.0,5.5677643628300215
596.0,5.5677643628300215
597.0,5.5677643628300215
598.0,5.5677643628300215
599.0,5.5677643628300215
600.0,5.5677643628300215
601.0,5.5677643628300215
602.0,5.5677643628300215
603.0,5.5677643628300215
604.0,5.5677643628300215
605.0,5.5677643628300215
606.0,5.5677643628300215
607.0,5.5677643628300215
608.0,5.5677643628300215
609.0,5.5677643628300215
610.0,5.5677643628300215
611.0,5.5677643628300215
612.0,5.5677643628300215
613.0,5.5677643628300215
614.0,5.5677643628300215
615.0,5.5677643628300215
616.0,5.5677643628300215
617.0,5.5677643628300215
618.0,5.5677643628300215
619.0,5.5677643628300215
620.0,5.5677643628300215
621.0,5.5677643628300215
622.0,5.5677643628300215
623.0,5.5677643628300215
624.0,5.385164807134504
625.0,5.385164807134504
626.0,5.385164807134504
627.0,5.385164807134504
628.0,5.385164807134504
629.0,5.385164807134504
630.0,5.385164807134504
631.0,5.385164807134504
632.0,5.385164807134504
633.0,5.385164807134504
634.0,5.385164807134504
635.0,5.385164807134504
636.0,5.385164807134504
637.0,5.385164807134504
638.0,5.385164807134504
639.0,5.385164807134504
640.0,5.385164807134504
641.0,5.385164807134504
642.0,5.385164807134504
643.0,5.385164807134504
644.0,5.385164807134504
645.0,5.385164807134504
646.0,5.385164807134504
647.0,5.385164807134504
648.0,5.385164807134504
649.0,5.385164807134504
650.0,5.385164807134504
651.0,5.385164807134504
652.0,5.385164807134504
653.0,5.385164807134504
654.0,5.385164807134504
655.0,5.385164807134504
656.0,5.385164807134504
657.0,5.385164807134504
658.0,5.385164807134504
659.0,5.385164807134504
660.0,5.385164807134504
661.0,5.385164807134504
662.0,5.385164807134504
663.0,5.385164807134504
664.0,5.385164807134504
665.0,5.385164807134504
666.0,5.385164807134504
667.0,5.385164807134504
668.0,5.385164807134504
669.0,5.385164807134504
670.0,5.385164807134504
671.0,5.385164807134504
672.0,5.385164807134504
673.0,5.385164807134504
674.0,5.385164807134504
675.0,5.385164807134504
676.0,5.385164807134504
677.0,5.385164807134504
678.0,5.385164807134504
679.0,5.385164807134504
680.0,5.385164807134504
681.0,5.385164807134504
682.0,5.385164807134504
683.0,5.385164807134504
684.0,5.385164807134504
685.0,5.385164807134504
686.0,5.385164807134504
687.0,5.385164807134504
688.0,5.385164807134504
689.0,5.385164807134504
690.0,5.385164807134504
691.0,5.385164807134504
692.0,5.385164807134504
693.0,5.385164807134504
694.0,5.385164807134504
695.0,5.385164807134504
696.0,5.385164807134504
697.0,5.385164807134504
698.0,5.385164807134504
699.0,5.385164807134504
700.0,5.385164807134504
701.0,5.385164807134504
702.0,5.385164807134504
703.0,5.385164807134504
704.0,5.385164807134504
705.0,5.385164807134504
706.0,5.385164807134504
707.0,5.385164807134504
708.0,5.385164807134504
709.0,5.385164807134504
710.0,5.385164807134504
711.0,5.385164807134504
712.0,5.385164807134504
713.0,5.385164807134504
714.0,5.385164807134504
715.0,5.385164807134504
716.0,5.385164807134504
717.0,5.385164807134504
718.0,5.385164807134504
719.0,5.385164807134504
720.0,5.385164807134504
721.0,5.385164807134504
722.0,5.385164807134504
723.0,5.385164807134504
724.0,5.385164807134504
725.0,5.385164807134504
726.0,5.385164807134504
727.0,5.385164807134504
728.0,5.385164807134504
729.0,5.385164807134504
730.0,5.385164807134504
731.0,5.385164807134504
732.0,5.385164807134504
733.0,5.385164807134504
734.0,5.385164807134504
735.0,5.385164807134504
736.0,5.385164807134504
737.0,5.385164807134504
738.0,5.385164807134504
739.0,5.385164807134504
740.0,5.385164807134504
741.0,5.385164807134504
742.0,5.385164807134504
743.0,5.385164807134504
744.0,5.385164807134504
745.0,5.385164807134504
746.0,5.385164807134504
747.0,5.385164807134504
748.0,5.385164807134504
749.0,5.385164807134504
750.0,5.385164807134504
751.0,5.385164807134504
752.0,5.385164807134504
753.0,5.385164807134504
754.0,5.385164807134504
755.0,5.385164807134504
756.0,5.385164807134504
757.0,5.385164807134504
758.0,5.385164807134504
759.0,5.385164807134504
760.0,5.385164807134504
761.0,5.385164807134504
762.0,5.385164807134504
763.0,5.385164807134504
764.0,5.385164807134504
765.0,5.385164807134504
766.0,5.385164807134504
767.0,5.385164807134504
768.0,5.385164807134504
769.0,5.385164807134504
770.0,5.385164807134504
771.0,5.385164807134504
772.0,5.385164807134504
773.0,5.385164807134504
774.0,5.385164807134504
775.0,5.385164807134504
776.0,5.385164807134504
777.0,5.385164807134504
778.0,5.385164807134504
779.0,5.385164807134504
780.0,5.385164807134504
781.0,5.385164807134504
782.0,5.385164807134504
783.0,5.385164807134504
784.0,5.385164807134504
785.0,5.385164807134504
786.0,5.385164807134504
787.0,5.385164807134504
788.0,5.385164807134504
789.0,5.385164807134504
790.0,5.385164807134504
791.0,5.385164807134504
792.0,5.385164807134504
793.0,5.385164807134504
794.0,5.385164807134504
795.0,5.385164807134504
796.0,5.385164807134504
797.0,5.385164807134504
798.0,5.385164807134504
799.0,5.385164807134504
800.0,5.385164807134504
801.0,5.385164807134504
802.0,5.385164807134504
803.0,5.385164807134504
804.0,5.385164807134504
805.0,5.385164807134504
806.0,5.385164807134504
807.0,5.385164807134504
808.0,5.385164807134504
809.0,5.385164807134504
810.0,5.385164807134504
811.0,5.385164807134504
812.0,5.385164807134504
813.0,5.385164807134504
814.0,5.385164807134504
815.0,5.385164807134504
816.0,5.385164807134504
817.0,5.385164807134504
818.0,5.385164807134504
819.0,5.385164807134504
820.0,5.385164807134504
821.0,5.385164807134504
822.0,5.385164807134504
823.0,5.385164807134504
824.0,5.385164807134504
825.0,5.385164807134504
826.0,5.385164807134504
827.0,5.385164807134504
828.0,5.385164807134504
829.0,5.385164807134504
830.0,5.385164807134504
831.0,5.385164807134504
832.0,5.385164807134504
833.0,5.385164807134504
834.0,5.385164807134504
835.0,5.385164807134504
836.0,5.385164807134504
837.0,5.385164807134504
838.0,5.385164807134504
839.0,5.385164807134504
840.0,5.385164807134504
841.0,5.385164807134504
842.0,5.385164807134504
843.0,5.385164807134504
844.0,5.385164807134504
845.0,5.385164807134504
846.0,5.385164807134504
847.0,5.385164807134504
848.0,5.385164807134504
849.0,5.385164807134504
850.0,5.385164807134504
851.0,5.385164807134504
852.0,5.385164807134504
853.0,5.385164807134504
854.0,5.385164807134504
855.0,5.385164807134504
856.0,5.385164807134504
857.0,5.385164807134504
858.0,5.385164807134504
859.0,5.385164807134504
860.0,5.385164807134504
861.0,5.385164807134504
862.0,5.385164807134504
863.0,5.385164807134504
864.0,5.385164807134504
865.0,5.385164807134504
866.0,5.385164807134504
867.0,5.385164807134504
868.0,5.385164807134504
869.0,5.385164807134504
870.0,5.385164807134504
871.0,5.385164807134504
872.0,5.385164807134504
873.0,5.385164807134504
874.0,5.385164807134504
875.0,5.385164807134504
876.0,5.385164807134504
877.0,5.385164807134504
878.0,5.385164807134504
879.0,5.385164807134504
880.0,5.385164807134504
881.0,5.385164807134504
882.0,5.385164807134504
883.0,5.385164807134504
884.0,5.385164807134504
885.0,5.385164807134504
886.0,5.385164807134504
887.0,5.385164807134504
888.0,5.385164807134504
889.0,5.385164807134504
890.0,5.385164807134504
891.0,5.385164807134504
892.0,5.385164807134504
893.0,5.385164807134504
894.0,5.385164807134504
895.0,5.385164807134504
896.0,5.385164807134504
897.0,5.385164807134504
898.0,5.385164807134504
899.0,5.385164807134504
900.0,5.385164807134504
901.0,5.385164807134504
902.0,5.385164807134504
903.0,5.385164807134504
904.0,5.385164807134504
905.0,5.385164807134504
906.0,5.385164807134504
907.0,5.385164807134504
908.0,5.385164807134504
909.0,5.385164807134504
910.0,5.385164807134504
911.0,5.385164807134504
912.0,5.385164807134504
913.0,5.385164807134504
914.0,5.385164807134504
915.0,5.385164807134504
916.0,5.385164807134504
917.0,5.385164807134504
918.0,5.385164807134504
919.0,5.385164807134504
920.0,5.385164807134504
921.0,5.385164807134504
922.0,5.385164807134504
923.0,5.385164807134504
924.0,5.385164807134504
925.0,5.385164807134504
926.0,5.385164807134504
927.0,5.385164807134504
928.0,5.385164807134504
929.0,5.385164807134504
930.0,5.385164807134504
931.0,5.385164807134504
932.0,5.385164807134504
933.0,5.385164807134504
934.0,5.385164807134504
935.0,5.385164807134504
936.0,5.385164807134504
937.0,5.385164807134504
938.0,5.385164807134504
939.0,5.385164807134504
940.0,5.385164807134504
941.0,5.385164807134504
942.0,5.385164807134504
943.0,5.385164807134504
944.0,5.385164807134504
945.0,5.385164807134504
946.0,5.385164807134504
947.0,5.385164807134504
948.0,5.385164807134504
949.0,5.385164807134504
950.0,5.385164807134504
951.0,5.385164807134504
952.0,5.385164807134504
953.0,5.385164807134504
954.0,5.385164807134504
955.0,5.385164807134504
956.0,5.385164807134504
957.0,5.385164807134504
958.0,5.385164807134504
959.0,5.385164807134504
960.0,5.385164807134504
961.0,5.385164807134504
962.0,5.385164807134504
963.0,5.385164807134504
964.0,5.385164807134504
965.0,5.385164807134504
966.0,5.385164807134504
967.0,5.385164807134504
968.0,5.385164807134504
969.0,5.385164807134504
970.0,5.385164807134504
971.0,5.385164807134504
972.0,5.385164807134504
973.0,5.385164807134504
974.0,5.385164807134504
975.0,5.385164807134504
976.0,5.385164807134504
977.0,5.385164807134504
978.0,5.385164807134504
979.0,5.385164807134504
980.0,5.385164807134504
981.0,5.385164807134504
982.0,5.385164807134504
983.0,5.385164807134504
984.0,5.385164807134504
985.0,5.385164807134504
986.0,5.385164807134504
987.0,5.385164807134504
988.0,5.385164807134504
989.0,5.385164807134504
990.0,5.385164807134504
991.0,5.385164807134504
992.0,5.385164807134504
993.0,5.385164807134504
994.0,5.385164807134504
995.0,5.385164807134504
996.0,5.385164807134504
997.0,5.385164807134504
998.0,5.385164807134504
999.0,5.385164807134504
1000.0,5.385164807134504
1001.0,5.385164807134504
1002.0,5.385164807134504
1003.0,5.385164807134504
1004.0,5.385164807134504
1005.0,5.385164807134504
1006.0,5.385164807134504
1007.0,5.385164807134504
1008.0,5.385164807134504
1009.0,5.385164807134504
1010.0,5.385164807134504
1011.0,5.385164807134504
1012.0,5.385164807134504
1013.0,5.385164807134504
1014.0,5.385164807134504
1015.0,5.385164807134504
1016.0,5.385164807134504
1017.0,5.385164807134504
1018.0,5.385164807134504
1019.0,5.385164807134504
1020.0,5.385164807134504
1021.0,5.385164807134504
1022.0,5.385164807134504
1023.0,5.385164807134504
1024.0,5.385164807134504
1025.0,5.385164807134504
1026.0,5.385164807134504
1027.0,5.385164807134504
1028.0,5.385164807134504
1029.0,5.385164807134504
1030.0,5.385164807134504
1031.0,5.385164807134504
1032.0,5.385164807134504
1033.0,5.385164807134504
1034.0,5.385164807134504
1035.0,5.385164807134504
1036.0,5.385164807134504
1037.0,5.385164807134504
1038.0,5.385164807134504
1039.0,5.385164807134504
1040.0,5.385164807134504
1041.0,5.385164807134504
1042.0,5.385164807134504
1043.0,5.385164807134504
1044.0,5.385164807134504
1045.0,5.385164807134504
1046.0,5.385164807134504
1047.0,5.385164807134504
1048.0,5.385164807134504
1049.0,5.385164807134504
1050.0,5.385164807134504
1051.0,5.385164807134504
1052.0,5.385164807134504
1053.0,5.385164807134504
1054.0,5.385164807134504
1055.0,5.385164807134504
1056.0,5.385164807134504
1057.0,5.385164807134504
1058.0,5.385164807134504
1059.0,5.385164807134504
1060.0,5.385164807134504
1061.0,5.385164807134504
1062.0,5.385164807134504
1063.0,5.385164807134504
1064.0,5.385164807134504
1065.0,5.385164807134504
1066.0,5.385164807134504
1067.0,5.385164807134504
1068.0,5.385164807134504
1069.0,5.385164807134504
1070.0,5.385164807134504
1071.0,5.385164807134504
1072.0,5.385164807134504
1073.0,5.385164807134504
1074.0,5.385164807134504
1075.0,5.385164807134504
1076.0,5.385164807134504
1077.0,5.385164807134504
1078.0,5.385164807134504
1079.0,5.385164807134504
1080.0,5.385164807134504
1081.0,5.385164807134504
1082.0,5.385164807134504
1083.0,5.385164807134504
1084.0,5.385164807134504
1085.0,5.385164807134504
1086.0,5.385164807134504
1087.0,5.385164807134504
1088.0,5.385164807134504
1089.0,5.385164807134504
1090.0,5.385164807134504
1091.0,5.385164807134504
1092.0,5.385164807134504
1093.0,5.385164807134504
1094.0,5.385164807134504
1095.0,5.385164807134504
1096.0,5.385164807134504
1097.0,5.385164807134504
1098.0,5.385164807134504
1099.0,5.385164807134504
1100.0,5.385164807134504
1101.0,5.385164807134504
1102.0,5.385164807134504
1103.0,5.385164807134504
1104.0,5.385164807134504
1105.0,5.385164807134504
1106.0,5.385164807134504
1107.0,5.385164807134504
1108.0,5.385164807134504
1109.0,5.385164807134504
1110.0,5.385164807134504
1111.0,5.385164807134504
1112.0,5.385164807134504
1113.0,5.385164807134504
1114.0,5.385164807134504
1115.0,5.385164807134504
1116.0,5.385164807134504
1117.0,5.385164807134504
1118.0,5.385164807134504
1119.0,5.385164807134504
1120.0,5.385164807134504
1121.0,5.385164807134504
1122.0,5.385164807134504
1123.0,5.385164807134504
1124.0,5.385164807134504
1125.0,5.385164807134504
1126.0,5.385164807134504
1127.0,5.385164807134504
1128.0,5.385164807134504
1129.0,5.385164807134504
1130.0,5.385164807134504
1131.0,5.385164807134504
1132.0,5.385164807134504
1133.0,5.385164807134504
1134.0,5.385164807134504
1135.0,5.385164807134504
1136.0,5.385164807134504
1137.0,5.385164807134504
1138.0,5.385164807134504
1139.0,5.385164807134504
1140.0,5.385164807134504
1141.0,5.385164807134504
1142.0,5.385164807134504
1143.0,5.385164807134504
1144.0,5.385164807134504
1145.0,5.385164807134504
1146.0,5.385164807134504
1147.0,5.385164807134504
1148.0,5.385164807134504
1149.0,5.385164807134504
1150.0,5.385164807134504
1151.0,5.385164807134504
1152.0,5.385164807134504
1153.0,5.385164807134504
1154.0,5.385164807134504
1155.0,5.385164807134504
1156.0,5.385164807134504
1157.0,5.385164807134504
1158.0,5.385164807134504
1159.0,5.385164807134504
1160.0,5.385164807134504
1161.0,5.385164807134504
1162.0,5.385164807134504
1163.0,5.385164807134504
1164.0,5.385164807134504
1165.0,5.385164807134504
1166.0,5.385164807134504
1167.0,5.385164807134504
1168.0,5.385164807134504
1169.0,5.385164807134504
1170.0,5.385164807134504
1171.0,5.385164807134504
1172.0,5.385164807134504
1173.0,5.385164807134504
1174.0,5.385164807134504
1175.0,5.385164807134504
1176.0,5.385164807134504
1177.0,5.385164807134504
1178.0,5.385164807134504
1179.0,5.385164807134504
1180.0,5.385164807134504
1181.0,5.385164807134504
1182.0,5.385164807134504
1183.0,5.385164807134504
1184.0,5.385164807134504
1185.0,5.385164807134504
1186.0,5.385164807134504
1187.0,5.385164807134504
1188.0,5.385164807134504
1189.0,5.385164807134504
1190.0,5.385164807134504
1191.0,5.385164807134504
1192.0,5.385164807134504
1193.0,5.385164807134504
1194.0,5.385164807134504
1195.0,5.385164807134504
1196.0,5.385164807134504
1197.0,5.385164807134504
1198.0,5.385164807134504
1199.0,5.385164807134504
1200.0,5.385164807134504
1201.0,5.385164807134504
1202.0,5.385164807134504
1203.0,5.385164807134504
1204.0,5.385164807134504
1205.0,5.385164807134504
1206.0,5.385164807134504
1207.0,5.385164807134504
1208.0,5.385164807134504
1209.0,5.385164807134504
1210.0,5.385164807134504
1211.0,5.385164807134504
1212.0,5.385164807134504
1213.0,5.385164807134504
1214.0,5.385164807134504
1215.0,5.385164807134504
1216.0,5.385164807134504
1217.0,5.385164807134504
1218.0,5.385164807134504
1219.0,5.385164807134504
1220.0,5.385164807134504
1221.0,5.385164807134504
1222.0,5.385164807134504
1223.0,5.385164807134504
1224.0,5.385164807134504
1225.0,5.385164807134504
1226.0,5.385164807134504
1227.0,5.385164807134504
1228.0,5.385164807134504
1229.0,5.385164807134504
1230.0,5.385164807134504
1231.0,5.385164807134504
1232.0,5.385164807134504
1233.0,5.385164807134504
1234.0,5.385164807134504
1235.0,5.385164807134504
1236.0,5.385164807134504
1237.0,5.385164807134504
1238.0,5.385164807134504
1239.0,5.385164807134504
1240.0,5.385164807134504
1241.0,5.385164807134504
1242.0,5.385164807134504
1243.0,5.385164807134504
1244.0,5.385164807134504
1245.0,5.385164807134504
1246.0,5.385164807134504
1247.0,5.385164807134504
1248.0,5.385164807134504
1249.0,5.385164807134504
1250.0,5.385164807134504
1251.0,5.385164807134504
1252.0,5.385164807134504
1253.0,5.385164807134504
1254.0,5.385164807134504
1255.0,5.385164807134504
1256.0,5.385164807134504
1257.0,5.385164807134504
1258.0,5.385164807134504
1259.0,5.385164807134504
1260.0,5.385164807134504
1261.0,5.385164807134504
1262.0,5.385164807134504
1263.0,5.385164807134504
1264.0,5.385164807134504
1265.0,5.385164807134504
1266.0,5.385164807134504
1267.0,5.385164807134504
1268.0,5.385164807134504
1269.0,5.385164807134504
1270.0,5.385164807134504
1271.0,5.385164807134504
1272.0,5.385164807134504
1273.0,5.385164807134504
1274.0,5.385164807134504
1275.0,3.605551275463989
1276.0,3.605551275463989
1277.0,3.605551275463989
1278.0,3.605551275463989
1279.0,3.605551275463989
1280.0,3.605551275463989
1281.0,3.605551275463989
1282.0,3.605551275463989
1283.0,3.605551275463989
1284.0,3.605551275463989
1285.0,3.605551275463989
1286.0,3.605551275463989
1287.0,3.605551275463989
1288.0,3.605551275463989
1289.0,3.605551275463989
1290.0,3.605551275463989
1291.0,3.605551275463989
1292.0,3.605551275463989
1293.0,3.605551275463989
1294.0,3.605551275463989
1295.0,3.605551275463989
1296.0,3.605551275463989
1297.0,3.605551275463989
1298.0,3.605551275463989
1299.0,3.605551275463989
1300.0,3.605551275463989
1301.0,3.605551275463989
1302.0,3.605551275463989
1303.0,3.605551275463989
1304.0,3.605551275463989
1305.0,3.605551275463989
1306.0,3.605551275463989
1307.0,3.605551275463989
1308.0,3.605551275463989
1309.0,3.605551275463989
1310.0,3.605551275463989
1311.0,3.605551275463989
1312.0,3.605551275463989
1313.0,3.605551275463989
1314.0,3.605551275463989
1315.0,3.605551275463989
1316.0,3.605551275463989
1317.0,3.605551275463989
1318.0,3.605551275463989
1319.0,3.605551275463989
1320.0,3.605551275463989
1321.0,3.605551275463989
1322.0,3.605551275463989
1323.0,3.605551275463989
1324.0,3.605551275463989
1325.0,3.605551275463989
1326.0,3.605551275463989
1327.0,3.605551275463989
1328.0,3.605551275463989
1329.0,3.605551275463989
1330.0,3.605551275463989
1331.0,3.605551275463989
1332.0,3.605551275463989
1333.0,3.605551275463989
1334.0,3.605551275463989
1335.0,3.605551275463989
1336.0,3.605551275463989
1337.0,3.605551275463989
1338.0,3.605551275463989
1339.0,3.605551275463989
1340.0,3.605551275463989
1341.0,3.605551275463989
1342.0,3.605551275463989
1343.0,3.605551275463989
1344.0,3.605551275463989
1345.0,3.605551275463989
1346.0,3.605551275463989
1347.0,3.605551275463989
1348.0,3.605551275463989
1349.0,3.605551275463989
1350.0,3.605551275463989
1351.0,3.605551275463989
1352.0,3.605551275463989
1353.0,3.605551275463989
1354.0,3.605551275463989
1355.0,3.605551275463989
1356.0,3.605551275463989
1357.0,3.605551275463989
1358.0,3.605551275463989
1359.0,3.605551275463989
1360.0,3.605551275463989
1361.0,3.605551275463989
1362.0,3.605551275463989
1363.0,3.605551275463989
1364.0,3.605551275463989
1365.0,3.605551275463989
1366.0,3.605551275463989
1367.0,3.605551275463989
1368.0,3.605551275463989
1369.0,3.605551275463989
1370.0,3.605551275463989
1371.0,3.605551275463989
1372.0,3.605551275463989
1373.0,3.605551275463989
1374.0,3.605551275463989
1375.0,3.605551275463989
1376.0,3.605551275463989
1377.0,3.605551275463989
1378.0,3.605551275463989
1379.0,3.605551275463989
1380.0,3.605551275463989
1381.0,3.605551275463989
1382.0,3.605551275463989
1383.0,3.605551275463989
1384.0,3.605551275463989
1385.0,3.605551275463989
1386.0,3.605551275463989
1387.0,3.605551275463989
1388.0,3.605551275463989
1389.0,3.605551275463989
1390.0,3.605551275463989
1391.0,3.605551275463989
1392.0,3.605551275463989
1393.0,3.605551275463989
1394.0,3.605551275463989
1395.0,3.605551275463989
1396.0,3.605551275463989
1397.0,3.605551275463989
1398.0,3.605551275463989
1399.0,3.605551275463989
1400.0,3.605551275463989
1401.0,3.605551275463989
1402.0,3.605551275463989
1403.0,3.605551275463989
1404.0,3.605551275463989
1405.0,3.605551275463989
1406.0,3.605551275463989
1407.0,3.605551275463989
1408.0,3.605551275463989
1409.0,3.605551275463989
1410.0,3.605551275463989
1411.0,3.605551275463989
1412.0,3.605551275463989
1413.0,3.605551275463989
1414.0,3.605551275463989
1415.0,3.605551275463989
1416.0,3.605551275463989
1417.0,3.605551275463989
1418.0,3.605551275463989
1419.0,3.605551275463989
1420.0,3.605551275463989
1421.0,3.605551275463989
1422.0,3.605551275463989
1423.0,3.605551275463989
1424.0,3.605551275463989
1425.0,3.605551275463989
1426.0,3.605551275463989
1427.0,3.605551275463989
1428.0,3.605551275463989
1429.0,3.605551275463989
1430.0,3.605551275463989
1431.0,3.605551275463989
1432.0,3.605551275463989
1433.0,3.605551275463989
1434.0,3.605551275463989
1435.0,3.605551275463989
1436.0,3.605551275463989
1437.0,3.605551275463989
1438.0,3.605551275463989
1439.0,3.605551275463989
1440.0,3.605551275463989
1441.0,3.605551275463989
1442.0,3.605551275463989
1443.0,3.605551275463989
1444.0,3.605551275463989
1445.0,3.605551275463989
1446.0,3.605551275463989
1447.0,3.605551275463989
1448.0,3.605551275463989
1449.0,3.605551275463989
1450.0,3.605551275463989
1451.0,3.605551275463989
1452.0,3.605551275463989
1453.0,3.605551275463989
1454.0,3.605551275463989
1455.0,3.605551275463989
1456.0,3.605551275463989
1457.0,3.605551275463989
1458.0,3.605551275463989
1459.0,3.605551275463989
1460.0,3.605551275463989
1461.0,3.605551275463989
1462.0,3.605551275463989
1463.0,3.605551275463989
1464.0,3.605551275463989
1465.0,3.605551275463989
1466.0,3.605551275463989
1467.0,3.605551275463989
1468.0,3.605551275463989
1469.0,3.605551275463989
1470.0,3.605551275463989
1471.0,3.605551275463989
1472.0,3.605551275463989
1473.0,3.605551275463989
1474.0,3.605551275463989
1475.0,3.605551275463989
1476.0,3.605551275463989
1477.0,3.605551275463989
1478.0,3.605551275463989
1479.0,3.605551275463989
1480.0,3.605551275463989
1481.0,3.605551275463989
1482.0,3.605551275463989
1483.0,3.605551275463989
1484.0,3.605551275463989
1485.0,3.605551275463989
1486.0,3.605551275463989
1487.0,3.605551275463989
1488.0,3.605551275463989
1489.0,3.605551275463989
1490.0,3.605551275463989
1491.0,3.605551275463989
1492.0,3.605551275463989
1493.0,3.605551275463989
1494.0,3.605551275463989
1495.0,3.605551275463989
1496.0,3.605551275463989
1497.0,3.605551275463989
1498.0,3.605551275463989
1499.0,3.605551275463989
1500.0,3.605551275463989
1501.0,3.605551275463989
1502.0,3.605551275463989
1503.0,3.605551275463989
1504.0,3.605551275463989
1505.0,3.605551275463989
1506.0,3.605551275463989
1507.0,3.605551275463989
1508.0,3.605551275463989
1509.0,3.605551275463989
1510.0,3.605551275463989
1511.0,3.605551275463989
1512.0,3.605551275463989
1513.0,3.605551275463989
1514.0,3.605551275463989
1515.0,3.605551275463989
1516.0,3.605551275463989
1517.0,3.605551275463989
1518.0,3.605551275463989
1519.0,3.605551275463989
1520.0,3.605551275463989
1521.0,3.605551275463989
1522.0,3.605551275463989
1523.0,3.605551275463989
1524.0,3.605551275463989
1525.0,3.605551275463989
1526.0,3.605551275463989
1527.0,3.605551275463989
1528.0,3.605551275463989
1529.0,3.605551275463989
1530.0,3.605551275463989
1531.0,3.605551275463989
1532.0,3.605551275463989
1533.0,3.605551275463989
1534.0,3.605551275463989
1535.0,3.605551275463989
1536.0,3.605551275463989
1537.0,3.605551275463989
1538.0,3.605551275463989
1539.0,3.605551275463989
1540.0,3.605551275463989
1541.0,3.605551275463989
1542.0,3.605551275463989
1543.0,3.605551275463989
1544.0,3.605551275463989
1545.0,3.605551275463989
1546.0,3.605551275463989
1547.0,3.605551275463989
1548.0,3.605551275463989
1549.0,3.605551275463989
1550.0,3.605551275463989
1551.0,3.605551275463989
1552.0,3.605551275463989
1553.0,3.605551275463989
1554.0,3.605551275463989
1555.0,3.605551275463989
1556.0,3.605551275463989
1557.0,3.605551275463989
1558.0,3.605551275463989
1559.0,3.605551275463989
1560.0,3.605551275463989
1561.0,3.605551275463989
1562.0,3.605551275463989
1563.0,3.605551275463989
1564.0,3.605551275463989
1565.0,3.605551275463989
1566.0,3.605551275463989
1567.0,3.605551275463989
1568.0,3.605551275463989
1569.0,3.605551275463989
1570.0,3.605551275463989
1571.0,3.605551275463989
1572.0,3.605551275463989
1573.0,3.605551275463989
1574.0,3.605551275463989
1575.0,3.605551275463989
1576.0,3.605551275463989
1577.0,3.605551275463989
1578.0,3.605551275463989
1579.0,3.605551275463989
1580.0,3.605551275463989
1581.0,3.605551275463989
1582.0,3.605551275463989
1583.0,3.605551275463989
1584.0,3.605551275463989
1585.0,3.605551275463989
1586.0,3.605551275463989
1587.0,3.605551275463989
1588.0,3.605551275463989
1589.0,3.605551275463989
1590.0,3.605551275463989
1591.0,3.605551275463989
1592.0,3.605551275463989
1593.0,3.605551275463989
1594.0,3.605551275463989
1595.0,3.605551275463989
1596.0,3.605551275463989
1597.0,3.605551275463989
1598.0,3.605551275463989
1599.0,3.605551275463989
1600.0,3.605551275463989
1601.0,3.605551275463989
1602.0,3.605551275463989
1603.0,3.605551275463989
1604.0,3.605551275463989
1605.0,3.605551275463989
1606.0,3.605551275463989
1607.0,3.605551275463989
1608.0,3.605551275463989
1609.0,3.605551275463989
1610.0,3.605551275463989
1611.0,3.605551275463989
1612.0,3.605551275463989
1613.0,3.605551275463989
1614.0,3.605551275463989
1615.0,3.605551275463989
1616.0,3.605551275463989
1617.0,3.605551275463989
1618.0,3.605551275463989
1619.0,3.605551275463989
1620.0,3.605551275463989
1621.0,3.605551275463989
1622.0,3.605551275463989
1623.0,3.605551275463989
1624.0,3.605551275463989
1625.0,3.605551275463989
1626.0,3.605551275463989
1627.0,3.605551275463989
1628.0,3.605551275463989
1629.0,3.605551275463989
1630.0,3.605551275463989
1631.0,3.605551275463989
1632.0,3.605551275463989
1633.0,3.605551275463989
1634.0,3.4641016151377544
1635.0,3.4641016151377544
1636.0,3.4641016151377544
1637.0,3.4641016151377544
1638.0,3.4641016151377544
1639.0,3.4641016151377544
1640.0,3.4641016151377544
1641.0,3.4641016151377544
1642.0,3.4641016151377544
1643.0,3.4641016151377544
1644.0,3.4641016151377544
1645.0,3.4641016151377544
1646.0,3.4641016151377544
1647.0,3.4641016151377544
1648.0,3.4641016151377544
1649.0,3.4641016151377544
1650.0,3.4641016151377544
1651.0,3.4641016151377544
1652.0,3.4641016151377544
1653.0,3.4641016151377544
1654.0,3.4641016151377544
1655.0,3.4641016151377544
1656.0,3.4641016151377544
1657.0,3.4641016151377544
1658.0,3.4641016151377544
1659.0,3.4641016151377544
1660.0,3.4641016151377544
1661.0,3.4641016151377544
1662.0,3.4641016151377544
1663.0,3.4641016151377544
1664.0,3.4641016151377544
1665.0,3.4641016151377544
1666.0,3.4641016151377544
1667.0,3.4641016151377544
1668.0,3.4641016151377544
1669.0,3.4641016151377544
1670.0,3.4641016151377544
1671.0,3.4641016151377544
1672.0,3.4641016151377544
1673.0,3.4641016151377544
1674.0,3.4641016151377544
1675.0,3.4641016151377544
1676.0,3.4641016151377544
1677.0,3.4641016151377544
1678.0,3.4641016151377544
1679.0,3.4641016151377544
1680.0,3.4641016151377544
1681.0,3.4641016151377544
1682.0,3.4641016151377544
1683.0,3.4641016151377544
1684.0,3.4641016151377544
1685.0,3.4641016151377544
1686.0,3.4641016151377544
1687.0,3.4641016151377544
1688.0,3.4641016151377544
1689.0,3.4641016151377544
1690.0,3.3166247903554
1691.0,3.3166247903554
1692.0,3.3166247903554
1693.0,3.3166247903554
1694.0,3.3166247903554
1695.0,3.3166247903554
1696.0,3.3166247903554
1697.0,3.3166247903554
1698.0,3.3166247903554
1699.0,3.3166247903554
1700.0,3.3166247903554
1701.0,3.3166247903554
1702.0,3.3166247903554
1703.0,3.3166247903554
1704.0,3.3166247903554
1705.0,3.3166247903554
1706.0,3.3166247903554
1707.0,3.3166247903554
1708.0,3.3166247903554
1709.0,3.3166247903554
1710.0,3.3166247903554
1711.0,3.3166247903554
1712.0,3.3166247903554
1713.0,3.3166247903554
1714.0,3.3166247903554
1715.0,3.3166247903554
1716.0,3.3166247903554
1717.0,3.3166247903554
1718.0,3.3166247903554
1719.0,3.3166247903554
1720.0,3.3166247903554
1721.0,3.3166247903554
1722.0,3.3166247903554
1723.0,3.3166247903554
1724.0,3.3166247903554
1725.0,3.3166247903554
1726.0,3.3166247903554
1727.0,3.3166247903554
1728.0,3.3166247903554
1729.0,3.3166247903554
1730.0,3.3166247903554
1731.0,3.3166247903554
1732.0,3.3166247903554
1733.0,3.3166247903554
1734.0,3.3166247903554
1735.0,3.3166247903554
1736.0,3.3166247903554
1737.0,3.3166247903554
1738.0,3.3166247903554
1739.0,3.3166247903554
1740.0,3.3166247903554
1741.0,3.3166247903554
1742.0,3.3166247903554
1743.0,3.3166247903554
1744.0,3.3166247903554
1745.0,3.3166247903554
1746.0,3.3166247903554
1747.0,3.3166247903554
1748.0,3.3166247903554
1749.0,3.3166247903554
1750.0,3.3166247903554
1751.0,3.3166247903554
1752.0,3.3166247903554
1753.0,3.3166247903554
1754.0,3.3166247903554
1755.0,3.3166247903554
1756.0,3.3166247903554
1757.0,3.3166247903554
1758.0,3.3166247903554
1759.0,3.3166247903554
1760.0,3.3166247903554
1761.0,3.3166247903554
1762.0,3.3166247903554
1763.0,3.3166247903554
1764.0,3.3166247903554
1765.0,3.3166247903554
1766.0,3.3166247903554
1767.0,3.3166247903554
1768.0,3.3166247903554
1769.0,3.3166247903554
1770.0,3.3166247903554
1771.0,3.3166247903554
1772.0,3.3166247903554
1773.0,3.3166247903554
1774.0,3.3166247903554
1775.0,3.3166247903554
1776.0,3.3166247903554
1777.0,3.3166247903554
1778.0,3.3166247903554
1779.0,3.3166247903554
1780.0,3.3166247903554
1781.0,3.3166247903554
1782.0,3.3166247903554
1783.0,3.3166247903554
1784.0,3.3166247903554
1785.0,3.3166247903554
1786.0,3.3166247903554
1787.0,3.3166247903554
1788.0,3.3166247903554
1789.0,3.3166247903554
1790.0,3.3166247903554
1791.0,3.3166247903554
1792.0,3.3166247903554
1793.0,3.3166247903554
1794.0,3.3166247903554
1795.0,3.3166247903554
1796.0,3.3166247903554
1797.0,3.3166247903554
1798.0,3.3166247903554
1799.0,3.3166247903554
1800.0,3.3166247903554
1801.0,3.3166247903554
1802.0,3.3166247903554
1803.0,3.3166247903554
1804.0,3.3166247903554
1805.0,3.3166247903554
1806.0,3.3166247903554
1807.0,3.3166247903554
1808.0,3.3166247903554
1809.0,3.3166247903554
1810.0,3.3166247903554
1811.0,3.3166247903554
1812.0,3.3166247903554
1813.0,3.3166247903554
1814.0,3.3166247903554
1815.0,3.3166247903554
1816.0,3.3166247903554
1817.0,3.3166247903554
1818.0,3.3166247903554
1819.0,3.3166247903554
1820.0,3.3166247903554
1821.0,3.3166247903554
1822.0,3.3166247903554
1823.0,3.3166247903554
1824.0,3.3166247903554
1825.0,3.3166247903554
1826.0,3.3166247903554
1827.0,3.3166247903554
1828.0,3.3166247903554
1829.0,3.3166247903554
1830.0,3.3166247903554
1831.0,3.3166247903554
1832.0,3.3166247903554
1833.0,3.3166247903554
1834.0,3.3166247903554
1835.0,3.3166247903554
1836.0,3.3166247903554
1837.0,3.3166247903554
1838.0,3.3166247903554
1839.0,3.3166247903554
1840.0,3.3166247903554
1841.0,3.3166247903554
1842.0,3.3166247903554
1843.0,3.3166247903554
1844.0,3.3166247903554
1845.0,3.3166247903554
1846.0,3.3166247903554
1847.0,3.3166247903554
1848.0,3.3166247903554
1849.0,3.3166247903554
1850.0,3.3166247903554
1851.0,3.3166247903554
1852.0,3.3166247903554
1853.0,3.3166247903554
1854.0,3.3166247903554
1855.0,3.3166247903554
1856.0,3.3166247903554
1857.0,3.3166247903554
1858.0,3.3166247903554
1859.0,3.3166247903554
1860.0,3.3166247903554
1861.0,3.3166247903554
1862.0,3.3166247903554
1863.0,3.3166247903554
1864.0,3.3166247903554
1865.0,3.3166247903554
1866.0,3.3166247903554
1867.0,3.3166247903554
1868.0,3.3166247903554
1869.0,3.3166247903554
1870.0,3.3166247903554
1871.0,3.3166247903554
1872.0,3.3166247903554
1873.0,3.3166247903554
1874.0,3.3166247903554
1875.0,3.3166247903554
1876.0,3.3166247903554
1877.0,3.3166247903554
1878.0,3.3166247903554
1879.0,3.3166247903554
1880.0,3.3166247903554
1881.0,3.3166247903554
1882.0,3.3166247903554
1883.0,3.3166247903554
1884.0,3.3166247903554
1885.0,3.3166247903554
1886.0,3.3166247903554
1887.0,3.3166247903554
1888.0,3.3166247903554
1889.0,3.3166247903554
1890.0,3.3166247903554
1891.0,3.3166247903554
1892.0,3.3166247903554
1893.0,3.3166247903554
1894.0,3.3166247903554
1895.0,3.3166247903554
1896.0,3.3166247903554
1897.0,3.3166247903554
1898.0,3.3166247903554
1899.0,3.3166247903554
1900.0,3.3166247903554
1901.0,3.3166247903554
1902.0,3.3166247903554
1903.0,3.3166247903554
1904.0,3.3166247903554
1905.0,3.3166247903554
1906.0,3.3166247903554
1907.0,3.3166247903554
1908.0,3.3166247903554
1909.0,3.3166247903554
1910.0,3.3166247903554
1911.0,3.3166247903554
1912.0,3.3166247903554
1913.0,3.3166247903554
1914.0,3.3166247903554
1915.0,3.3166247903554
1916.0,3.3166247903554
1917.0,3.3166247903554
1918.0,3.3166247903554
1919.0,3.3166247903554
1920.0,3.3166247903554
1921.0,3.3166247903554
1922.0,3.3166247903554
1923.0,3.3166247903554
1924.0,3.3166247903554
1925.0,3.3166247903554
1926.0,3.3166247903554
1927.0,3.3166247903554
1928.0,3.3166247903554
1929.0,3.3166247903554
1930.0,3.3166247903554
1931.0,3.3166247903554
1932.0,3.3166247903554
1933.0,3.3166247903554
1934.0,3.3166247903554
1935.0,3.3166247903554
1936.0,3.3166247903554
1937.0,3.3166247903554
1938.0,3.3166247903554
1939.0,3.3166247903554
1940.0,3.3166247903554
1941.0,3.3166247903554
1942.0,3.3166247903554
1943.0,3.3166247903554
1944.0,3.3166247903554
1945.0,3.3166247903554
1946.0,3.3166247903554
1947.0,3.3166247903554
1948.0,3.3166247903554
1949.0,3.3166247903554
1950.0,3.3166247903554
1951.0,3.3166247903554
1952.0,3.3166247903554
1953.0,3.3166247903554
1954.0,3.3166247903554
1955.0,3.3166247903554
1956.0,3.3166247903554
1957.0,3.3166247903554
1958.0,3.3166247903554
1959.0,3.3166247903554
1960.0,3.3166247903554
1961.0,3.3166247903554
1962.0,3.3166247903554
1963.0,3.3166247903554
1964.0,3.3166247903554
1965.0,3.3166247903554
1966.0,3.3166247903554
1967.0,3.3166247903554
1968.0,3.3166247903554
1969.0,3.3166247903554
1970.0,3.3166247903554
1971.0,3.3166247903554
1972.0,3.3166247903554
1973.0,3.3166247903554
1974.0,3.3166247903554
1975.0,3.3166247903554
1976.0,3.3166247903554
1977.0,3.3166247903554
1978.0,3.3166247903554
1979.0,3.3166247903554
1980.0,3.3166247903554
1981.0,3.3166247903554
1982.0,3.3166247903554
1983.0,3.3166247903554
1984.0,3.3166247903554
1985.0,3.3166247903554
1986.0,3.3166247903554
1987.0,3.3166247903554
1988.0,3.3166247903554
1989.0,3.3166247903554
1990.0,3.3166247903554
1991.0,3.3166247903554
1992.0,3.3166247903554
1993.0,3.3166247903554
1994.0,3.3166247903554
1995.0,3.3166247903554
1996.0,3.3166247903554
1997.0,3.3166247903554
1998.0,3.3166247903554
1999.0,3.3166247903554
2000.0,3.3166247903554
2001.0,3.3166247903554
