Iteration,Fitness
2.0,56.95612346359257
3.0,49.86983055916673
4.0,41.36423575989287
5.0,38.0
6.0,31.28897569432403
7.0,31.176914536239792
8.0,28.75760768909681
9.0,28.75760768909681
10.0,28.75760768909681
11.0,27.349588662354687
12.0,27.349588662354687
13.0,21.447610589527216
14.0,21.447610589527216
15.0,21.447610589527216
16.0,21.447610589527216
17.0,21.447610589527216
18.0,21.447610589527216
19.0,21.330729007701542
20.0,20.049937655763422
21.0,20.049937655763422
22.0,20.049937655763422
23.0,20.049937655763422
24.0,20.049937655763422
25.0,20.049937655763422
26.0,17.663521732655695
27.0,17.663521732655695
28.0,17.663521732655695
29.0,17.663521732655695
30.0,15.556349186104045
31.0,15.556349186104045
32.0,15.556349186104045
33.0,15.556349186104045
34.0,13.114877048604
35.0,13.114877048604
36.0,13.114877048604
37.0,13.114877048604
38.0,13.114877048604
39.0,13.114877048604
40.0,13.114877048604
41.0,13.114877048604
42.0,13.114877048604
43.0,11.874342087037917
44.0,11.874342087037917
45.0,11.874342087037917
46.0,11.874342087037917
47.0,11.874342087037917
48.0,11.874342087037917
49.0,11.874342087037917
50.0,11.874342087037917
51.0,11.832159566199232
52.0,11.832159566199232
53.0,11.832159566199232
54.0,11.832159566199232
55.0,11.832159566199232
56.0,11.832159566199232
57.0,11.832159566199232
58.0,11.832159566199232
59.0,11.832159566199232
60.0,11.832159566199232
61.0,10.908712114635714
62.0,10.908712114635714
63.0,10.908712114635714
64.0,9.746794344808963
65.0,9.746794344808963
66.0,9.746794344808963
67.0,9.746794344808963
68.0,9.746794344808963
69.0,9.746794344808963
70.0,9.746794344808963
71.0,9.746794344808963
72.0,9.746794344808963
73.0,9.746794344808963
74.0,9.746794344808963
75.0,9.746794344808963
76.0,9.746794344808963
77.0,9.746794344808963
78.0,9.746794344808963
79.0,9.746794344808963
80.0,9.746794344808963
81.0,9.746794344808963
82.0,9.746794344808963
83.0,9.746794344808963
84.0,9.746794344808963
85.0,9.746794344808963
86.0,9.695359714832659
87.0,9.695359714832659
88.0,9.695359714832659
89.0,9.695359714832659
90.0,9.695359714832659
91.0,9.695359714832659
92.0,9.695359714832659
93.0,9.695359714832659
94.0,8.888194417315589
95.0,8.888194417315589
96.0,8.888194417315589
97.0,8.888194417315589
98.0,8.888194417315589
99.0,8.888194417315589
100.0,8.888194417315589
101.0,8.888194417315589
102.0,8.888194417315589
103.0,8.888194417315589
104.0,8.831760866327848
105.0,8.831760866327848
106.0,8.831760866327848
107.0,8.831760866327848
108.0,8.831760866327848
109.0,8.831760866327848
110.0,8.660254037844387
111.0,8.660254037844387
112.0,8.06225774829855
113.0,7.54983443527075
114.0,7.54983443527075
115.0,7.54983443527075
116.0,7.3484692283495345
117.0,7.3484692283495345
118.0,7.3484692283495345
119.0,7.3484692283495345
120.0,7.3484692283495345
121.0,7.3484692283495345
122.0,7.3484692283495345
123.0,7.3484692283495345
124.0,7.3484692283495345
125.0,7.3484692283495345
126.0,7.3484692283495345
127.0,7.3484692283495345
128.0,7.3484692283495345
129.0,5.656854249492381
130.0,5.656854249492381
131.0,5.656854249492381
132.0,5.656854249492381
133.0,5.656854249492381
134.0,5.656854249492381
135.0,5.656854249492381
136.0,5.291502622129181
137.0,5.291502622129181
138.0,5.291502622129181
139.0,5.291502622129181
140.0,5.291502622129181
141.0,5.291502622129181
142.0,5.291502622129181
143.0,5.291502622129181
144.0,5.291502622129181
145.0,5.291502622129181
146.0,5.291502622129181
147.0,5.291502622129181
148.0,5.291502622129181
149.0,5.291502622129181
150.0,5.291502622129181
151.0,5.291502622129181
152.0,5.291502622129181
153.0,5.291502622129181
154.0,5.291502622129181
155.0,4.69041575982343
156.0,4.69041575982343
157.0,4.69041575982343
158.0,4.69041575982343
159.0,4.69041575982343
160.0,4.69041575982343
161.0,4.69041575982343
162.0,4.58257569495584
163.0,4.58257569495584
164.0,4.58257569495584
165.0,4.242640687119285
166.0,4.242640687119285
167.0,4.242640687119285
168.0,4.242640687119285
169.0,4.242640687119285
170.0,4.242640687119285
171.0,4.242640687119285
172.0,4.242640687119285
173.0,4.242640687119285
174.0,4.242640687119285
175.0,4.242640687119285
176.0,4.242640687119285
177.0,4.242640687119285
178.0,4.242640687119285
179.0,4.242640687119285
180.0,4.242640687119285
181.0,4.242640687119285
182.0,4.242640687119285
183.0,4.242640687119285
184.0,4.242640687119285
185.0,4.242640687119285
186.0,4.242640687119285
187.0,4.242640687119285
188.0,4.242640687119285
189.0,4.242640687119285
190.0,4.242640687119285
191.0,4.242640687119285
192.0,4.242640687119285
193.0,4.242640687119285
194.0,4.242640687119285
195.0,4.242640687119285
196.0,4.242640687119285
197.0,4.242640687119285
198.0,4.242640687119285
199.0,4.242640687119285
200.0,4.242640687119285
201.0,4.242640687119285
202.0,4.242640687119285
203.0,4.242640687119285
204.0,4.242640687119285
205.0,4.242640687119285
206.0,4.242640687119285
207.0,4.242640687119285
208.0,4.242640687119285
209.0,4.242640687119285
210.0,4.242640687119285
211.0,4.242640687119285
212.0,4.242640687119285
213.0,4.242640687119285
214.0,4.242640687119285
215.0,4.242640687119285
216.0,4.242640687119285
217.0,4.242640687119285
218.0,4.242640687119285
219.0,4.242640687119285
220.0,4.242640687119285
221.0,4.242640687119285
222.0,4.242640687119285
223.0,4.242640687119285
224.0,4.242640687119285
225.0,4.123105625617661
226.0,4.123105625617661
227.0,4.123105625617661
228.0,4.123105625617661
229.0,4.123105625617661
230.0,4.123105625617661
231.0,4.123105625617661
232.0,4.123105625617661
233.0,4.123105625617661
234.0,4.123105625617661
235.0,4.123105625617661
236.0,4.123105625617661
237.0,3.4641016151377544
238.0,3.4641016151377544
239.0,3.4641016151377544
240.0,3.4641016151377544
241.0,3.4641016151377544
242.0,3.4641016151377544
243.0,3.4641016151377544
244.0,3.4641016151377544
245.0,3.4641016151377544
246.0,3.4641016151377544
247.0,3.4641016151377544
248.0,3.4641016151377544
249.0,3.4641016151377544
250.0,3.4641016151377544
251.0,3.4641016151377544
252.0,3.4641016151377544
253.0,3.4641016151377544
254.0,3.4641016151377544
255.0,3.4641016151377544
256.0,3.4641016151377544
257.0,3.4641016151377544
258.0,3.4641016151377544
259.0,3.4641016151377544
260.0,3.4641016151377544
261.0,3.4641016151377544
262.0,3.4641016151377544
263.0,3.4641016151377544
264.0,3.4641016151377544
265.0,3.4641016151377544
266.0,3.4641016151377544
267.0,3.4641016151377544
268.0,3.4641016151377544
269.0,3.4641016151377544
270.0,3.4641016151377544
271.0,3.4641016151377544
272.0,3.4641016151377544
273.0,3.4641016151377544
274.0,3.4641016151377544
275.0,3.4641016151377544
276.0,3.4641016151377544
277.0,3.4641016151377544
278.0,3.4641016151377544
279.0,3.4641016151377544
280.0,3.4641016151377544
281.0,3.4641016151377544
282.0,3.4641016151377544
283.0,3.4641016151377544
284.0,3.4641016151377544
285.0,3.4641016151377544
286.0,3.4641016151377544
287.0,3.4641016151377544
288.0,3.4641016151377544
289.0,3.4641016151377544
290.0,3.4641016151377544
291.0,3.4641016151377544
292.0,3.4641016151377544
293.0,3.4641016151377544
294.0,3.4641016151377544
295.0,3.4641016151377544
296.0,3.4641016151377544
297.0,3.4641016151377544
298.0,3.4641016151377544
299.0,3.4641016151377544
300.0,3.4641016151377544
301.0,3.4641016151377544
302.0,3.4641016151377544
303.0,3.4641016151377544
304.0,3.4641016151377544
305.0,3.4641016151377544
306.0,3.4641016151377544
307.0,3.4641016151377544
308.0,3.4641016151377544
309.0,3.4641016151377544
310.0,3.4641016151377544
311.0,3.4641016151377544
312.0,3.4641016151377544
313.0,3.4641016151377544
314.0,3.4641016151377544
315.0,3.4641016151377544
316.0,3.4641016151377544
317.0,3.4641016151377544
318.0,3.4641016151377544
319.0,3.4641016151377544
320.0,3.4641016151377544
321.0,3.4641016151377544
322.0,3.4641016151377544
323.0,3.4641016151377544
324.0,3.4641016151377544
325.0,3.3166247903554
326.0,3.3166247903554
327.0,3.3166247903554
328.0,3.1622776601683795
329.0,3.1622776601683795
330.0,3.1622776601683795
331.0,3.1622776601683795
332.0,3.1622776601683795
333.0,3.1622776601683795
334.0,3.1622776601683795
335.0,3.1622776601683795
336.0,3.1622776601683795
337.0,3.1622776601683795
338.0,3.1622776601683795
339.0,3.1622776601683795
340.0,3.1622776601683795
341.0,3.1622776601683795
342.0,3.1622776601683795
343.0,3.1622776601683795
344.0,3.1622776601683795
345.0,3.1622776601683795
346.0,3.1622776601683795
347.0,3.1622776601683795
348.0,3.1622776601683795
349.0,3.1622776601683795
350.0,3.1622776601683795
351.0,3.1622776601683795
352.0,3.1622776601683795
353.0,3.1622776601683795
354.0,3.0
355.0,3.0
356.0,3.0
357.0,3.0
358.0,3.0
359.0,3.0
360.0,3.0
361.0,3.0
362.0,3.0
363.0,3.0
364.0,3.0
365.0,3.0
366.0,3.0
367.0,3.0
368.0,3.0
369.0,2.8284271247461903
370.0,2.8284271247461903
371.0,2.8284271247461903
372.0,2.8284271247461903
373.0,2.8284271247461903
374.0,2.8284271247461903
375.0,2.8284271247461903
376.0,2.8284271247461903
377.0,2.8284271247461903
378.0,2.8284271247461903
379.0,2.8284271247461903
380.0,2.8284271247461903
381.0,2.8284271247461903
382.0,2.8284271247461903
383.0,2.8284271247461903
384.0,2.8284271247461903
385.0,2.8284271247461903
386.0,2.8284271247461903
387.0,2.8284271247461903
388.0,2.8284271247461903
389.0,2.8284271247461903
390.0,2.8284271247461903
391.0,2.8284271247461903
392.0,2.8284271247461903
393.0,2.8284271247461903
394.0,2.8284271247461903
395.0,2.8284271247461903
396.0,2.8284271247461903
397.0,2.8284271247461903
398.0,2.8284271247461903
399.0,2.8284271247461903
400.0,2.8284271247461903
401.0,2.8284271247461903
402.0,2.8284271247461903
403.0,2.8284271247461903
404.0,2.8284271247461903
405.0,2.8284271247461903
406.0,2.8284271247461903
407.0,2.8284271247461903
408.0,2.8284271247461903
409.0,2.8284271247461903
410.0,2.8284271247461903
411.0,2.8284271247461903
412.0,2.8284271247461903
413.0,2.8284271247461903
414.0,2.8284271247461903
415.0,2.8284271247461903
416.0,2.8284271247461903
417.0,2.8284271247461903
418.0,2.8284271247461903
419.0,2.8284271247461903
420.0,2.8284271247461903
421.0,2.8284271247461903
422.0,2.8284271247461903
423.0,2.8284271247461903
424.0,2.8284271247461903
425.0,2.8284271247461903
426.0,2.8284271247461903
427.0,2.8284271247461903
428.0,2.8284271247461903
429.0,2.8284271247461903
430.0,2.8284271247461903
431.0,2.8284271247461903
432.0,2.8284271247461903
433.0,2.8284271247461903
434.0,2.8284271247461903
435.0,2.8284271247461903
436.0,2.8284271247461903
437.0,2.8284271247461903
438.0,2.8284271247461903
439.0,2.8284271247461903
440.0,2.8284271247461903
441.0,2.8284271247461903
442.0,2.8284271247461903
443.0,2.8284271247461903
444.0,2.8284271247461903
445.0,2.6457513110645907
446.0,2.6457513110645907
447.0,2.6457513110645907
448.0,2.6457513110645907
449.0,2.6457513110645907
450.0,2.6457513110645907
451.0,2.6457513110645907
452.0,2.6457513110645907
453.0,2.6457513110645907
454.0,2.6457513110645907
455.0,2.6457513110645907
456.0,2.6457513110645907
457.0,2.6457513110645907
458.0,2.6457513110645907
459.0,2.6457513110645907
460.0,2.6457513110645907
461.0,2.23606797749979
462.0,2.23606797749979
463.0,2.23606797749979
464.0,2.23606797749979
465.0,2.23606797749979
466.0,2.23606797749979
467.0,2.23606797749979
468.0,2.23606797749979
469.0,2.23606797749979
470.0,2.23606797749979
471.0,2.23606797749979
472.0,2.23606797749979
473.0,2.23606797749979
474.0,2.23606797749979
475.0,2.23606797749979
476.0,2.23606797749979
477.0,2.23606797749979
478.0,2.23606797749979
479.0,2.23606797749979
480.0,2.23606797749979
481.0,2.23606797749979
482.0,2.23606797749979
483.0,2.23606797749979
484.0,2.23606797749979
485.0,2.0
486.0,2.0
487.0,2.0
488.0,2.0
489.0,2.0
490.0,2.0
491.0,2.0
492.0,2.0
493.0,2.0
494.0,2.0
495.0,2.0
496.0,2.0
497.0,2.0
498.0,2.0
499.0,2.0
500.0,2.0
501.0,2.0
502.0,2.0
503.0,2.0
504.0,2.0
505.0,2.0
506.0,2.0
507.0,2.0
508.0,2.0
509.0,2.0
510.0,2.0
511.0,2.0
512.0,2.0
513.0,2.0
514.0,2.0
515.0,2.0
516.0,2.0
517.0,2.0
518.0,2.0
519.0,2.0
520.0,2.0
521.0,2.0
522.0,2.0
523.0,2.0
524.0,2.0
525.0,2.0
526.0,2.0
527.0,2.0
528.0,2.0
529.0,2.0
530.0,2.0
531.0,2.0
532.0,2.0
533.0,2.0
534.0,2.0
535.0,2.0
536.0,2.0
537.0,2.0
538.0,2.0
539.0,2.0
540.0,2.0
541.0,2.0
542.0,2.0
543.0,2.0
544.0,2.0
545.0,2.0
546.0,2.0
547.0,2.0
548.0,2.0
549.0,2.0
550.0,2.0
551.0,2.0
552.0,2.0
553.0,1.7320508075688772
554.0,1.7320508075688772
555.0,1.7320508075688772
556.0,1.7320508075688772
557.0,1.7320508075688772
558.0,1.7320508075688772
559.0,1.7320508075688772
560.0,1.7320508075688772
561.0,1.7320508075688772
562.0,1.7320508075688772
563.0,1.7320508075688772
564.0,1.7320508075688772
565.0,1.7320508075688772
566.0,1.7320508075688772
567.0,1.7320508075688772
568.0,1.7320508075688772
569.0,1.7320508075688772
570.0,1.7320508075688772
571.0,1.7320508075688772
572.0,1.7320508075688772
573.0,1.7320508075688772
574.0,1.7320508075688772
575.0,1.7320508075688772
576.0,1.7320508075688772
577.0,1.7320508075688772
578.0,1.7320508075688772
579.0,1.7320508075688772
580.0,1.7320508075688772
581.0,1.7320508075688772
582.0,1.7320508075688772
583.0,1.7320508075688772
584.0,1.7320508075688772
585.0,1.7320508075688772
586.0,1.4142135623730951
587.0,1.4142135623730951
588.0,1.4142135623730951
589.0,1.4142135623730951
590.0,1.4142135623730951
591.0,1.4142135623730951
592.0,1.4142135623730951
593.0,1.4142135623730951
594.0,1.4142135623730951
595.0,1.4142135623730951
596.0,1.4142135623730951
597.0,1.4142135623730951
598.0,1.4142135623730951
599.0,1.4142135623730951
600.0,1.4142135623730951
601.0,1.4142135623730951
602.0,1.4142135623730951
603.0,1.4142135623730951
604.0,1.4142135623730951
605.0,1.4142135623730951
606.0,1.4142135623730951
607.0,1.4142135623730951
608.0,1.4142135623730951
609.0,1.4142135623730951
610.0,1.4142135623730951
611.0,1.4142135623730951
612.0,1.4142135623730951
613.0,1.4142135623730951
614.0,1.4142135623730951
615.0,1.4142135623730951
616.0,1.4142135623730951
617.0,1.4142135623730951
618.0,1.4142135623730951
619.0,1.4142135623730951
620.0,1.4142135623730951
621.0,1.4142135623730951
622.0,1.4142135623730951
623.0,1.4142135623730951
624.0,1.4142135623730951
625.0,1.4142135623730951
626.0,1.4142135623730951
627.0,1.4142135623730951
628.0,1.4142135623730951
629.0,1.4142135623730951
630.0,1.4142135623730951
631.0,1.4142135623730951
632.0,1.4142135623730951
633.0,1.4142135623730951
634.0,1.4142135623730951
635.0,1.4142135623730951
636.0,1.4142135623730951
637.0,1.4142135623730951
638.0,1.4142135623730951
639.0,1.4142135623730951
640.0,1.4142135623730951
641.0,1.4142135623730951
642.0,1.4142135623730951
643.0,1.4142135623730951
644.0,1.4142135623730951
645.0,1.4142135623730951
646.0,1.4142135623730951
647.0,1.4142135623730951
648.0,1.4142135623730951
649.0,1.4142135623730951
650.0,1.4142135623730951
651.0,1.4142135623730951
652.0,1.4142135623730951
653.0,1.4142135623730951
654.0,1.4142135623730951
655.0,1.4142135623730951
656.0,1.4142135623730951
657.0,1.4142135623730951
658.0,1.4142135623730951
659.0,1.4142135623730951
660.0,1.4142135623730951
661.0,1.4142135623730951
662.0,1.4142135623730951
663.0,1.4142135623730951
664.0,1.4142135623730951
665.0,1.4142135623730951
666.0,1.4142135623730951
667.0,1.4142135623730951
668.0,1.4142135623730951
669.0,1.4142135623730951
670.0,1.4142135623730951
671.0,1.4142135623730951
672.0,1.4142135623730951
673.0,1.4142135623730951
674.0,1.4142135623730951
675.0,1.4142135623730951
676.0,1.4142135623730951
677.0,1.4142135623730951
678.0,1.4142135623730951
679.0,1.4142135623730951
680.0,1.4142135623730951
681.0,1.4142135623730951
682.0,1.4142135623730951
683.0,1.4142135623730951
684.0,1.4142135623730951
685.0,1.4142135623730951
686.0,1.4142135623730951
687.0,1.4142135623730951
688.0,1.4142135623730951
689.0,1.4142135623730951
690.0,1.4142135623730951
691.0,1.4142135623730951
692.0,1.4142135623730951
693.0,1.4142135623730951
694.0,1.4142135623730951
695.0,1.4142135623730951
696.0,1.4142135623730951
697.0,1.4142135623730951
698.0,1.4142135623730951
699.0,1.4142135623730951
700.0,1.4142135623730951
701.0,1.4142135623730951
702.0,1.4142135623730951
703.0,1.4142135623730951
704.0,1.4142135623730951
705.0,1.4142135623730951
706.0,1.4142135623730951
707.0,1.4142135623730951
708.0,1.4142135623730951
709.0,1.4142135623730951
710.0,1.4142135623730951
711.0,1.4142135623730951
712.0,1.4142135623730951
713.0,1.4142135623730951
714.0,1.4142135623730951
715.0,1.4142135623730951
716.0,1.4142135623730951
717.0,1.4142135623730951
718.0,1.4142135623730951
719.0,1.4142135623730951
720.0,1.4142135623730951
721.0,1.4142135623730951
722.0,1.4142135623730951
723.0,1.4142135623730951
724.0,1.4142135623730951
725.0,1.4142135623730951
726.0,1.4142135623730951
727.0,1.4142135623730951
728.0,1.4142135623730951
729.0,1.4142135623730951
730.0,1.4142135623730951
731.0,1.4142135623730951
732.0,1.4142135623730951
733.0,1.4142135623730951
734.0,1.4142135623730951
735.0,1.4142135623730951
736.0,1.4142135623730951
737.0,1.4142135623730951
738.0,1.4142135623730951
739.0,1.4142135623730951
740.0,1.4142135623730951
741.0,1.4142135623730951
742.0,1.4142135623730951
743.0,1.4142135623730951
744.0,1.4142135623730951
745.0,1.4142135623730951
746.0,1.4142135623730951
747.0,1.4142135623730951
748.0,1.4142135623730951
749.0,1.4142135623730951
750.0,1.4142135623730951
751.0,1.4142135623730951
752.0,1.4142135623730951
753.0,1.4142135623730951
754.0,1.4142135623730951
755.0,1.4142135623730951
756.0,1.4142135623730951
757.0,1.4142135623730951
758.0,1.4142135623730951
759.0,1.4142135623730951
760.0,1.4142135623730951
761.0,1.4142135623730951
762.0,1.4142135623730951
763.0,1.4142135623730951
764.0,1.4142135623730951
765.0,1.4142135623730951
766.0,1.4142135623730951
767.0,1.4142135623730951
768.0,1.4142135623730951
769.0,1.4142135623730951
770.0,1.4142135623730951
771.0,1.4142135623730951
772.0,1.4142135623730951
773.0,1.4142135623730951
774.0,1.4142135623730951
775.0,1.4142135623730951
776.0,1.4142135623730951
777.0,1.4142135623730951
778.0,1.4142135623730951
779.0,1.4142135623730951
780.0,1.4142135623730951
781.0,1.0
782.0,1.0
783.0,1.0
784.0,1.0
785.0,1.0
786.0,1.0
787.0,1.0
788.0,1.0
789.0,1.0
790.0,1.0
791.0,1.0
792.0,1.0
793.0,1.0
794.0,1.0
795.0,1.0
796.0,1.0
797.0,1.0
798.0,1.0
799.0,1.0
800.0,1.0
801.0,1.0
802.0,1.0
803.0,1.0
804.0,1.0
805.0,1.0
806.0,1.0
807.0,1.0
808.0,1.0
809.0,1.0
810.0,1.0
811.0,1.0
812.0,1.0
813.0,1.0
814.0,1.0
815.0,1.0
816.0,1.0
817.0,1.0
818.0,1.0
819.0,1.0
820.0,1.0
821.0,1.0
822.0,1.0
823.0,1.0
824.0,1.0
825.0,1.0
826.0,1.0
827.0,1.0
828.0,1.0
829.0,1.0
830.0,1.0
831.0,1.0
832.0,1.0
833.0,1.0
834.0,1.0
835.0,1.0
836.0,1.0
837.0,1.0
838.0,1.0
839.0,1.0
840.0,1.0
841.0,1.0
842.0,1.0
843.0,1.0
844.0,1.0
845.0,1.0
846.0,1.0
847.0,1.0
848.0,1.0
849.0,1.0
850.0,1.0
851.0,1.0
852.0,1.0
853.0,1.0
854.0,1.0
855.0,1.0
856.0,1.0
857.0,1.0
858.0,1.0
859.0,1.0
860.0,1.0
861.0,1.0
862.0,1.0
863.0,1.0
864.0,1.0
865.0,1.0
866.0,1.0
867.0,1.0
868.0,1.0
869.0,1.0
870.0,1.0
871.0,1.0
872.0,1.0
873.0,1.0
874.0,1.0
875.0,1.0
876.0,1.0
877.0,1.0
878.0,1.0
879.0,1.0
880.0,1.0
881.0,1.0
882.0,1.0
883.0,1.0
884.0,1.0
885.0,1.0
886.0,1.0
887.0,1.0
888.0,1.0
889.0,1.0
890.0,1.0
891.0,1.0
892.0,1.0
893.0,1.0
894.0,1.0
895.0,1.0
896.0,1.0
897.0,1.0
898.0,1.0
899.0,1.0
900.0,1.0
901.0,1.0
902.0,1.0
903.0,1.0
904.0,1.0
905.0,1.0
906.0,1.0
907.0,1.0
908.0,1.0
909.0,1.0
910.0,1.0
911.0,1.0
912.0,1.0
913.0,1.0
914.0,1.0
915.0,1.0
916.0,1.0
917.0,1.0
918.0,1.0
919.0,1.0
920.0,1.0
921.0,1.0
922.0,1.0
923.0,1.0
924.0,1.0
925.0,1.0
926.0,1.0
927.0,1.0
928.0,1.0
929.0,1.0
930.0,1.0
931.0,1.0
932.0,1.0
933.0,1.0
934.0,1.0
935.0,1.0
936.0,1.0
937.0,1.0
938.0,1.0
939.0,1.0
940.0,1.0
941.0,1.0
942.0,1.0
943.0,1.0
944.0,1.0
945.0,1.0
946.0,1.0
947.0,1.0
948.0,1.0
949.0,1.0
950.0,1.0
951.0,1.0
952.0,1.0
953.0,1.0
954.0,1.0
955.0,1.0
956.0,1.0
957.0,1.0
958.0,1.0
959.0,1.0
960.0,1.0
961.0,1.0
962.0,1.0
963.0,1.0
964.0,1.0
965.0,1.0
966.0,1.0
967.0,1.0
968.0,1.0
969.0,1.0
970.0,1.0
971.0,1.0
972.0,1.0
973.0,1.0
974.0,1.0
975.0,1.0
976.0,1.0
977.0,1.0
978.0,1.0
979.0,1.0
980.0,1.0
981.0,1.0
982.0,1.0
983.0,1.0
984.0,1.0
985.0,1.0
986.0,1.0
987.0,1.0
988.0,1.0
989.0,1.0
990.0,1.0
991.0,1.0
992.0,1.0
993.0,1.0
994.0,1.0
995.0,1.0
996.0,1.0
997.0,1.0
998.0,1.0
999.0,1.0
1000.0,1.0
1001.0,1.0
1002.0,1.0
1003.0,1.0
1004.0,1.0
1005.0,1.0
1006.0,1.0
1007.0,1.0
1008.0,1.0
1009.0,1.0
1010.0,1.0
1011.0,1.0
1012.0,1.0
1013.0,1.0
1014.0,1.0
1015.0,1.0
1016.0,1.0
1017.0,1.0
1018.0,1.0
1019.0,1.0
1020.0,1.0
1021.0,1.0
1022.0,1.0
1023.0,1.0
1024.0,1.0
1025.0,1.0
1026.0,1.0
1027.0,1.0
1028.0,1.0
1029.0,1.0
1030.0,1.0
1031.0,1.0
1032.0,1.0
1033.0,1.0
1034.0,1.0
1035.0,1.0
1036.0,1.0
1037.0,1.0
1038.0,1.0
1039.0,1.0
1040.0,1.0
1041.0,1.0
1042.0,1.0
1043.0,1.0
1044.0,1.0
1045.0,1.0
1046.0,1.0
1047.0,1.0
1048.0,1.0
1049.0,1.0
1050.0,1.0
1051.0,1.0
1052.0,1.0
1053.0,1.0
1054.0,1.0
1055.0,1.0
1056.0,1.0
1057.0,1.0
1058.0,1.0
1059.0,1.0
1059.0,0.0
