Iteration,Fitness
2.0,23.065125189341593
3.0,23.065125189341593
4.0,23.065125189341593
5.0,23.065125189341593
6.0,23.065125189341593
7.0,23.065125189341593
8.0,23.065125189341593
9.0,23.065125189341593
10.0,23.065125189341593
11.0,23.065125189341593
12.0,23.065125189341593
13.0,23.065125189341593
14.0,23.065125189341593
15.0,23.065125189341593
16.0,23.065125189341593
17.0,23.065125189341593
18.0,23.065125189341593
19.0,23.065125189341593
20.0,19.974984355438178
21.0,19.974984355438178
22.0,19.974984355438178
23.0,19.974984355438178
24.0,19.974984355438178
25.0,19.974984355438178
26.0,19.974984355438178
27.0,19.974984355438178
28.0,19.974984355438178
29.0,19.974984355438178
30.0,19.974984355438178
31.0,19.974984355438178
32.0,19.974984355438178
33.0,19.974984355438178
34.0,19.974984355438178
35.0,17.60681686165901
36.0,17.60681686165901
37.0,17.60681686165901
38.0,17.60681686165901
39.0,16.217274740226856
40.0,16.217274740226856
41.0,16.217274740226856
42.0,16.217274740226856
43.0,16.217274740226856
44.0,16.217274740226856
45.0,16.217274740226856
46.0,16.217274740226856
47.0,16.217274740226856
48.0,13.820274961085254
49.0,13.820274961085254
50.0,13.820274961085254
51.0,13.820274961085254
52.0,13.820274961085254
53.0,13.820274961085254
54.0,13.820274961085254
55.0,13.820274961085254
56.0,13.820274961085254
57.0,13.820274961085254
58.0,13.820274961085254
59.0,13.820274961085254
60.0,13.820274961085254
61.0,13.820274961085254
62.0,13.820274961085254
63.0,13.820274961085254
64.0,13.416407864998739
65.0,12.12435565298214
66.0,12.12435565298214
67.0,12.12435565298214
68.0,12.12435565298214
69.0,12.12435565298214
70.0,12.12435565298214
71.0,12.12435565298214
72.0,12.12435565298214
73.0,12.12435565298214
74.0,12.12435565298214
75.0,11.180339887498949
76.0,11.180339887498949
77.0,11.180339887498949
78.0,11.180339887498949
79.0,11.180339887498949
80.0,11.180339887498949
81.0,11.180339887498949
82.0,11.180339887498949
83.0,11.180339887498949
84.0,11.180339887498949
85.0,10.246950765959598
86.0,10.246950765959598
87.0,10.246950765959598
88.0,10.246950765959598
89.0,10.246950765959598
90.0,10.246950765959598
91.0,10.246950765959598
92.0,10.246950765959598
93.0,10.246950765959598
94.0,10.246950765959598
95.0,10.246950765959598
96.0,10.246950765959598
97.0,10.246950765959598
98.0,10.246950765959598
99.0,10.246950765959598
100.0,10.246950765959598
101.0,10.246950765959598
102.0,10.246950765959598
103.0,10.246950765959598
104.0,10.246950765959598
105.0,10.246950765959598
106.0,10.246950765959598
107.0,10.246950765959598
108.0,10.246950765959598
109.0,10.246950765959598
110.0,10.246950765959598
111.0,10.246950765959598
112.0,10.246950765959598
113.0,10.246950765959598
114.0,10.246950765959598
115.0,10.246950765959598
116.0,10.246950765959598
117.0,10.246950765959598
118.0,10.246950765959598
119.0,10.246950765959598
120.0,10.246950765959598
121.0,10.246950765959598
122.0,10.246950765959598
123.0,10.246950765959598
124.0,10.246950765959598
125.0,10.246950765959598
126.0,10.246950765959598
127.0,10.246950765959598
128.0,7.681145747868608
129.0,7.681145747868608
130.0,7.681145747868608
131.0,7.681145747868608
132.0,7.681145747868608
133.0,7.681145747868608
134.0,7.681145747868608
135.0,7.681145747868608
136.0,7.681145747868608
137.0,7.681145747868608
138.0,7.681145747868608
139.0,7.681145747868608
140.0,7.681145747868608
141.0,7.681145747868608
142.0,7.681145747868608
143.0,7.681145747868608
144.0,7.681145747868608
145.0,7.681145747868608
146.0,7.681145747868608
147.0,7.681145747868608
148.0,7.681145747868608
149.0,7.681145747868608
150.0,7.681145747868608
151.0,7.681145747868608
152.0,7.681145747868608
153.0,7.681145747868608
154.0,7.681145747868608
155.0,7.681145747868608
156.0,7.681145747868608
157.0,7.681145747868608
158.0,7.681145747868608
159.0,7.681145747868608
160.0,7.681145747868608
161.0,7.681145747868608
162.0,7.681145747868608
163.0,7.681145747868608
164.0,7.211102550927978
165.0,7.211102550927978
166.0,7.211102550927978
167.0,7.211102550927978
168.0,7.211102550927978
169.0,7.211102550927978
170.0,7.211102550927978
171.0,7.211102550927978
172.0,7.211102550927978
173.0,7.211102550927978
174.0,7.211102550927978
175.0,7.211102550927978
176.0,7.211102550927978
177.0,7.211102550927978
178.0,7.211102550927978
179.0,7.211102550927978
180.0,7.211102550927978
181.0,7.211102550927978
182.0,7.211102550927978
183.0,7.211102550927978
184.0,7.211102550927978
185.0,7.211102550927978
186.0,7.211102550927978
187.0,7.211102550927978
188.0,7.211102550927978
189.0,7.211102550927978
190.0,7.211102550927978
191.0,7.211102550927978
192.0,7.211102550927978
193.0,7.211102550927978
194.0,7.211102550927978
195.0,7.211102550927978
196.0,7.211102550927978
197.0,7.211102550927978
198.0,7.211102550927978
199.0,7.211102550927978
200.0,7.211102550927978
201.0,7.211102550927978
202.0,7.211102550927978
203.0,7.211102550927978
204.0,7.211102550927978
205.0,7.211102550927978
206.0,6.48074069840786
207.0,6.48074069840786
208.0,6.48074069840786
209.0,6.48074069840786
210.0,6.48074069840786
211.0,6.48074069840786
212.0,6.48074069840786
213.0,6.48074069840786
214.0,6.48074069840786
215.0,6.48074069840786
216.0,6.48074069840786
217.0,6.48074069840786
218.0,6.48074069840786
219.0,6.48074069840786
220.0,6.48074069840786
221.0,6.48074069840786
222.0,6.48074069840786
223.0,6.48074069840786
224.0,6.48074069840786
225.0,6.48074069840786
226.0,6.48074069840786
227.0,6.48074069840786
228.0,6.48074069840786
229.0,6.48074069840786
230.0,6.48074069840786
231.0,6.48074069840786
232.0,6.48074069840786
233.0,6.48074069840786
234.0,6.48074069840786
235.0,6.48074069840786
236.0,6.48074069840786
237.0,6.48074069840786
238.0,6.48074069840786
239.0,6.48074069840786
240.0,6.48074069840786
241.0,6.48074069840786
242.0,6.48074069840786
243.0,6.48074069840786
244.0,6.48074069840786
245.0,6.48074069840786
246.0,6.48074069840786
247.0,6.48074069840786
248.0,6.324555320336759
249.0,6.324555320336759
250.0,6.324555320336759
251.0,6.324555320336759
252.0,6.324555320336759
253.0,6.324555320336759
254.0,6.324555320336759
255.0,6.324555320336759
256.0,6.324555320336759
257.0,6.324555320336759
258.0,6.324555320336759
259.0,6.324555320336759
260.0,6.324555320336759
261.0,6.324555320336759
262.0,6.324555320336759
263.0,6.324555320336759
264.0,6.324555320336759
265.0,6.324555320336759
266.0,6.324555320336759
267.0,6.324555320336759
268.0,6.324555320336759
269.0,6.324555320336759
270.0,6.324555320336759
271.0,6.324555320336759
272.0,6.324555320336759
273.0,6.324555320336759
274.0,6.324555320336759
275.0,6.324555320336759
276.0,6.324555320336759
277.0,6.324555320336759
278.0,6.324555320336759
279.0,6.324555320336759
280.0,6.324555320336759
281.0,6.324555320336759
282.0,6.324555320336759
283.0,6.324555320336759
284.0,6.324555320336759
285.0,6.324555320336759
286.0,6.324555320336759
287.0,6.324555320336759
288.0,6.324555320336759
289.0,6.324555320336759
290.0,6.324555320336759
291.0,6.324555320336759
292.0,6.324555320336759
293.0,6.324555320336759
294.0,6.324555320336759
295.0,6.324555320336759
296.0,6.324555320336759
297.0,6.324555320336759
298.0,6.324555320336759
299.0,6.324555320336759
300.0,6.324555320336759
301.0,6.324555320336759
302.0,6.324555320336759
303.0,6.324555320336759
304.0,6.324555320336759
305.0,6.324555320336759
306.0,6.324555320336759
307.0,6.324555320336759
308.0,6.324555320336759
309.0,6.324555320336759
310.0,6.324555320336759
311.0,6.324555320336759
312.0,6.082762530298219
313.0,6.082762530298219
314.0,6.082762530298219
315.0,6.082762530298219
316.0,5.291502622129181
317.0,5.291502622129181
318.0,5.291502622129181
319.0,5.291502622129181
320.0,5.291502622129181
321.0,5.291502622129181
322.0,5.291502622129181
323.0,5.291502622129181
324.0,5.291502622129181
325.0,5.291502622129181
326.0,5.291502622129181
327.0,5.291502622129181
328.0,5.291502622129181
329.0,5.291502622129181
330.0,5.291502622129181
331.0,5.291502622129181
332.0,5.291502622129181
333.0,5.291502622129181
334.0,5.291502622129181
335.0,5.291502622129181
336.0,5.291502622129181
337.0,5.196152422706632
338.0,5.196152422706632
339.0,5.196152422706632
340.0,5.196152422706632
341.0,5.196152422706632
342.0,5.196152422706632
343.0,5.196152422706632
344.0,5.196152422706632
345.0,5.196152422706632
346.0,5.196152422706632
347.0,5.196152422706632
348.0,5.196152422706632
349.0,5.196152422706632
350.0,5.196152422706632
351.0,5.196152422706632
352.0,5.196152422706632
353.0,5.196152422706632
354.0,5.196152422706632
355.0,5.196152422706632
356.0,5.196152422706632
357.0,5.196152422706632
358.0,5.196152422706632
359.0,5.196152422706632
360.0,5.196152422706632
361.0,5.196152422706632
362.0,5.196152422706632
363.0,5.196152422706632
364.0,5.196152422706632
365.0,5.196152422706632
366.0,5.196152422706632
367.0,5.196152422706632
368.0,5.196152422706632
369.0,5.196152422706632
370.0,5.196152422706632
371.0,5.196152422706632
372.0,5.196152422706632
373.0,5.196152422706632
374.0,5.196152422706632
375.0,5.196152422706632
376.0,5.196152422706632
377.0,5.196152422706632
378.0,5.196152422706632
379.0,5.196152422706632
380.0,5.196152422706632
381.0,5.196152422706632
382.0,5.196152422706632
383.0,5.196152422706632
384.0,5.196152422706632
385.0,5.196152422706632
386.0,5.196152422706632
387.0,5.196152422706632
388.0,5.196152422706632
389.0,5.196152422706632
390.0,5.196152422706632
391.0,5.196152422706632
392.0,5.196152422706632
393.0,5.196152422706632
394.0,5.196152422706632
395.0,5.196152422706632
396.0,5.196152422706632
397.0,5.196152422706632
398.0,5.196152422706632
399.0,5.196152422706632
400.0,5.196152422706632
401.0,5.196152422706632
402.0,5.196152422706632
403.0,5.196152422706632
404.0,5.196152422706632
405.0,5.196152422706632
406.0,5.196152422706632
407.0,5.196152422706632
408.0,5.196152422706632
409.0,5.196152422706632
410.0,5.196152422706632
411.0,5.196152422706632
412.0,5.196152422706632
413.0,5.196152422706632
414.0,5.196152422706632
415.0,5.196152422706632
416.0,5.196152422706632
417.0,5.196152422706632
418.0,5.196152422706632
419.0,5.196152422706632
420.0,5.196152422706632
421.0,5.196152422706632
422.0,5.196152422706632
423.0,5.196152422706632
424.0,5.196152422706632
425.0,5.196152422706632
426.0,5.196152422706632
427.0,5.196152422706632
428.0,5.196152422706632
429.0,5.196152422706632
430.0,5.196152422706632
431.0,5.196152422706632
432.0,5.196152422706632
433.0,5.196152422706632
434.0,5.196152422706632
435.0,5.196152422706632
436.0,5.196152422706632
437.0,5.196152422706632
438.0,5.196152422706632
439.0,4.69041575982343
440.0,4.69041575982343
441.0,4.69041575982343
442.0,4.69041575982343
443.0,4.69041575982343
444.0,4.69041575982343
445.0,4.69041575982343
446.0,4.69041575982343
447.0,4.69041575982343
448.0,4.69041575982343
449.0,4.69041575982343
450.0,4.69041575982343
451.0,4.69041575982343
452.0,4.69041575982343
453.0,4.69041575982343
454.0,4.69041575982343
455.0,4.69041575982343
456.0,4.69041575982343
457.0,4.69041575982343
458.0,4.69041575982343
459.0,4.69041575982343
460.0,4.69041575982343
461.0,4.69041575982343
462.0,4.69041575982343
463.0,4.69041575982343
464.0,4.69041575982343
465.0,4.69041575982343
466.0,4.242640687119285
467.0,4.242640687119285
468.0,4.242640687119285
469.0,4.242640687119285
470.0,4.242640687119285
471.0,4.242640687119285
472.0,4.242640687119285
473.0,4.242640687119285
474.0,4.242640687119285
475.0,4.242640687119285
476.0,4.242640687119285
477.0,4.123105625617661
478.0,4.123105625617661
479.0,4.123105625617661
480.0,4.123105625617661
481.0,4.123105625617661
482.0,4.123105625617661
483.0,4.123105625617661
484.0,4.123105625617661
485.0,4.123105625617661
486.0,4.123105625617661
487.0,4.123105625617661
488.0,4.123105625617661
489.0,4.123105625617661
490.0,4.123105625617661
491.0,4.123105625617661
492.0,4.123105625617661
493.0,4.123105625617661
494.0,4.123105625617661
495.0,4.123105625617661
496.0,4.123105625617661
497.0,4.123105625617661
498.0,4.123105625617661
499.0,4.123105625617661
500.0,4.123105625617661
501.0,4.123105625617661
502.0,4.123105625617661
503.0,4.123105625617661
504.0,4.123105625617661
505.0,4.123105625617661
506.0,4.123105625617661
507.0,4.123105625617661
508.0,4.123105625617661
509.0,4.123105625617661
510.0,4.123105625617661
511.0,4.123105625617661
512.0,4.123105625617661
513.0,4.123105625617661
514.0,4.123105625617661
515.0,4.123105625617661
516.0,4.123105625617661
517.0,4.123105625617661
518.0,4.123105625617661
519.0,4.123105625617661
520.0,4.123105625617661
521.0,4.123105625617661
522.0,4.123105625617661
523.0,4.123105625617661
524.0,4.123105625617661
525.0,4.123105625617661
526.0,4.123105625617661
527.0,4.123105625617661
528.0,4.123105625617661
529.0,4.123105625617661
530.0,4.123105625617661
531.0,4.123105625617661
532.0,4.123105625617661
533.0,4.123105625617661
534.0,4.123105625617661
535.0,4.123105625617661
536.0,4.123105625617661
537.0,4.123105625617661
538.0,4.123105625617661
539.0,4.123105625617661
540.0,4.123105625617661
541.0,4.123105625617661
542.0,4.123105625617661
543.0,4.123105625617661
544.0,4.123105625617661
545.0,4.123105625617661
546.0,4.123105625617661
547.0,4.123105625617661
548.0,4.123105625617661
549.0,4.123105625617661
550.0,4.123105625617661
551.0,4.123105625617661
552.0,4.123105625617661
553.0,4.123105625617661
554.0,4.123105625617661
555.0,4.123105625617661
556.0,4.123105625617661
557.0,4.123105625617661
558.0,4.123105625617661
559.0,4.123105625617661
560.0,4.123105625617661
561.0,4.123105625617661
562.0,4.123105625617661
563.0,4.123105625617661
564.0,4.123105625617661
565.0,4.123105625617661
566.0,4.123105625617661
567.0,4.123105625617661
568.0,4.123105625617661
569.0,4.123105625617661
570.0,4.123105625617661
571.0,4.123105625617661
572.0,4.123105625617661
573.0,4.123105625617661
574.0,4.123105625617661
575.0,4.123105625617661
576.0,4.123105625617661
577.0,4.123105625617661
578.0,4.123105625617661
579.0,4.123105625617661
580.0,4.123105625617661
581.0,4.123105625617661
582.0,4.123105625617661
583.0,4.123105625617661
584.0,4.123105625617661
585.0,4.123105625617661
586.0,4.123105625617661
587.0,4.123105625617661
588.0,4.123105625617661
589.0,4.123105625617661
590.0,4.123105625617661
591.0,4.123105625617661
592.0,4.123105625617661
593.0,4.123105625617661
594.0,4.123105625617661
595.0,4.123105625617661
596.0,4.123105625617661
597.0,4.123105625617661
598.0,4.123105625617661
599.0,4.123105625617661
600.0,4.123105625617661
601.0,4.123105625617661
602.0,4.123105625617661
603.0,4.123105625617661
604.0,4.123105625617661
605.0,4.123105625617661
606.0,4.123105625617661
607.0,4.123105625617661
608.0,4.123105625617661
609.0,4.123105625617661
610.0,4.123105625617661
611.0,4.123105625617661
612.0,4.123105625617661
613.0,4.123105625617661
614.0,4.123105625617661
615.0,4.123105625617661
616.0,4.123105625617661
617.0,4.123105625617661
618.0,4.123105625617661
619.0,4.123105625617661
620.0,4.123105625617661
621.0,4.123105625617661
622.0,4.123105625617661
623.0,4.123105625617661
624.0,4.123105625617661
625.0,4.123105625617661
626.0,4.123105625617661
627.0,4.123105625617661
628.0,4.123105625617661
629.0,4.123105625617661
630.0,4.123105625617661
631.0,4.123105625617661
632.0,4.123105625617661
633.0,4.123105625617661
634.0,4.123105625617661
635.0,4.123105625617661
636.0,4.123105625617661
637.0,4.123105625617661
638.0,4.123105625617661
639.0,4.123105625617661
640.0,4.123105625617661
641.0,4.123105625617661
642.0,4.123105625617661
643.0,4.123105625617661
644.0,4.123105625617661
645.0,4.123105625617661
646.0,4.123105625617661
647.0,4.123105625617661
648.0,4.123105625617661
649.0,4.123105625617661
650.0,4.123105625617661
651.0,4.123105625617661
652.0,4.123105625617661
653.0,4.123105625617661
654.0,4.123105625617661
655.0,4.123105625617661
656.0,4.123105625617661
657.0,4.123105625617661
658.0,4.123105625617661
659.0,4.123105625617661
660.0,4.123105625617661
661.0,4.123105625617661
662.0,4.123105625617661
663.0,4.123105625617661
664.0,4.123105625617661
665.0,4.123105625617661
666.0,4.123105625617661
667.0,4.123105625617661
668.0,4.123105625617661
669.0,4.123105625617661
670.0,4.123105625617661
671.0,4.123105625617661
672.0,4.123105625617661
673.0,4.123105625617661
674.0,4.123105625617661
675.0,4.123105625617661
676.0,4.123105625617661
677.0,4.123105625617661
678.0,4.123105625617661
679.0,4.123105625617661
680.0,4.123105625617661
681.0,4.123105625617661
682.0,4.123105625617661
683.0,4.123105625617661
684.0,4.123105625617661
685.0,4.123105625617661
686.0,4.123105625617661
687.0,4.123105625617661
688.0,4.123105625617661
689.0,4.123105625617661
690.0,4.123105625617661
691.0,4.123105625617661
692.0,4.123105625617661
693.0,4.123105625617661
694.0,4.123105625617661
695.0,4.123105625617661
696.0,4.123105625617661
697.0,4.123105625617661
698.0,4.123105625617661
699.0,4.123105625617661
700.0,4.123105625617661
701.0,4.123105625617661
702.0,4.123105625617661
703.0,4.123105625617661
704.0,4.123105625617661
705.0,4.123105625617661
706.0,4.123105625617661
707.0,4.123105625617661
708.0,4.123105625617661
709.0,4.123105625617661
710.0,4.123105625617661
711.0,4.123105625617661
712.0,4.123105625617661
713.0,4.123105625617661
714.0,4.123105625617661
715.0,4.123105625617661
716.0,4.123105625617661
717.0,4.123105625617661
718.0,4.123105625617661
719.0,4.123105625617661
720.0,4.123105625617661
721.0,4.123105625617661
722.0,4.123105625617661
723.0,4.123105625617661
724.0,4.123105625617661
725.0,4.123105625617661
726.0,4.123105625617661
727.0,4.123105625617661
728.0,4.123105625617661
729.0,4.123105625617661
730.0,4.123105625617661
731.0,4.123105625617661
732.0,4.123105625617661
733.0,4.123105625617661
734.0,4.123105625617661
735.0,4.123105625617661
736.0,4.123105625617661
737.0,4.123105625617661
738.0,4.123105625617661
739.0,4.123105625617661
740.0,4.123105625617661
741.0,4.123105625617661
742.0,4.123105625617661
743.0,4.123105625617661
744.0,4.123105625617661
745.0,4.123105625617661
746.0,4.123105625617661
747.0,4.123105625617661
748.0,4.123105625617661
749.0,4.123105625617661
750.0,4.123105625617661
751.0,4.123105625617661
752.0,2.8284271247461903
753.0,2.8284271247461903
754.0,2.8284271247461903
755.0,2.8284271247461903
756.0,2.8284271247461903
757.0,2.8284271247461903
758.0,2.8284271247461903
759.0,2.8284271247461903
760.0,2.8284271247461903
761.0,2.8284271247461903
762.0,2.8284271247461903
763.0,2.8284271247461903
764.0,2.8284271247461903
765.0,2.8284271247461903
766.0,2.8284271247461903
767.0,2.8284271247461903
768.0,2.8284271247461903
769.0,2.8284271247461903
770.0,2.8284271247461903
771.0,2.8284271247461903
772.0,2.8284271247461903
773.0,2.8284271247461903
774.0,2.8284271247461903
775.0,2.8284271247461903
776.0,2.8284271247461903
777.0,2.8284271247461903
778.0,2.8284271247461903
779.0,2.8284271247461903
780.0,2.8284271247461903
781.0,2.8284271247461903
782.0,2.8284271247461903
783.0,2.8284271247461903
784.0,2.8284271247461903
785.0,2.8284271247461903
786.0,2.8284271247461903
787.0,2.8284271247461903
788.0,2.8284271247461903
789.0,2.8284271247461903
790.0,2.8284271247461903
791.0,2.8284271247461903
792.0,2.8284271247461903
793.0,2.8284271247461903
794.0,2.8284271247461903
795.0,2.8284271247461903
796.0,2.8284271247461903
797.0,2.8284271247461903
798.0,2.8284271247461903
799.0,2.8284271247461903
800.0,2.8284271247461903
801.0,2.8284271247461903
802.0,2.8284271247461903
803.0,2.8284271247461903
804.0,2.8284271247461903
805.0,2.8284271247461903
806.0,2.8284271247461903
807.0,2.8284271247461903
808.0,2.8284271247461903
809.0,2.8284271247461903
810.0,2.8284271247461903
811.0,2.8284271247461903
812.0,2.8284271247461903
813.0,2.8284271247461903
814.0,2.8284271247461903
815.0,2.8284271247461903
816.0,2.8284271247461903
817.0,2.8284271247461903
818.0,2.8284271247461903
819.0,2.8284271247461903
820.0,2.8284271247461903
821.0,2.8284271247461903
822.0,2.8284271247461903
823.0,2.8284271247461903
824.0,2.8284271247461903
825.0,2.8284271247461903
826.0,2.8284271247461903
827.0,2.8284271247461903
828.0,2.8284271247461903
829.0,2.8284271247461903
830.0,2.8284271247461903
831.0,2.8284271247461903
832.0,2.8284271247461903
833.0,2.8284271247461903
834.0,2.8284271247461903
835.0,2.8284271247461903
836.0,2.8284271247461903
837.0,2.8284271247461903
838.0,2.8284271247461903
839.0,2.8284271247461903
840.0,2.8284271247461903
841.0,2.8284271247461903
842.0,2.8284271247461903
843.0,2.8284271247461903
844.0,2.8284271247461903
845.0,2.8284271247461903
846.0,2.8284271247461903
847.0,2.8284271247461903
848.0,2.8284271247461903
849.0,2.8284271247461903
850.0,2.8284271247461903
851.0,2.8284271247461903
852.0,2.8284271247461903
853.0,2.8284271247461903
854.0,2.8284271247461903
855.0,2.8284271247461903
856.0,2.8284271247461903
857.0,2.8284271247461903
858.0,2.8284271247461903
859.0,2.8284271247461903
860.0,2.8284271247461903
861.0,2.8284271247461903
862.0,2.8284271247461903
863.0,2.8284271247461903
864.0,2.8284271247461903
865.0,2.8284271247461903
866.0,2.8284271247461903
867.0,2.8284271247461903
868.0,2.8284271247461903
869.0,2.8284271247461903
870.0,2.8284271247461903
871.0,2.8284271247461903
872.0,2.8284271247461903
873.0,2.8284271247461903
874.0,2.8284271247461903
875.0,2.8284271247461903
876.0,2.8284271247461903
877.0,2.8284271247461903
878.0,2.8284271247461903
879.0,2.8284271247461903
880.0,2.8284271247461903
881.0,2.8284271247461903
882.0,2.8284271247461903
883.0,2.8284271247461903
884.0,2.8284271247461903
885.0,2.8284271247461903
886.0,2.8284271247461903
887.0,2.8284271247461903
888.0,2.8284271247461903
889.0,2.8284271247461903
890.0,2.8284271247461903
891.0,2.8284271247461903
892.0,2.8284271247461903
893.0,2.8284271247461903
894.0,2.8284271247461903
895.0,2.8284271247461903
896.0,2.8284271247461903
897.0,2.8284271247461903
898.0,2.8284271247461903
899.0,2.8284271247461903
900.0,2.8284271247461903
901.0,2.8284271247461903
902.0,2.8284271247461903
903.0,2.8284271247461903
904.0,2.8284271247461903
905.0,2.8284271247461903
906.0,2.8284271247461903
907.0,2.8284271247461903
908.0,2.8284271247461903
909.0,2.8284271247461903
910.0,2.8284271247461903
911.0,2.8284271247461903
912.0,2.8284271247461903
913.0,2.8284271247461903
914.0,2.8284271247461903
915.0,2.8284271247461903
916.0,2.8284271247461903
917.0,2.8284271247461903
918.0,2.8284271247461903
919.0,2.8284271247461903
920.0,2.8284271247461903
921.0,2.8284271247461903
922.0,2.8284271247461903
923.0,2.8284271247461903
924.0,2.8284271247461903
925.0,2.8284271247461903
926.0,2.8284271247461903
927.0,2.8284271247461903
928.0,2.8284271247461903
929.0,2.8284271247461903
930.0,2.8284271247461903
931.0,2.8284271247461903
932.0,2.8284271247461903
933.0,2.8284271247461903
934.0,2.8284271247461903
935.0,2.8284271247461903
936.0,2.8284271247461903
937.0,2.8284271247461903
938.0,2.8284271247461903
939.0,2.8284271247461903
940.0,2.8284271247461903
941.0,2.8284271247461903
942.0,2.8284271247461903
943.0,2.8284271247461903
944.0,2.8284271247461903
945.0,2.8284271247461903
946.0,2.8284271247461903
947.0,2.8284271247461903
948.0,2.8284271247461903
949.0,2.8284271247461903
950.0,2.8284271247461903
951.0,2.8284271247461903
952.0,2.8284271247461903
953.0,2.8284271247461903
954.0,2.8284271247461903
955.0,2.8284271247461903
956.0,2.8284271247461903
957.0,2.8284271247461903
958.0,2.8284271247461903
959.0,2.8284271247461903
960.0,2.8284271247461903
961.0,2.8284271247461903
962.0,2.8284271247461903
963.0,2.8284271247461903
964.0,2.8284271247461903
965.0,2.8284271247461903
966.0,2.8284271247461903
967.0,2.8284271247461903
968.0,2.8284271247461903
969.0,2.8284271247461903
970.0,2.8284271247461903
971.0,2.8284271247461903
972.0,2.8284271247461903
973.0,2.8284271247461903
974.0,2.8284271247461903
975.0,2.8284271247461903
976.0,2.8284271247461903
977.0,2.8284271247461903
978.0,2.8284271247461903
979.0,2.8284271247461903
980.0,2.8284271247461903
981.0,2.8284271247461903
982.0,2.8284271247461903
983.0,2.8284271247461903
984.0,2.8284271247461903
985.0,2.8284271247461903
986.0,2.8284271247461903
987.0,2.8284271247461903
988.0,2.8284271247461903
989.0,2.8284271247461903
990.0,2.8284271247461903
991.0,2.8284271247461903
992.0,2.8284271247461903
993.0,2.8284271247461903
994.0,2.8284271247461903
995.0,2.8284271247461903
996.0,2.8284271247461903
997.0,2.8284271247461903
998.0,2.8284271247461903
999.0,2.8284271247461903
1000.0,2.8284271247461903
1001.0,2.8284271247461903
1002.0,2.8284271247461903
1003.0,2.8284271247461903
1004.0,2.8284271247461903
1005.0,2.8284271247461903
1006.0,2.8284271247461903
1007.0,2.8284271247461903
1008.0,2.8284271247461903
1009.0,2.8284271247461903
1010.0,2.8284271247461903
1011.0,2.8284271247461903
1012.0,2.8284271247461903
1013.0,2.8284271247461903
1014.0,2.8284271247461903
1015.0,2.8284271247461903
1016.0,2.8284271247461903
1017.0,2.8284271247461903
1018.0,2.8284271247461903
1019.0,2.8284271247461903
1020.0,2.8284271247461903
1021.0,2.8284271247461903
1022.0,2.8284271247461903
1023.0,2.8284271247461903
1024.0,2.8284271247461903
1025.0,2.8284271247461903
1026.0,2.8284271247461903
1027.0,2.8284271247461903
1028.0,2.8284271247461903
1029.0,2.8284271247461903
1030.0,2.8284271247461903
1031.0,2.8284271247461903
1032.0,2.8284271247461903
1033.0,2.8284271247461903
1034.0,2.8284271247461903
1035.0,2.8284271247461903
1036.0,2.8284271247461903
1037.0,2.8284271247461903
1038.0,2.8284271247461903
1039.0,2.8284271247461903
1040.0,2.8284271247461903
1041.0,2.8284271247461903
1042.0,2.8284271247461903
1043.0,2.8284271247461903
1044.0,2.8284271247461903
1045.0,2.8284271247461903
1046.0,2.8284271247461903
1047.0,2.449489742783178
1048.0,2.449489742783178
1049.0,2.449489742783178
1050.0,2.449489742783178
1051.0,2.449489742783178
1052.0,2.449489742783178
1053.0,2.449489742783178
1054.0,2.449489742783178
1055.0,2.449489742783178
1056.0,2.449489742783178
1057.0,2.449489742783178
1058.0,2.449489742783178
1059.0,2.449489742783178
1060.0,2.449489742783178
1061.0,2.449489742783178
1062.0,2.449489742783178
1063.0,2.449489742783178
1064.0,2.449489742783178
1065.0,2.449489742783178
1066.0,2.449489742783178
1067.0,2.449489742783178
1068.0,2.449489742783178
1069.0,2.449489742783178
1070.0,2.449489742783178
1071.0,2.449489742783178
1072.0,2.449489742783178
1073.0,2.449489742783178
1074.0,2.449489742783178
1075.0,2.449489742783178
1076.0,2.449489742783178
1077.0,2.449489742783178
1078.0,2.449489742783178
1079.0,2.449489742783178
1080.0,2.449489742783178
1081.0,2.449489742783178
1082.0,2.449489742783178
1083.0,2.449489742783178
1084.0,2.449489742783178
1085.0,2.449489742783178
1086.0,2.449489742783178
1087.0,2.449489742783178
1088.0,2.449489742783178
1089.0,2.449489742783178
1090.0,2.449489742783178
1091.0,2.449489742783178
1092.0,2.449489742783178
1093.0,2.449489742783178
1094.0,2.449489742783178
1095.0,2.449489742783178
1096.0,2.449489742783178
1097.0,2.449489742783178
1098.0,2.449489742783178
1099.0,2.449489742783178
1100.0,2.449489742783178
1101.0,2.449489742783178
1102.0,2.449489742783178
1103.0,2.449489742783178
1104.0,2.449489742783178
1105.0,2.449489742783178
1106.0,2.449489742783178
1107.0,2.449489742783178
1108.0,2.449489742783178
1109.0,2.449489742783178
1110.0,2.449489742783178
1111.0,2.449489742783178
1112.0,2.449489742783178
1113.0,2.449489742783178
1114.0,2.449489742783178
1115.0,2.449489742783178
1116.0,2.449489742783178
1117.0,2.449489742783178
1118.0,2.449489742783178
1119.0,2.449489742783178
1120.0,2.449489742783178
1121.0,2.449489742783178
1122.0,2.449489742783178
1123.0,2.449489742783178
1124.0,2.449489742783178
1125.0,2.449489742783178
1126.0,2.449489742783178
1127.0,2.449489742783178
1128.0,2.449489742783178
1129.0,2.449489742783178
1130.0,2.449489742783178
1131.0,2.449489742783178
1132.0,2.449489742783178
1133.0,2.449489742783178
1134.0,2.449489742783178
1135.0,2.449489742783178
1136.0,2.449489742783178
1137.0,2.449489742783178
1138.0,2.449489742783178
1139.0,2.449489742783178
1140.0,2.449489742783178
1141.0,2.449489742783178
1142.0,2.449489742783178
1143.0,2.449489742783178
1144.0,2.449489742783178
1145.0,2.449489742783178
1146.0,2.449489742783178
1147.0,2.449489742783178
1148.0,2.449489742783178
1149.0,2.449489742783178
1150.0,2.449489742783178
1151.0,2.449489742783178
1152.0,2.449489742783178
1153.0,2.449489742783178
1154.0,2.449489742783178
1155.0,2.449489742783178
1156.0,2.449489742783178
1157.0,2.449489742783178
1158.0,2.449489742783178
1159.0,2.449489742783178
1160.0,2.449489742783178
1161.0,2.449489742783178
1162.0,2.449489742783178
1163.0,2.449489742783178
1164.0,2.449489742783178
1165.0,2.449489742783178
1166.0,2.449489742783178
1167.0,2.449489742783178
1168.0,2.449489742783178
1169.0,2.449489742783178
1170.0,2.449489742783178
1171.0,2.449489742783178
1172.0,2.449489742783178
1173.0,2.449489742783178
1174.0,2.449489742783178
1175.0,2.449489742783178
1176.0,2.449489742783178
1177.0,2.449489742783178
1178.0,2.449489742783178
1179.0,2.449489742783178
1180.0,2.449489742783178
1181.0,2.449489742783178
1182.0,2.449489742783178
1183.0,2.449489742783178
1184.0,2.449489742783178
1185.0,2.449489742783178
1186.0,2.449489742783178
1187.0,2.449489742783178
1188.0,2.449489742783178
1189.0,2.449489742783178
1190.0,2.449489742783178
1191.0,2.449489742783178
1192.0,2.449489742783178
1193.0,2.449489742783178
1194.0,2.449489742783178
1195.0,2.449489742783178
1196.0,2.449489742783178
1197.0,2.449489742783178
1198.0,2.449489742783178
1199.0,2.449489742783178
1200.0,2.449489742783178
1201.0,2.449489742783178
1202.0,2.449489742783178
1203.0,2.449489742783178
1204.0,2.449489742783178
1205.0,2.449489742783178
1206.0,2.449489742783178
1207.0,2.449489742783178
1208.0,2.449489742783178
1209.0,2.449489742783178
1210.0,2.449489742783178
1211.0,2.449489742783178
1212.0,2.449489742783178
1213.0,2.449489742783178
1214.0,2.449489742783178
1215.0,2.449489742783178
1216.0,2.449489742783178
1217.0,2.449489742783178
1218.0,2.449489742783178
1219.0,2.449489742783178
1220.0,2.449489742783178
1221.0,2.449489742783178
1222.0,2.449489742783178
1223.0,2.449489742783178
1224.0,2.449489742783178
1225.0,2.449489742783178
1226.0,2.449489742783178
1227.0,2.449489742783178
1228.0,2.449489742783178
1229.0,2.449489742783178
1230.0,2.449489742783178
1231.0,2.449489742783178
1232.0,2.449489742783178
1233.0,2.449489742783178
1234.0,2.449489742783178
1235.0,2.449489742783178
1236.0,2.449489742783178
1237.0,2.449489742783178
1238.0,2.449489742783178
1239.0,2.449489742783178
1240.0,2.449489742783178
1241.0,2.449489742783178
1242.0,2.449489742783178
1243.0,2.449489742783178
1244.0,2.449489742783178
1245.0,2.449489742783178
1246.0,2.449489742783178
1247.0,2.449489742783178
1248.0,2.449489742783178
1249.0,2.449489742783178
1250.0,2.449489742783178
1251.0,2.449489742783178
1252.0,2.449489742783178
1253.0,2.449489742783178
1254.0,2.449489742783178
1255.0,2.449489742783178
1256.0,2.449489742783178
1257.0,2.449489742783178
1258.0,2.449489742783178
1259.0,2.449489742783178
1260.0,2.449489742783178
1261.0,2.449489742783178
1262.0,2.449489742783178
1263.0,2.449489742783178
1264.0,2.449489742783178
1265.0,2.449489742783178
1266.0,2.449489742783178
1267.0,2.449489742783178
1268.0,2.449489742783178
1269.0,2.449489742783178
1270.0,2.449489742783178
1271.0,2.449489742783178
1272.0,2.449489742783178
1273.0,2.449489742783178
1274.0,2.449489742783178
1275.0,2.449489742783178
1276.0,2.449489742783178
1277.0,2.449489742783178
1278.0,2.449489742783178
1279.0,2.449489742783178
1280.0,2.449489742783178
1281.0,2.449489742783178
1282.0,2.449489742783178
1283.0,2.449489742783178
1284.0,2.449489742783178
1285.0,2.449489742783178
1286.0,2.449489742783178
1287.0,2.449489742783178
1288.0,2.449489742783178
1289.0,2.449489742783178
1290.0,2.449489742783178
1291.0,2.449489742783178
1292.0,2.449489742783178
1293.0,2.449489742783178
1294.0,2.449489742783178
1295.0,2.449489742783178
1296.0,2.449489742783178
1297.0,2.449489742783178
1298.0,2.449489742783178
1299.0,2.449489742783178
1300.0,2.449489742783178
1301.0,2.449489742783178
1302.0,2.449489742783178
1303.0,2.449489742783178
1304.0,2.449489742783178
1305.0,2.449489742783178
1306.0,2.449489742783178
1307.0,2.449489742783178
1308.0,2.449489742783178
1309.0,2.449489742783178
1310.0,2.449489742783178
1311.0,2.449489742783178
1312.0,2.449489742783178
1313.0,2.449489742783178
1314.0,2.449489742783178
1315.0,2.449489742783178
1316.0,2.449489742783178
1317.0,2.449489742783178
1318.0,2.449489742783178
1319.0,2.449489742783178
1320.0,2.449489742783178
1321.0,2.449489742783178
1322.0,2.449489742783178
1323.0,2.449489742783178
1324.0,2.449489742783178
1325.0,2.449489742783178
1326.0,2.449489742783178
1327.0,2.449489742783178
1328.0,2.449489742783178
1329.0,2.449489742783178
1330.0,2.449489742783178
1331.0,2.449489742783178
1332.0,2.449489742783178
1333.0,2.449489742783178
1334.0,2.449489742783178
1335.0,2.449489742783178
1336.0,2.449489742783178
1337.0,2.449489742783178
1338.0,2.449489742783178
1339.0,2.449489742783178
1340.0,2.449489742783178
1341.0,2.449489742783178
1342.0,2.449489742783178
1343.0,2.449489742783178
1344.0,2.449489742783178
1345.0,2.449489742783178
1346.0,2.449489742783178
1347.0,2.449489742783178
1348.0,2.449489742783178
1349.0,2.449489742783178
1350.0,2.449489742783178
1351.0,2.449489742783178
1352.0,2.449489742783178
1353.0,2.449489742783178
1354.0,2.449489742783178
1355.0,2.449489742783178
1356.0,2.449489742783178
1357.0,2.449489742783178
1358.0,2.449489742783178
1359.0,2.449489742783178
1360.0,2.449489742783178
1361.0,2.449489742783178
1362.0,2.449489742783178
1363.0,2.449489742783178
1364.0,2.449489742783178
1365.0,2.449489742783178
1366.0,2.449489742783178
1367.0,2.449489742783178
1368.0,2.449489742783178
1369.0,2.449489742783178
1370.0,2.449489742783178
1371.0,2.449489742783178
1372.0,2.449489742783178
1373.0,2.449489742783178
1374.0,2.449489742783178
1375.0,2.449489742783178
1376.0,2.449489742783178
1377.0,2.449489742783178
1378.0,2.449489742783178
1379.0,2.449489742783178
1380.0,2.449489742783178
1381.0,2.449489742783178
1382.0,2.449489742783178
1383.0,2.449489742783178
1384.0,2.449489742783178
1385.0,2.449489742783178
1386.0,2.449489742783178
1387.0,2.449489742783178
1388.0,2.449489742783178
1389.0,2.449489742783178
1390.0,2.449489742783178
1391.0,2.449489742783178
1392.0,2.449489742783178
1393.0,2.449489742783178
1394.0,2.449489742783178
1395.0,2.449489742783178
1396.0,2.449489742783178
1397.0,2.449489742783178
1398.0,2.23606797749979
1399.0,2.23606797749979
1400.0,2.23606797749979
1401.0,2.23606797749979
1402.0,2.23606797749979
1403.0,2.23606797749979
1404.0,2.23606797749979
1405.0,2.23606797749979
1406.0,2.23606797749979
1407.0,2.23606797749979
1408.0,2.23606797749979
1409.0,2.23606797749979
1410.0,2.23606797749979
1411.0,2.23606797749979
1412.0,2.23606797749979
1413.0,2.23606797749979
1414.0,2.23606797749979
1415.0,2.23606797749979
1416.0,2.23606797749979
1417.0,2.23606797749979
1418.0,2.0
1419.0,2.0
1420.0,2.0
1421.0,2.0
1422.0,2.0
1423.0,2.0
1424.0,2.0
1425.0,2.0
1426.0,2.0
1427.0,2.0
1428.0,2.0
1429.0,2.0
1430.0,2.0
1431.0,2.0
1432.0,2.0
1433.0,2.0
1434.0,2.0
1435.0,2.0
1436.0,2.0
1437.0,2.0
1438.0,2.0
1439.0,2.0
1440.0,2.0
1441.0,2.0
1442.0,2.0
1443.0,2.0
1444.0,2.0
1445.0,2.0
1446.0,2.0
1447.0,2.0
1448.0,2.0
1449.0,2.0
1450.0,2.0
1451.0,2.0
1452.0,2.0
1453.0,2.0
1454.0,2.0
1455.0,2.0
1456.0,2.0
1457.0,2.0
1458.0,2.0
1459.0,2.0
1460.0,2.0
1461.0,2.0
1462.0,2.0
1463.0,2.0
1464.0,2.0
1465.0,2.0
1466.0,2.0
1467.0,2.0
1468.0,2.0
1469.0,2.0
1470.0,2.0
1471.0,2.0
1472.0,2.0
1473.0,2.0
1474.0,2.0
1475.0,2.0
1476.0,2.0
1477.0,2.0
1478.0,2.0
1479.0,2.0
1480.0,2.0
1481.0,2.0
1482.0,2.0
1483.0,2.0
1484.0,2.0
1485.0,2.0
1486.0,2.0
1487.0,2.0
1488.0,2.0
1489.0,2.0
1490.0,2.0
1491.0,2.0
1492.0,2.0
1493.0,2.0
1494.0,2.0
1495.0,2.0
1496.0,2.0
1497.0,2.0
1498.0,2.0
1499.0,2.0
1500.0,2.0
1501.0,2.0
1502.0,2.0
1503.0,2.0
1504.0,2.0
1505.0,2.0
1506.0,2.0
1507.0,2.0
1508.0,2.0
1509.0,2.0
1510.0,2.0
1511.0,2.0
1512.0,2.0
1513.0,2.0
1514.0,2.0
1515.0,2.0
1516.0,2.0
1517.0,2.0
1518.0,2.0
1519.0,2.0
1520.0,2.0
1521.0,2.0
1522.0,2.0
1523.0,2.0
1524.0,2.0
1525.0,2.0
1526.0,2.0
1527.0,2.0
1528.0,2.0
1529.0,2.0
1530.0,2.0
1531.0,2.0
1532.0,2.0
1533.0,2.0
1534.0,2.0
1535.0,2.0
1536.0,2.0
1537.0,2.0
1538.0,2.0
1539.0,2.0
1540.0,2.0
1541.0,2.0
1542.0,2.0
1543.0,2.0
1544.0,2.0
1545.0,2.0
1546.0,2.0
1547.0,2.0
1548.0,2.0
1549.0,2.0
1550.0,2.0
1551.0,2.0
1552.0,2.0
1553.0,2.0
1554.0,2.0
1555.0,2.0
1556.0,2.0
1557.0,2.0
1558.0,2.0
1559.0,2.0
1560.0,2.0
1561.0,2.0
1562.0,2.0
1563.0,2.0
1564.0,2.0
1565.0,2.0
1566.0,2.0
1567.0,2.0
1568.0,2.0
1569.0,2.0
1570.0,2.0
1571.0,2.0
1572.0,2.0
1573.0,2.0
1574.0,2.0
1575.0,2.0
1576.0,2.0
1577.0,2.0
1578.0,2.0
1579.0,2.0
1580.0,2.0
1581.0,2.0
1582.0,2.0
1583.0,2.0
1584.0,2.0
1585.0,2.0
1586.0,2.0
1587.0,2.0
1588.0,2.0
1589.0,2.0
1590.0,2.0
1591.0,2.0
1592.0,2.0
1593.0,2.0
1594.0,2.0
1595.0,2.0
1596.0,2.0
1597.0,2.0
1598.0,2.0
1599.0,2.0
1600.0,2.0
1601.0,2.0
1602.0,2.0
1603.0,2.0
1604.0,2.0
1605.0,2.0
1606.0,2.0
1607.0,2.0
1608.0,2.0
1609.0,2.0
1610.0,2.0
1611.0,2.0
1612.0,2.0
1613.0,2.0
1614.0,2.0
1615.0,2.0
1616.0,2.0
1617.0,2.0
1618.0,2.0
1619.0,2.0
1620.0,2.0
1621.0,2.0
1622.0,2.0
1623.0,2.0
1624.0,2.0
1625.0,2.0
1626.0,2.0
1627.0,2.0
1628.0,2.0
1629.0,2.0
1630.0,2.0
1631.0,2.0
1632.0,2.0
1633.0,2.0
1634.0,2.0
1635.0,2.0
1636.0,2.0
1637.0,2.0
1638.0,2.0
1639.0,2.0
1640.0,2.0
1641.0,2.0
1642.0,2.0
1643.0,2.0
1644.0,2.0
1645.0,2.0
1646.0,2.0
1647.0,2.0
1648.0,2.0
1649.0,2.0
1650.0,2.0
1651.0,2.0
1652.0,2.0
1653.0,2.0
1654.0,2.0
1655.0,2.0
1656.0,2.0
1657.0,2.0
1658.0,2.0
1659.0,2.0
1660.0,2.0
1661.0,2.0
1662.0,2.0
1663.0,2.0
1664.0,2.0
1665.0,2.0
1666.0,2.0
1667.0,2.0
1668.0,2.0
1669.0,2.0
1670.0,2.0
1671.0,2.0
1672.0,2.0
1673.0,2.0
1674.0,2.0
1675.0,2.0
1676.0,2.0
1677.0,2.0
1678.0,2.0
1679.0,2.0
1680.0,2.0
1681.0,2.0
1682.0,2.0
1683.0,2.0
1684.0,2.0
1685.0,2.0
1686.0,2.0
1687.0,2.0
1688.0,2.0
1689.0,2.0
1690.0,2.0
1691.0,2.0
1692.0,2.0
1693.0,2.0
1694.0,2.0
1695.0,2.0
1696.0,2.0
1697.0,2.0
1698.0,2.0
1699.0,2.0
1700.0,2.0
1701.0,2.0
1702.0,2.0
1703.0,2.0
1704.0,2.0
1705.0,2.0
1706.0,2.0
1707.0,2.0
1708.0,2.0
1709.0,2.0
1710.0,2.0
1711.0,2.0
1712.0,2.0
1713.0,2.0
1714.0,2.0
1715.0,2.0
1716.0,2.0
1717.0,2.0
1718.0,2.0
1719.0,2.0
1720.0,2.0
1721.0,2.0
1722.0,2.0
1723.0,2.0
1724.0,2.0
1725.0,2.0
1726.0,2.0
1727.0,2.0
1728.0,2.0
1729.0,2.0
1730.0,2.0
1731.0,2.0
1732.0,2.0
1733.0,2.0
1734.0,2.0
1735.0,2.0
1736.0,2.0
1737.0,2.0
1738.0,2.0
1739.0,2.0
1740.0,2.0
1741.0,2.0
1742.0,2.0
1743.0,2.0
1744.0,2.0
1745.0,2.0
1746.0,2.0
1747.0,2.0
1748.0,2.0
1749.0,2.0
1750.0,2.0
1751.0,2.0
1752.0,2.0
1753.0,2.0
1754.0,2.0
1755.0,2.0
1756.0,2.0
1757.0,2.0
1758.0,2.0
1759.0,2.0
1760.0,2.0
1761.0,2.0
1762.0,2.0
1763.0,2.0
1764.0,2.0
1765.0,2.0
1766.0,2.0
1767.0,2.0
1768.0,2.0
1769.0,2.0
1770.0,2.0
1771.0,2.0
1772.0,2.0
1773.0,2.0
1774.0,2.0
1775.0,2.0
1776.0,2.0
1777.0,2.0
1778.0,2.0
1779.0,2.0
1780.0,2.0
1781.0,2.0
1782.0,2.0
1783.0,2.0
1784.0,2.0
1785.0,2.0
1786.0,2.0
1787.0,2.0
1788.0,2.0
1789.0,2.0
1790.0,2.0
1791.0,2.0
1792.0,2.0
1793.0,2.0
1794.0,2.0
1795.0,2.0
1796.0,2.0
1797.0,2.0
1798.0,2.0
1799.0,2.0
1800.0,2.0
1801.0,2.0
1802.0,2.0
1803.0,2.0
1804.0,2.0
1805.0,2.0
1806.0,2.0
1807.0,2.0
1808.0,2.0
1809.0,2.0
1810.0,2.0
1811.0,2.0
1812.0,2.0
1813.0,2.0
1814.0,2.0
1815.0,2.0
1816.0,2.0
1817.0,2.0
1818.0,2.0
1819.0,2.0
1820.0,2.0
1821.0,2.0
1822.0,2.0
1823.0,2.0
1824.0,2.0
1825.0,2.0
1826.0,2.0
1827.0,2.0
1828.0,2.0
1829.0,2.0
1830.0,2.0
1831.0,2.0
1832.0,2.0
1833.0,2.0
1834.0,2.0
1835.0,2.0
1836.0,2.0
1837.0,2.0
1838.0,2.0
1839.0,2.0
1840.0,2.0
1841.0,2.0
1842.0,2.0
1843.0,2.0
1844.0,2.0
1845.0,2.0
1846.0,2.0
1847.0,2.0
1848.0,2.0
1849.0,2.0
1850.0,2.0
1851.0,2.0
1852.0,2.0
1853.0,2.0
1854.0,2.0
1855.0,2.0
1856.0,2.0
1857.0,2.0
1858.0,2.0
1859.0,2.0
1860.0,2.0
1861.0,2.0
1862.0,2.0
1863.0,2.0
1864.0,2.0
1865.0,2.0
1866.0,2.0
1867.0,2.0
1868.0,2.0
1869.0,2.0
1870.0,2.0
1871.0,2.0
1872.0,2.0
1873.0,2.0
1874.0,2.0
1875.0,2.0
1876.0,2.0
1877.0,2.0
1878.0,2.0
1879.0,2.0
1880.0,2.0
1881.0,2.0
1882.0,2.0
1883.0,2.0
1884.0,2.0
1885.0,2.0
1886.0,2.0
1887.0,2.0
1888.0,2.0
1889.0,2.0
1890.0,2.0
1891.0,2.0
1892.0,2.0
1893.0,2.0
1894.0,2.0
1895.0,2.0
1896.0,2.0
1897.0,2.0
1898.0,2.0
1899.0,2.0
1900.0,2.0
1901.0,2.0
1902.0,2.0
1903.0,2.0
1904.0,2.0
1905.0,2.0
1906.0,2.0
1907.0,2.0
1908.0,2.0
1909.0,2.0
1910.0,2.0
1911.0,2.0
1912.0,2.0
1913.0,2.0
1914.0,2.0
1915.0,2.0
1916.0,2.0
1917.0,2.0
1918.0,2.0
1919.0,2.0
1920.0,2.0
1921.0,2.0
1922.0,2.0
1923.0,2.0
1924.0,2.0
1925.0,2.0
1926.0,2.0
1927.0,2.0
1928.0,2.0
1929.0,2.0
1930.0,2.0
1931.0,2.0
1932.0,2.0
1933.0,2.0
1934.0,2.0
1935.0,2.0
1936.0,2.0
1937.0,2.0
1938.0,2.0
1939.0,2.0
1940.0,2.0
1941.0,2.0
1942.0,2.0
1943.0,2.0
1944.0,2.0
1945.0,2.0
1946.0,2.0
1947.0,2.0
1948.0,2.0
1949.0,2.0
1950.0,2.0
1951.0,2.0
1952.0,2.0
1953.0,2.0
1954.0,2.0
1955.0,2.0
1956.0,2.0
1957.0,2.0
1958.0,2.0
1959.0,2.0
1960.0,2.0
1961.0,2.0
1962.0,2.0
1963.0,2.0
1964.0,2.0
1965.0,2.0
1966.0,2.0
1967.0,2.0
1968.0,2.0
1969.0,2.0
1970.0,2.0
1971.0,2.0
1972.0,2.0
1973.0,2.0
1974.0,2.0
1975.0,2.0
1976.0,2.0
1977.0,2.0
1978.0,2.0
1979.0,2.0
1980.0,2.0
1981.0,2.0
1982.0,2.0
1983.0,2.0
1984.0,2.0
1985.0,2.0
1986.0,2.0
1987.0,2.0
1988.0,2.0
1989.0,2.0
1990.0,2.0
1991.0,2.0
1992.0,2.0
1993.0,2.0
1994.0,2.0
1995.0,2.0
1996.0,2.0
1997.0,2.0
1998.0,2.0
1999.0,2.0
2000.0,2.0
2001.0,2.0
