Iteration,Fitness
2.0,23.065125189341593
3.0,23.065125189341593
4.0,23.065125189341593
5.0,23.065125189341593
6.0,23.065125189341593
7.0,23.065125189341593
8.0,23.065125189341593
9.0,23.065125189341593
10.0,23.065125189341593
11.0,23.065125189341593
12.0,23.065125189341593
13.0,23.065125189341593
14.0,23.065125189341593
15.0,22.737634001804146
16.0,21.563858652847824
17.0,21.563858652847824
18.0,21.563858652847824
19.0,21.563858652847824
20.0,21.563858652847824
21.0,21.563858652847824
22.0,19.8997487421324
23.0,19.8997487421324
24.0,19.8997487421324
25.0,19.8997487421324
26.0,18.708286933869708
27.0,13.892443989449804
28.0,13.892443989449804
29.0,13.892443989449804
30.0,13.892443989449804
31.0,13.892443989449804
32.0,13.892443989449804
33.0,13.892443989449804
34.0,13.892443989449804
35.0,13.892443989449804
36.0,13.892443989449804
37.0,13.892443989449804
38.0,13.892443989449804
39.0,13.892443989449804
40.0,13.892443989449804
41.0,13.892443989449804
42.0,13.892443989449804
43.0,13.892443989449804
44.0,13.892443989449804
45.0,13.892443989449804
46.0,13.892443989449804
47.0,13.892443989449804
48.0,13.892443989449804
49.0,13.490737563232042
50.0,13.490737563232042
51.0,13.490737563232042
52.0,13.490737563232042
53.0,13.490737563232042
54.0,13.490737563232042
55.0,13.490737563232042
56.0,13.490737563232042
57.0,13.490737563232042
58.0,11.832159566199232
59.0,11.832159566199232
60.0,11.832159566199232
61.0,11.832159566199232
62.0,10.392304845413264
63.0,10.392304845413264
64.0,10.392304845413264
65.0,10.392304845413264
66.0,10.392304845413264
67.0,10.392304845413264
68.0,10.392304845413264
69.0,10.392304845413264
70.0,10.392304845413264
71.0,10.392304845413264
72.0,10.392304845413264
73.0,10.392304845413264
74.0,9.327379053088816
75.0,9.327379053088816
76.0,9.327379053088816
77.0,9.327379053088816
78.0,9.327379053088816
79.0,9.327379053088816
80.0,9.327379053088816
81.0,9.327379053088816
82.0,9.327379053088816
83.0,9.327379053088816
84.0,9.327379053088816
85.0,9.327379053088816
86.0,9.327379053088816
87.0,9.327379053088816
88.0,9.327379053088816
89.0,9.327379053088816
90.0,9.327379053088816
91.0,9.327379053088816
92.0,9.327379053088816
93.0,9.327379053088816
94.0,9.327379053088816
95.0,9.327379053088816
96.0,9.327379053088816
97.0,9.327379053088816
98.0,9.327379053088816
99.0,9.327379053088816
100.0,9.327379053088816
101.0,9.327379053088816
102.0,9.327379053088816
103.0,9.327379053088816
104.0,9.327379053088816
105.0,9.327379053088816
106.0,9.327379053088816
107.0,9.327379053088816
108.0,8.888194417315589
109.0,8.888194417315589
110.0,8.888194417315589
111.0,8.888194417315589
112.0,8.888194417315589
113.0,8.888194417315589
114.0,8.888194417315589
115.0,8.888194417315589
116.0,8.888194417315589
117.0,8.888194417315589
118.0,8.888194417315589
119.0,8.888194417315589
120.0,8.888194417315589
121.0,8.888194417315589
122.0,8.888194417315589
123.0,8.888194417315589
124.0,8.888194417315589
125.0,8.888194417315589
126.0,8.888194417315589
127.0,8.888194417315589
128.0,8.888194417315589
129.0,8.888194417315589
130.0,8.888194417315589
131.0,8.888194417315589
132.0,8.888194417315589
133.0,8.888194417315589
134.0,8.888194417315589
135.0,8.888194417315589
136.0,8.888194417315589
137.0,8.888194417315589
138.0,8.888194417315589
139.0,8.888194417315589
140.0,8.888194417315589
141.0,8.888194417315589
142.0,8.888194417315589
143.0,8.888194417315589
144.0,8.888194417315589
145.0,8.888194417315589
146.0,8.888194417315589
147.0,8.888194417315589
148.0,8.888194417315589
149.0,8.888194417315589
150.0,8.888194417315589
151.0,8.888194417315589
152.0,8.888194417315589
153.0,8.888194417315589
154.0,8.888194417315589
155.0,8.888194417315589
156.0,8.888194417315589
157.0,8.888194417315589
158.0,8.888194417315589
159.0,8.888194417315589
160.0,8.888194417315589
161.0,8.888194417315589
162.0,8.888194417315589
163.0,8.888194417315589
164.0,8.888194417315589
165.0,8.888194417315589
166.0,8.888194417315589
167.0,8.888194417315589
168.0,8.888194417315589
169.0,8.888194417315589
170.0,8.888194417315589
171.0,8.888194417315589
172.0,8.888194417315589
173.0,8.888194417315589
174.0,8.888194417315589
175.0,8.888194417315589
176.0,8.888194417315589
177.0,8.888194417315589
178.0,8.888194417315589
179.0,8.888194417315589
180.0,8.888194417315589
181.0,8.888194417315589
182.0,8.888194417315589
183.0,8.888194417315589
184.0,8.888194417315589
185.0,8.888194417315589
186.0,5.830951894845301
187.0,5.830951894845301
188.0,5.830951894845301
189.0,5.830951894845301
190.0,5.830951894845301
191.0,5.830951894845301
192.0,5.830951894845301
193.0,5.830951894845301
194.0,5.830951894845301
195.0,5.830951894845301
196.0,5.830951894845301
197.0,5.830951894845301
198.0,5.830951894845301
199.0,5.830951894845301
200.0,5.830951894845301
201.0,5.830951894845301
202.0,5.830951894845301
203.0,5.830951894845301
204.0,5.830951894845301
205.0,5.830951894845301
206.0,5.830951894845301
207.0,5.830951894845301
208.0,5.830951894845301
209.0,5.830951894845301
210.0,5.830951894845301
211.0,5.830951894845301
212.0,5.830951894845301
213.0,5.830951894845301
214.0,5.830951894845301
215.0,5.830951894845301
216.0,5.830951894845301
217.0,5.830951894845301
218.0,5.830951894845301
219.0,5.830951894845301
220.0,5.830951894845301
221.0,5.830951894845301
222.0,5.830951894845301
223.0,5.830951894845301
224.0,5.830951894845301
225.0,5.830951894845301
226.0,5.830951894845301
227.0,5.830951894845301
228.0,5.830951894845301
229.0,5.830951894845301
230.0,5.830951894845301
231.0,5.830951894845301
232.0,5.830951894845301
233.0,5.830951894845301
234.0,5.830951894845301
235.0,5.830951894845301
236.0,5.830951894845301
237.0,5.830951894845301
238.0,5.830951894845301
239.0,5.830951894845301
240.0,5.830951894845301
241.0,5.830951894845301
242.0,5.830951894845301
243.0,5.830951894845301
244.0,5.830951894845301
245.0,5.830951894845301
246.0,5.830951894845301
247.0,5.830951894845301
248.0,5.830951894845301
249.0,5.830951894845301
250.0,5.830951894845301
251.0,5.830951894845301
252.0,5.830951894845301
253.0,5.830951894845301
254.0,5.830951894845301
255.0,5.830951894845301
256.0,5.830951894845301
257.0,5.830951894845301
258.0,5.830951894845301
259.0,5.830951894845301
260.0,5.830951894845301
261.0,5.830951894845301
262.0,5.830951894845301
263.0,5.830951894845301
264.0,5.830951894845301
265.0,5.830951894845301
266.0,5.830951894845301
267.0,5.830951894845301
268.0,5.830951894845301
269.0,5.830951894845301
270.0,5.830951894845301
271.0,5.830951894845301
272.0,5.830951894845301
273.0,5.830951894845301
274.0,5.830951894845301
275.0,5.830951894845301
276.0,5.830951894845301
277.0,5.830951894845301
278.0,5.830951894845301
279.0,5.830951894845301
280.0,5.830951894845301
281.0,5.830951894845301
282.0,5.830951894845301
283.0,5.830951894845301
284.0,5.830951894845301
285.0,5.830951894845301
286.0,5.830951894845301
287.0,5.830951894845301
288.0,5.830951894845301
289.0,5.830951894845301
290.0,5.830951894845301
291.0,5.830951894845301
292.0,5.830951894845301
293.0,5.830951894845301
294.0,5.830951894845301
295.0,5.830951894845301
296.0,5.830951894845301
297.0,5.830951894845301
298.0,5.830951894845301
299.0,5.830951894845301
300.0,5.830951894845301
301.0,5.830951894845301
302.0,5.830951894845301
303.0,5.830951894845301
304.0,5.830951894845301
305.0,5.830951894845301
306.0,5.830951894845301
307.0,5.830951894845301
308.0,5.830951894845301
309.0,5.830951894845301
310.0,5.830951894845301
311.0,5.830951894845301
312.0,5.830951894845301
313.0,5.830951894845301
314.0,5.830951894845301
315.0,5.830951894845301
316.0,5.830951894845301
317.0,5.830951894845301
318.0,5.830951894845301
319.0,5.830951894845301
320.0,5.830951894845301
321.0,5.830951894845301
322.0,5.830951894845301
323.0,5.830951894845301
324.0,5.830951894845301
325.0,5.830951894845301
326.0,5.830951894845301
327.0,5.830951894845301
328.0,5.830951894845301
329.0,5.830951894845301
330.0,5.830951894845301
331.0,5.830951894845301
332.0,5.830951894845301
333.0,5.830951894845301
334.0,5.830951894845301
335.0,5.830951894845301
336.0,5.830951894845301
337.0,5.830951894845301
338.0,5.830951894845301
339.0,5.830951894845301
340.0,5.830951894845301
341.0,5.830951894845301
342.0,5.830951894845301
343.0,5.830951894845301
344.0,5.830951894845301
345.0,5.830951894845301
346.0,5.830951894845301
347.0,5.830951894845301
348.0,5.830951894845301
349.0,5.830951894845301
350.0,5.830951894845301
351.0,5.830951894845301
352.0,5.830951894845301
353.0,5.830951894845301
354.0,5.830951894845301
355.0,5.830951894845301
356.0,5.830951894845301
357.0,5.830951894845301
358.0,5.830951894845301
359.0,5.830951894845301
360.0,5.830951894845301
361.0,5.830951894845301
362.0,5.830951894845301
363.0,5.830951894845301
364.0,5.830951894845301
365.0,5.830951894845301
366.0,5.830951894845301
367.0,5.830951894845301
368.0,5.830951894845301
369.0,5.830951894845301
370.0,5.830951894845301
371.0,5.830951894845301
372.0,5.830951894845301
373.0,5.830951894845301
374.0,5.830951894845301
375.0,5.830951894845301
376.0,5.830951894845301
377.0,4.69041575982343
378.0,4.69041575982343
379.0,4.69041575982343
380.0,4.69041575982343
381.0,4.69041575982343
382.0,4.69041575982343
383.0,4.69041575982343
384.0,4.69041575982343
385.0,4.69041575982343
386.0,4.69041575982343
387.0,4.69041575982343
388.0,4.69041575982343
389.0,4.69041575982343
390.0,4.69041575982343
391.0,4.69041575982343
392.0,4.69041575982343
393.0,4.69041575982343
394.0,4.69041575982343
395.0,4.69041575982343
396.0,4.69041575982343
397.0,4.69041575982343
398.0,4.69041575982343
399.0,4.69041575982343
400.0,4.69041575982343
401.0,4.69041575982343
402.0,4.69041575982343
403.0,4.69041575982343
404.0,4.69041575982343
405.0,4.69041575982343
406.0,4.69041575982343
407.0,4.69041575982343
408.0,4.69041575982343
409.0,4.69041575982343
410.0,4.69041575982343
411.0,4.69041575982343
412.0,4.69041575982343
413.0,4.69041575982343
414.0,4.69041575982343
415.0,3.872983346207417
416.0,3.872983346207417
417.0,3.872983346207417
418.0,3.872983346207417
419.0,3.872983346207417
420.0,3.872983346207417
421.0,3.872983346207417
422.0,3.872983346207417
423.0,3.872983346207417
424.0,3.872983346207417
425.0,3.872983346207417
426.0,3.872983346207417
427.0,3.872983346207417
428.0,3.872983346207417
429.0,3.872983346207417
430.0,3.872983346207417
431.0,3.872983346207417
432.0,3.872983346207417
433.0,3.872983346207417
434.0,3.872983346207417
435.0,3.872983346207417
436.0,3.872983346207417
437.0,3.872983346207417
438.0,3.872983346207417
439.0,3.872983346207417
440.0,3.872983346207417
441.0,3.872983346207417
442.0,3.872983346207417
443.0,3.872983346207417
444.0,3.872983346207417
445.0,3.872983346207417
446.0,3.872983346207417
447.0,3.872983346207417
448.0,3.872983346207417
449.0,3.872983346207417
450.0,3.872983346207417
451.0,3.872983346207417
452.0,3.872983346207417
453.0,3.872983346207417
454.0,3.872983346207417
455.0,3.872983346207417
456.0,3.872983346207417
457.0,3.872983346207417
458.0,3.872983346207417
459.0,3.872983346207417
460.0,3.872983346207417
461.0,3.872983346207417
462.0,3.872983346207417
463.0,3.872983346207417
464.0,3.872983346207417
465.0,3.872983346207417
466.0,3.872983346207417
467.0,3.872983346207417
468.0,3.872983346207417
469.0,3.872983346207417
470.0,3.872983346207417
471.0,3.872983346207417
472.0,3.872983346207417
473.0,3.872983346207417
474.0,3.872983346207417
475.0,3.872983346207417
476.0,3.872983346207417
477.0,3.872983346207417
478.0,3.872983346207417
479.0,3.872983346207417
480.0,3.872983346207417
481.0,3.872983346207417
482.0,3.872983346207417
483.0,3.872983346207417
484.0,3.872983346207417
485.0,3.872983346207417
486.0,3.872983346207417
487.0,3.872983346207417
488.0,3.872983346207417
489.0,3.872983346207417
490.0,3.872983346207417
491.0,3.872983346207417
492.0,3.872983346207417
493.0,3.872983346207417
494.0,3.872983346207417
495.0,3.872983346207417
496.0,3.872983346207417
497.0,3.872983346207417
498.0,3.872983346207417
499.0,3.872983346207417
500.0,3.872983346207417
501.0,3.872983346207417
502.0,3.872983346207417
503.0,3.872983346207417
504.0,3.872983346207417
505.0,3.872983346207417
506.0,3.872983346207417
507.0,3.872983346207417
508.0,3.872983346207417
509.0,3.872983346207417
510.0,3.872983346207417
511.0,3.872983346207417
512.0,3.872983346207417
513.0,3.872983346207417
514.0,3.872983346207417
515.0,3.872983346207417
516.0,3.872983346207417
517.0,3.872983346207417
518.0,3.872983346207417
519.0,3.872983346207417
520.0,3.872983346207417
521.0,3.872983346207417
522.0,3.872983346207417
523.0,3.872983346207417
524.0,3.872983346207417
525.0,3.872983346207417
526.0,3.872983346207417
527.0,3.872983346207417
528.0,3.872983346207417
529.0,3.872983346207417
530.0,3.872983346207417
531.0,3.872983346207417
532.0,3.872983346207417
533.0,3.872983346207417
534.0,3.872983346207417
535.0,3.872983346207417
536.0,3.872983346207417
537.0,3.872983346207417
538.0,3.872983346207417
539.0,3.872983346207417
540.0,3.872983346207417
541.0,3.872983346207417
542.0,3.3166247903554
543.0,3.3166247903554
544.0,3.3166247903554
545.0,3.3166247903554
546.0,3.3166247903554
547.0,3.3166247903554
548.0,3.3166247903554
549.0,3.3166247903554
550.0,3.3166247903554
551.0,3.3166247903554
552.0,3.3166247903554
553.0,3.3166247903554
554.0,3.3166247903554
555.0,3.3166247903554
556.0,3.3166247903554
557.0,3.3166247903554
558.0,3.3166247903554
559.0,3.3166247903554
560.0,3.3166247903554
561.0,3.3166247903554
562.0,3.3166247903554
563.0,3.3166247903554
564.0,3.3166247903554
565.0,3.3166247903554
566.0,3.3166247903554
567.0,3.3166247903554
568.0,3.3166247903554
569.0,3.3166247903554
570.0,3.3166247903554
571.0,3.3166247903554
572.0,3.3166247903554
573.0,3.3166247903554
574.0,3.3166247903554
575.0,3.3166247903554
576.0,3.3166247903554
577.0,3.3166247903554
578.0,3.3166247903554
579.0,3.3166247903554
580.0,3.3166247903554
581.0,3.3166247903554
582.0,3.3166247903554
583.0,3.3166247903554
584.0,3.3166247903554
585.0,3.3166247903554
586.0,3.3166247903554
587.0,3.3166247903554
588.0,3.3166247903554
589.0,3.3166247903554
590.0,3.3166247903554
591.0,3.3166247903554
592.0,3.3166247903554
593.0,3.3166247903554
594.0,3.3166247903554
595.0,3.3166247903554
596.0,3.3166247903554
597.0,3.3166247903554
598.0,3.3166247903554
599.0,3.3166247903554
600.0,3.3166247903554
601.0,3.3166247903554
602.0,3.3166247903554
603.0,3.3166247903554
604.0,3.3166247903554
605.0,3.3166247903554
606.0,3.3166247903554
607.0,3.3166247903554
608.0,3.3166247903554
609.0,3.3166247903554
610.0,3.3166247903554
611.0,3.3166247903554
612.0,3.3166247903554
613.0,3.3166247903554
614.0,3.3166247903554
615.0,3.3166247903554
616.0,3.3166247903554
617.0,3.3166247903554
618.0,3.3166247903554
619.0,3.3166247903554
620.0,3.3166247903554
621.0,3.3166247903554
622.0,3.3166247903554
623.0,3.3166247903554
624.0,3.3166247903554
625.0,3.3166247903554
626.0,3.3166247903554
627.0,3.3166247903554
628.0,3.3166247903554
629.0,3.3166247903554
630.0,3.3166247903554
631.0,3.3166247903554
632.0,3.3166247903554
633.0,3.3166247903554
634.0,3.3166247903554
635.0,3.3166247903554
636.0,3.3166247903554
637.0,3.3166247903554
638.0,3.3166247903554
639.0,3.3166247903554
640.0,3.3166247903554
641.0,3.3166247903554
642.0,3.3166247903554
643.0,3.3166247903554
644.0,3.3166247903554
645.0,3.3166247903554
646.0,3.3166247903554
647.0,3.3166247903554
648.0,3.3166247903554
649.0,3.3166247903554
650.0,3.3166247903554
651.0,3.3166247903554
652.0,3.3166247903554
653.0,3.3166247903554
654.0,3.3166247903554
655.0,3.3166247903554
656.0,3.3166247903554
657.0,3.3166247903554
658.0,3.3166247903554
659.0,3.3166247903554
660.0,3.3166247903554
661.0,3.3166247903554
662.0,3.3166247903554
663.0,3.3166247903554
664.0,3.3166247903554
665.0,3.3166247903554
666.0,3.3166247903554
667.0,3.3166247903554
668.0,3.3166247903554
669.0,3.3166247903554
670.0,3.3166247903554
671.0,3.3166247903554
672.0,3.3166247903554
673.0,3.3166247903554
674.0,3.3166247903554
675.0,3.3166247903554
676.0,3.3166247903554
677.0,3.3166247903554
678.0,3.3166247903554
679.0,3.3166247903554
680.0,3.3166247903554
681.0,3.3166247903554
682.0,3.3166247903554
683.0,3.3166247903554
684.0,3.3166247903554
685.0,3.3166247903554
686.0,3.3166247903554
687.0,3.3166247903554
688.0,3.3166247903554
689.0,3.3166247903554
690.0,3.3166247903554
691.0,3.3166247903554
692.0,3.3166247903554
693.0,3.3166247903554
694.0,3.3166247903554
695.0,3.3166247903554
696.0,3.3166247903554
697.0,3.3166247903554
698.0,3.3166247903554
699.0,3.3166247903554
700.0,3.3166247903554
701.0,3.3166247903554
702.0,3.3166247903554
703.0,3.3166247903554
704.0,3.3166247903554
705.0,3.3166247903554
706.0,3.3166247903554
707.0,3.3166247903554
708.0,2.6457513110645907
709.0,2.6457513110645907
710.0,2.6457513110645907
711.0,2.6457513110645907
712.0,2.6457513110645907
713.0,2.6457513110645907
714.0,2.6457513110645907
715.0,2.6457513110645907
716.0,2.6457513110645907
717.0,2.6457513110645907
718.0,2.6457513110645907
719.0,2.6457513110645907
720.0,2.6457513110645907
721.0,2.6457513110645907
722.0,2.6457513110645907
723.0,2.6457513110645907
724.0,2.6457513110645907
725.0,2.6457513110645907
726.0,2.6457513110645907
727.0,2.6457513110645907
728.0,2.6457513110645907
729.0,2.6457513110645907
730.0,2.6457513110645907
731.0,2.6457513110645907
732.0,2.6457513110645907
733.0,2.6457513110645907
734.0,2.6457513110645907
735.0,2.6457513110645907
736.0,2.6457513110645907
737.0,2.6457513110645907
738.0,2.6457513110645907
739.0,2.6457513110645907
740.0,2.6457513110645907
741.0,2.6457513110645907
742.0,2.6457513110645907
743.0,2.6457513110645907
744.0,2.6457513110645907
745.0,2.6457513110645907
746.0,2.6457513110645907
747.0,2.6457513110645907
748.0,2.6457513110645907
749.0,2.6457513110645907
750.0,2.6457513110645907
751.0,2.6457513110645907
752.0,2.6457513110645907
753.0,2.6457513110645907
754.0,2.6457513110645907
755.0,2.6457513110645907
756.0,2.6457513110645907
757.0,2.6457513110645907
758.0,2.6457513110645907
759.0,2.6457513110645907
760.0,2.6457513110645907
761.0,2.6457513110645907
762.0,2.6457513110645907
763.0,2.6457513110645907
764.0,2.6457513110645907
765.0,2.6457513110645907
766.0,2.6457513110645907
767.0,2.6457513110645907
768.0,2.6457513110645907
769.0,2.6457513110645907
770.0,2.6457513110645907
771.0,2.6457513110645907
772.0,2.6457513110645907
773.0,2.6457513110645907
774.0,2.6457513110645907
775.0,2.6457513110645907
776.0,2.6457513110645907
777.0,2.6457513110645907
778.0,2.6457513110645907
779.0,2.6457513110645907
780.0,2.6457513110645907
781.0,2.6457513110645907
782.0,2.6457513110645907
783.0,2.6457513110645907
784.0,2.6457513110645907
785.0,2.6457513110645907
786.0,2.6457513110645907
787.0,2.6457513110645907
788.0,2.6457513110645907
789.0,2.6457513110645907
790.0,2.6457513110645907
791.0,2.6457513110645907
792.0,2.6457513110645907
793.0,2.6457513110645907
794.0,2.6457513110645907
795.0,2.6457513110645907
796.0,2.6457513110645907
797.0,2.6457513110645907
798.0,2.6457513110645907
799.0,2.6457513110645907
800.0,2.6457513110645907
801.0,2.6457513110645907
802.0,2.6457513110645907
803.0,2.6457513110645907
804.0,2.6457513110645907
805.0,2.6457513110645907
806.0,2.6457513110645907
807.0,2.6457513110645907
808.0,2.6457513110645907
809.0,2.6457513110645907
810.0,2.6457513110645907
811.0,2.6457513110645907
812.0,2.6457513110645907
813.0,2.6457513110645907
814.0,2.6457513110645907
815.0,2.6457513110645907
816.0,2.6457513110645907
817.0,2.6457513110645907
818.0,2.6457513110645907
819.0,2.6457513110645907
820.0,2.6457513110645907
821.0,2.6457513110645907
822.0,2.6457513110645907
823.0,2.6457513110645907
824.0,2.6457513110645907
825.0,2.6457513110645907
826.0,2.6457513110645907
827.0,2.6457513110645907
828.0,2.6457513110645907
829.0,2.6457513110645907
830.0,2.6457513110645907
831.0,2.6457513110645907
832.0,2.6457513110645907
833.0,2.6457513110645907
834.0,2.6457513110645907
835.0,2.6457513110645907
836.0,2.6457513110645907
837.0,2.6457513110645907
838.0,2.6457513110645907
839.0,2.6457513110645907
840.0,2.6457513110645907
841.0,2.6457513110645907
842.0,2.6457513110645907
843.0,2.6457513110645907
844.0,2.6457513110645907
845.0,2.6457513110645907
846.0,2.6457513110645907
847.0,2.6457513110645907
848.0,2.6457513110645907
849.0,2.6457513110645907
850.0,2.6457513110645907
851.0,2.6457513110645907
852.0,2.6457513110645907
853.0,2.6457513110645907
854.0,2.6457513110645907
855.0,2.6457513110645907
856.0,2.6457513110645907
857.0,2.6457513110645907
858.0,2.6457513110645907
859.0,2.6457513110645907
860.0,2.6457513110645907
861.0,2.6457513110645907
862.0,2.6457513110645907
863.0,2.6457513110645907
864.0,2.6457513110645907
865.0,2.6457513110645907
866.0,2.6457513110645907
867.0,2.6457513110645907
868.0,2.6457513110645907
869.0,2.6457513110645907
870.0,2.6457513110645907
871.0,2.6457513110645907
872.0,2.6457513110645907
873.0,2.6457513110645907
874.0,2.6457513110645907
875.0,2.6457513110645907
876.0,2.6457513110645907
877.0,2.6457513110645907
878.0,2.6457513110645907
879.0,2.6457513110645907
880.0,2.6457513110645907
881.0,2.6457513110645907
882.0,2.6457513110645907
883.0,2.6457513110645907
884.0,2.6457513110645907
885.0,2.6457513110645907
886.0,2.6457513110645907
887.0,2.6457513110645907
888.0,2.6457513110645907
889.0,2.6457513110645907
890.0,2.6457513110645907
891.0,2.6457513110645907
892.0,2.6457513110645907
893.0,2.6457513110645907
894.0,2.6457513110645907
895.0,2.6457513110645907
896.0,2.6457513110645907
897.0,2.6457513110645907
898.0,2.6457513110645907
899.0,2.6457513110645907
900.0,2.6457513110645907
901.0,2.6457513110645907
902.0,2.6457513110645907
903.0,2.6457513110645907
904.0,2.6457513110645907
905.0,2.6457513110645907
906.0,2.6457513110645907
907.0,2.6457513110645907
908.0,2.6457513110645907
909.0,2.6457513110645907
910.0,2.6457513110645907
911.0,2.6457513110645907
912.0,2.6457513110645907
913.0,2.6457513110645907
914.0,2.6457513110645907
915.0,2.6457513110645907
916.0,2.6457513110645907
917.0,2.6457513110645907
918.0,2.6457513110645907
919.0,2.6457513110645907
920.0,2.6457513110645907
921.0,2.6457513110645907
922.0,2.6457513110645907
923.0,2.6457513110645907
924.0,2.6457513110645907
925.0,2.6457513110645907
926.0,2.6457513110645907
927.0,2.6457513110645907
928.0,2.6457513110645907
929.0,2.6457513110645907
930.0,2.6457513110645907
931.0,2.6457513110645907
932.0,2.6457513110645907
933.0,2.6457513110645907
934.0,2.6457513110645907
935.0,2.6457513110645907
936.0,2.6457513110645907
937.0,2.6457513110645907
938.0,2.6457513110645907
939.0,2.6457513110645907
940.0,2.6457513110645907
941.0,2.6457513110645907
942.0,2.6457513110645907
943.0,2.6457513110645907
944.0,2.6457513110645907
945.0,2.6457513110645907
946.0,2.6457513110645907
947.0,2.6457513110645907
948.0,2.6457513110645907
949.0,2.6457513110645907
950.0,2.6457513110645907
951.0,2.6457513110645907
952.0,2.6457513110645907
953.0,2.6457513110645907
954.0,2.6457513110645907
955.0,2.6457513110645907
956.0,2.6457513110645907
957.0,2.6457513110645907
958.0,2.6457513110645907
959.0,2.6457513110645907
960.0,2.6457513110645907
961.0,2.6457513110645907
962.0,2.6457513110645907
963.0,2.6457513110645907
964.0,2.6457513110645907
965.0,2.6457513110645907
966.0,2.6457513110645907
967.0,2.6457513110645907
968.0,2.6457513110645907
969.0,2.6457513110645907
970.0,2.6457513110645907
971.0,2.6457513110645907
972.0,2.6457513110645907
973.0,2.6457513110645907
974.0,2.6457513110645907
975.0,2.6457513110645907
976.0,2.6457513110645907
977.0,2.6457513110645907
978.0,2.6457513110645907
979.0,2.6457513110645907
980.0,2.6457513110645907
981.0,2.6457513110645907
982.0,2.6457513110645907
983.0,2.6457513110645907
984.0,2.6457513110645907
985.0,2.6457513110645907
986.0,2.6457513110645907
987.0,2.6457513110645907
988.0,2.6457513110645907
989.0,2.6457513110645907
990.0,2.6457513110645907
991.0,2.6457513110645907
992.0,2.6457513110645907
993.0,2.6457513110645907
994.0,2.6457513110645907
995.0,2.6457513110645907
996.0,2.6457513110645907
997.0,2.6457513110645907
998.0,2.6457513110645907
999.0,2.6457513110645907
1000.0,2.6457513110645907
1001.0,2.6457513110645907
1002.0,2.6457513110645907
1003.0,2.6457513110645907
1004.0,2.6457513110645907
1005.0,2.6457513110645907
1006.0,2.6457513110645907
1007.0,2.6457513110645907
1008.0,2.6457513110645907
1009.0,2.6457513110645907
1010.0,2.6457513110645907
1011.0,2.6457513110645907
1012.0,2.6457513110645907
1013.0,2.6457513110645907
1014.0,2.6457513110645907
1015.0,2.6457513110645907
1016.0,2.6457513110645907
1017.0,2.6457513110645907
1018.0,2.6457513110645907
1019.0,2.6457513110645907
1020.0,2.6457513110645907
1021.0,2.6457513110645907
1022.0,2.6457513110645907
1023.0,2.6457513110645907
1024.0,2.6457513110645907
1025.0,2.6457513110645907
1026.0,2.6457513110645907
1027.0,2.6457513110645907
1028.0,2.6457513110645907
1029.0,2.6457513110645907
1030.0,2.6457513110645907
1031.0,2.6457513110645907
1032.0,2.6457513110645907
1033.0,2.6457513110645907
1034.0,2.6457513110645907
1035.0,2.6457513110645907
1036.0,2.6457513110645907
1037.0,2.6457513110645907
1038.0,2.6457513110645907
1039.0,2.6457513110645907
1040.0,2.6457513110645907
1041.0,2.6457513110645907
1042.0,2.6457513110645907
1043.0,2.6457513110645907
1044.0,2.6457513110645907
1045.0,2.6457513110645907
1046.0,2.6457513110645907
1047.0,2.6457513110645907
1048.0,2.6457513110645907
1049.0,2.6457513110645907
1050.0,2.6457513110645907
1051.0,2.6457513110645907
1052.0,2.6457513110645907
1053.0,2.6457513110645907
1054.0,2.6457513110645907
1055.0,2.6457513110645907
1056.0,2.6457513110645907
1057.0,2.6457513110645907
1058.0,2.6457513110645907
1059.0,2.6457513110645907
1060.0,2.6457513110645907
1061.0,2.6457513110645907
1062.0,2.6457513110645907
1063.0,2.6457513110645907
1064.0,2.6457513110645907
1065.0,2.6457513110645907
1066.0,2.6457513110645907
1067.0,2.6457513110645907
1068.0,2.6457513110645907
1069.0,2.6457513110645907
1070.0,2.6457513110645907
1071.0,2.6457513110645907
1072.0,2.6457513110645907
1073.0,2.6457513110645907
1074.0,2.6457513110645907
1075.0,2.6457513110645907
1076.0,2.6457513110645907
1077.0,2.6457513110645907
1078.0,2.6457513110645907
1079.0,2.6457513110645907
1080.0,2.6457513110645907
1081.0,2.6457513110645907
1082.0,2.6457513110645907
1083.0,2.6457513110645907
1084.0,2.6457513110645907
1085.0,2.6457513110645907
1086.0,2.6457513110645907
1087.0,2.6457513110645907
1088.0,2.6457513110645907
1089.0,2.6457513110645907
1090.0,2.6457513110645907
1091.0,2.6457513110645907
1092.0,2.6457513110645907
1093.0,2.6457513110645907
1094.0,2.6457513110645907
1095.0,2.6457513110645907
1096.0,2.6457513110645907
1097.0,2.6457513110645907
1098.0,2.6457513110645907
1099.0,2.6457513110645907
1100.0,2.6457513110645907
1101.0,2.6457513110645907
1102.0,2.6457513110645907
1103.0,2.6457513110645907
1104.0,2.6457513110645907
1105.0,2.6457513110645907
1106.0,2.6457513110645907
1107.0,2.6457513110645907
1108.0,2.6457513110645907
1109.0,2.6457513110645907
1110.0,2.6457513110645907
1111.0,2.6457513110645907
1112.0,2.6457513110645907
1113.0,2.6457513110645907
1114.0,2.6457513110645907
1115.0,2.6457513110645907
1116.0,2.6457513110645907
1117.0,2.6457513110645907
1118.0,2.6457513110645907
1119.0,2.6457513110645907
1120.0,2.6457513110645907
1121.0,2.6457513110645907
1122.0,2.6457513110645907
1123.0,2.6457513110645907
1124.0,2.6457513110645907
1125.0,2.6457513110645907
1126.0,2.6457513110645907
1127.0,2.6457513110645907
1128.0,2.6457513110645907
1129.0,2.6457513110645907
1130.0,2.6457513110645907
1131.0,2.6457513110645907
1132.0,2.6457513110645907
1133.0,2.6457513110645907
1134.0,2.6457513110645907
1135.0,2.6457513110645907
1136.0,2.6457513110645907
1137.0,2.6457513110645907
1138.0,2.6457513110645907
1139.0,2.6457513110645907
1140.0,2.6457513110645907
1141.0,2.6457513110645907
1142.0,2.6457513110645907
1143.0,2.6457513110645907
1144.0,2.6457513110645907
1145.0,2.6457513110645907
1146.0,2.6457513110645907
1147.0,2.6457513110645907
1148.0,2.6457513110645907
1149.0,2.6457513110645907
1150.0,2.6457513110645907
1151.0,2.6457513110645907
1152.0,2.6457513110645907
1153.0,2.6457513110645907
1154.0,2.6457513110645907
1155.0,2.6457513110645907
1156.0,2.6457513110645907
1157.0,2.6457513110645907
1158.0,2.6457513110645907
1159.0,2.6457513110645907
1160.0,2.6457513110645907
1161.0,2.6457513110645907
1162.0,2.6457513110645907
1163.0,2.6457513110645907
1164.0,2.6457513110645907
1165.0,2.6457513110645907
1166.0,2.6457513110645907
1167.0,2.6457513110645907
1168.0,2.6457513110645907
1169.0,2.6457513110645907
1170.0,2.6457513110645907
1171.0,2.6457513110645907
1172.0,2.6457513110645907
1173.0,2.6457513110645907
1174.0,2.6457513110645907
1175.0,2.6457513110645907
1176.0,2.6457513110645907
1177.0,2.6457513110645907
1178.0,2.6457513110645907
1179.0,2.6457513110645907
1180.0,2.6457513110645907
1181.0,2.6457513110645907
1182.0,2.6457513110645907
1183.0,2.6457513110645907
1184.0,2.6457513110645907
1185.0,2.6457513110645907
1186.0,2.6457513110645907
1187.0,2.6457513110645907
1188.0,2.6457513110645907
1189.0,2.6457513110645907
1190.0,2.6457513110645907
1191.0,2.6457513110645907
1192.0,2.6457513110645907
1193.0,2.6457513110645907
1194.0,2.6457513110645907
1195.0,2.6457513110645907
1196.0,2.6457513110645907
1197.0,2.6457513110645907
1198.0,2.6457513110645907
1199.0,2.6457513110645907
1200.0,2.6457513110645907
1201.0,2.6457513110645907
1202.0,2.6457513110645907
1203.0,2.6457513110645907
1204.0,2.6457513110645907
1205.0,2.6457513110645907
1206.0,2.6457513110645907
1207.0,2.6457513110645907
1208.0,2.6457513110645907
1209.0,2.6457513110645907
1210.0,2.6457513110645907
1211.0,2.6457513110645907
1212.0,2.6457513110645907
1213.0,2.6457513110645907
1214.0,2.6457513110645907
1215.0,2.6457513110645907
1216.0,2.6457513110645907
1217.0,2.6457513110645907
1218.0,2.6457513110645907
1219.0,2.6457513110645907
1220.0,2.6457513110645907
1221.0,2.6457513110645907
1222.0,2.6457513110645907
1223.0,2.6457513110645907
1224.0,2.6457513110645907
1225.0,2.6457513110645907
1226.0,2.6457513110645907
1227.0,2.6457513110645907
1228.0,2.6457513110645907
1229.0,2.6457513110645907
1230.0,2.6457513110645907
1231.0,2.6457513110645907
1232.0,2.6457513110645907
1233.0,2.6457513110645907
1234.0,2.6457513110645907
1235.0,2.6457513110645907
1236.0,2.6457513110645907
1237.0,2.6457513110645907
1238.0,2.6457513110645907
1239.0,2.6457513110645907
1240.0,2.6457513110645907
1241.0,2.6457513110645907
1242.0,2.6457513110645907
1243.0,2.6457513110645907
1244.0,2.6457513110645907
1245.0,2.6457513110645907
1246.0,2.6457513110645907
1247.0,2.6457513110645907
1248.0,2.6457513110645907
1249.0,2.6457513110645907
1250.0,2.6457513110645907
1251.0,2.6457513110645907
1252.0,2.6457513110645907
1253.0,2.6457513110645907
1254.0,2.6457513110645907
1255.0,2.6457513110645907
1256.0,2.6457513110645907
1257.0,2.6457513110645907
1258.0,2.6457513110645907
1259.0,2.6457513110645907
1260.0,2.6457513110645907
1261.0,2.6457513110645907
1262.0,2.6457513110645907
1263.0,2.6457513110645907
1264.0,2.6457513110645907
1265.0,2.6457513110645907
1266.0,2.6457513110645907
1267.0,2.6457513110645907
1268.0,2.6457513110645907
1269.0,2.6457513110645907
1270.0,2.6457513110645907
1271.0,2.6457513110645907
1272.0,2.6457513110645907
1273.0,2.6457513110645907
1274.0,2.6457513110645907
1275.0,2.6457513110645907
1276.0,2.6457513110645907
1277.0,2.6457513110645907
1278.0,2.6457513110645907
1279.0,2.6457513110645907
1280.0,2.6457513110645907
1281.0,2.6457513110645907
1282.0,2.6457513110645907
1283.0,2.6457513110645907
1284.0,2.6457513110645907
1285.0,2.6457513110645907
1286.0,2.6457513110645907
1287.0,2.6457513110645907
1288.0,2.6457513110645907
1289.0,2.6457513110645907
1290.0,2.6457513110645907
1291.0,2.6457513110645907
1292.0,2.6457513110645907
1293.0,2.6457513110645907
1294.0,2.6457513110645907
1295.0,2.6457513110645907
1296.0,2.6457513110645907
1297.0,2.6457513110645907
1298.0,2.6457513110645907
1299.0,2.6457513110645907
1300.0,2.6457513110645907
1301.0,2.6457513110645907
1302.0,2.6457513110645907
1303.0,2.6457513110645907
1304.0,2.6457513110645907
1305.0,2.6457513110645907
1306.0,2.6457513110645907
1307.0,2.6457513110645907
1308.0,2.6457513110645907
1309.0,2.6457513110645907
1310.0,2.6457513110645907
1311.0,2.6457513110645907
1312.0,2.6457513110645907
1313.0,2.6457513110645907
1314.0,2.6457513110645907
1315.0,2.6457513110645907
1316.0,2.6457513110645907
1317.0,2.6457513110645907
1318.0,2.6457513110645907
1319.0,2.6457513110645907
1320.0,2.6457513110645907
1321.0,2.6457513110645907
1322.0,2.6457513110645907
1323.0,2.6457513110645907
1324.0,2.6457513110645907
1325.0,2.6457513110645907
1326.0,2.6457513110645907
1327.0,2.6457513110645907
1328.0,2.6457513110645907
1329.0,2.6457513110645907
1330.0,2.6457513110645907
1331.0,2.6457513110645907
1332.0,2.6457513110645907
1333.0,2.6457513110645907
1334.0,2.6457513110645907
1335.0,2.6457513110645907
1336.0,2.6457513110645907
1337.0,2.6457513110645907
1338.0,2.6457513110645907
1339.0,2.6457513110645907
1340.0,2.6457513110645907
1341.0,2.6457513110645907
1342.0,2.6457513110645907
1343.0,2.6457513110645907
1344.0,2.6457513110645907
1345.0,2.6457513110645907
1346.0,2.6457513110645907
1347.0,2.6457513110645907
1348.0,2.6457513110645907
1349.0,2.6457513110645907
1350.0,2.6457513110645907
1351.0,2.6457513110645907
1352.0,2.6457513110645907
1353.0,2.6457513110645907
1354.0,2.6457513110645907
1355.0,2.6457513110645907
1356.0,2.6457513110645907
1357.0,2.6457513110645907
1358.0,2.6457513110645907
1359.0,2.6457513110645907
1360.0,2.6457513110645907
1361.0,2.6457513110645907
1362.0,2.6457513110645907
1363.0,2.6457513110645907
1364.0,2.6457513110645907
1365.0,2.6457513110645907
1366.0,2.6457513110645907
1367.0,2.6457513110645907
1368.0,2.6457513110645907
1369.0,2.6457513110645907
1370.0,2.6457513110645907
1371.0,2.6457513110645907
1372.0,2.6457513110645907
1373.0,2.6457513110645907
1374.0,2.6457513110645907
1375.0,2.6457513110645907
1376.0,2.6457513110645907
1377.0,2.6457513110645907
1378.0,2.6457513110645907
1379.0,2.6457513110645907
1380.0,2.6457513110645907
1381.0,2.6457513110645907
1382.0,2.6457513110645907
1383.0,2.6457513110645907
1384.0,2.6457513110645907
1385.0,2.6457513110645907
1386.0,2.6457513110645907
1387.0,2.6457513110645907
1388.0,2.6457513110645907
1389.0,2.6457513110645907
1390.0,2.6457513110645907
1391.0,2.6457513110645907
1392.0,2.6457513110645907
1393.0,2.6457513110645907
1394.0,2.6457513110645907
1395.0,2.6457513110645907
1396.0,2.6457513110645907
1397.0,2.6457513110645907
1398.0,2.6457513110645907
1399.0,2.6457513110645907
1400.0,2.6457513110645907
1401.0,2.6457513110645907
1402.0,2.6457513110645907
1403.0,2.6457513110645907
1404.0,2.6457513110645907
1405.0,2.6457513110645907
1406.0,2.6457513110645907
1407.0,2.6457513110645907
1408.0,2.6457513110645907
1409.0,2.6457513110645907
1410.0,2.6457513110645907
1411.0,2.6457513110645907
1412.0,2.6457513110645907
1413.0,2.6457513110645907
1414.0,2.6457513110645907
1415.0,2.6457513110645907
1416.0,2.6457513110645907
1417.0,2.6457513110645907
1418.0,2.6457513110645907
1419.0,2.6457513110645907
1420.0,2.6457513110645907
1421.0,2.6457513110645907
1422.0,2.6457513110645907
1423.0,2.6457513110645907
1424.0,2.6457513110645907
1425.0,2.6457513110645907
1426.0,2.6457513110645907
1427.0,2.6457513110645907
1428.0,2.6457513110645907
1429.0,2.6457513110645907
1430.0,2.6457513110645907
1431.0,2.6457513110645907
1432.0,2.6457513110645907
1433.0,2.6457513110645907
1434.0,2.6457513110645907
1435.0,2.6457513110645907
1436.0,2.6457513110645907
1437.0,2.6457513110645907
1438.0,2.6457513110645907
1439.0,2.6457513110645907
1440.0,2.6457513110645907
1441.0,2.6457513110645907
1442.0,2.6457513110645907
1443.0,2.6457513110645907
1444.0,2.6457513110645907
1445.0,2.6457513110645907
1446.0,2.6457513110645907
1447.0,2.6457513110645907
1448.0,2.6457513110645907
1449.0,2.6457513110645907
1450.0,2.6457513110645907
1451.0,2.6457513110645907
1452.0,2.6457513110645907
1453.0,2.6457513110645907
1454.0,2.6457513110645907
1455.0,2.6457513110645907
1456.0,2.6457513110645907
1457.0,2.6457513110645907
1458.0,2.6457513110645907
1459.0,2.6457513110645907
1460.0,2.6457513110645907
1461.0,2.6457513110645907
1462.0,2.6457513110645907
1463.0,2.6457513110645907
1464.0,2.6457513110645907
1465.0,2.6457513110645907
1466.0,2.6457513110645907
1467.0,2.6457513110645907
1468.0,2.6457513110645907
1469.0,2.6457513110645907
1470.0,2.6457513110645907
1471.0,2.6457513110645907
1472.0,2.6457513110645907
1473.0,2.6457513110645907
1474.0,2.6457513110645907
1475.0,2.6457513110645907
1476.0,2.6457513110645907
1477.0,2.6457513110645907
1478.0,2.6457513110645907
1479.0,2.6457513110645907
1480.0,2.6457513110645907
1481.0,2.6457513110645907
1482.0,2.6457513110645907
1483.0,2.6457513110645907
1484.0,2.6457513110645907
1485.0,2.6457513110645907
1486.0,2.6457513110645907
1487.0,2.6457513110645907
1488.0,2.6457513110645907
1489.0,2.6457513110645907
1490.0,2.6457513110645907
1491.0,2.6457513110645907
1492.0,2.6457513110645907
1493.0,2.6457513110645907
1494.0,2.6457513110645907
1495.0,2.6457513110645907
1496.0,2.6457513110645907
1497.0,2.6457513110645907
1498.0,2.6457513110645907
1499.0,2.6457513110645907
1500.0,2.6457513110645907
1501.0,2.6457513110645907
1502.0,2.6457513110645907
1503.0,2.6457513110645907
1504.0,2.6457513110645907
1505.0,2.6457513110645907
1506.0,2.6457513110645907
1507.0,2.6457513110645907
1508.0,2.6457513110645907
1509.0,2.6457513110645907
1510.0,2.6457513110645907
1511.0,2.6457513110645907
1512.0,2.6457513110645907
1513.0,2.6457513110645907
1514.0,2.6457513110645907
1515.0,2.6457513110645907
1516.0,2.6457513110645907
1517.0,2.6457513110645907
1518.0,2.6457513110645907
1519.0,2.6457513110645907
1520.0,2.6457513110645907
1521.0,2.6457513110645907
1522.0,2.6457513110645907
1523.0,2.6457513110645907
1524.0,2.6457513110645907
1525.0,2.6457513110645907
1526.0,2.6457513110645907
1527.0,2.6457513110645907
1528.0,2.6457513110645907
1529.0,2.6457513110645907
1530.0,2.6457513110645907
1531.0,2.6457513110645907
1532.0,2.6457513110645907
1533.0,2.6457513110645907
1534.0,2.6457513110645907
1535.0,2.6457513110645907
1536.0,2.6457513110645907
1537.0,2.6457513110645907
1538.0,2.6457513110645907
1539.0,2.6457513110645907
1540.0,2.6457513110645907
1541.0,2.6457513110645907
1542.0,2.6457513110645907
1543.0,2.6457513110645907
1544.0,2.6457513110645907
1545.0,2.6457513110645907
1546.0,2.6457513110645907
1547.0,2.6457513110645907
1548.0,2.6457513110645907
1549.0,2.6457513110645907
1550.0,2.6457513110645907
1551.0,2.6457513110645907
1552.0,2.6457513110645907
1553.0,2.6457513110645907
1554.0,2.6457513110645907
1555.0,2.6457513110645907
1556.0,2.6457513110645907
1557.0,2.6457513110645907
1558.0,2.6457513110645907
1559.0,2.6457513110645907
1560.0,2.6457513110645907
1561.0,2.6457513110645907
1562.0,2.6457513110645907
1563.0,2.6457513110645907
1564.0,2.6457513110645907
1565.0,2.6457513110645907
1566.0,2.6457513110645907
1567.0,2.6457513110645907
1568.0,2.6457513110645907
1569.0,2.6457513110645907
1570.0,2.6457513110645907
1571.0,2.6457513110645907
1572.0,2.6457513110645907
1573.0,2.6457513110645907
1574.0,2.6457513110645907
1575.0,2.6457513110645907
1576.0,2.6457513110645907
1577.0,2.6457513110645907
1578.0,2.6457513110645907
1579.0,2.6457513110645907
1580.0,2.6457513110645907
1581.0,2.6457513110645907
1582.0,2.6457513110645907
1583.0,2.6457513110645907
1584.0,2.6457513110645907
1585.0,2.6457513110645907
1586.0,2.6457513110645907
1587.0,2.6457513110645907
1588.0,2.6457513110645907
1589.0,2.6457513110645907
1590.0,2.6457513110645907
1591.0,2.6457513110645907
1592.0,2.6457513110645907
1593.0,2.6457513110645907
1594.0,2.6457513110645907
1595.0,2.6457513110645907
1596.0,2.6457513110645907
1597.0,2.6457513110645907
1598.0,2.6457513110645907
1599.0,2.6457513110645907
1600.0,2.6457513110645907
1601.0,2.6457513110645907
1602.0,2.6457513110645907
1603.0,2.6457513110645907
1604.0,2.6457513110645907
1605.0,2.6457513110645907
1606.0,2.6457513110645907
1607.0,2.6457513110645907
1608.0,2.6457513110645907
1609.0,2.6457513110645907
1610.0,2.6457513110645907
1611.0,2.6457513110645907
1612.0,2.6457513110645907
1613.0,2.6457513110645907
1614.0,2.6457513110645907
1615.0,2.6457513110645907
1616.0,2.6457513110645907
1617.0,2.6457513110645907
1618.0,2.6457513110645907
1619.0,2.6457513110645907
1620.0,2.6457513110645907
1621.0,2.6457513110645907
1622.0,2.6457513110645907
1623.0,2.6457513110645907
1624.0,2.6457513110645907
1625.0,2.6457513110645907
1626.0,2.6457513110645907
1627.0,2.6457513110645907
1628.0,2.6457513110645907
1629.0,2.6457513110645907
1630.0,2.6457513110645907
1631.0,2.6457513110645907
1632.0,2.6457513110645907
1633.0,2.6457513110645907
1634.0,2.6457513110645907
1635.0,2.6457513110645907
1636.0,2.6457513110645907
1637.0,2.6457513110645907
1638.0,2.6457513110645907
1639.0,2.6457513110645907
1640.0,2.6457513110645907
1641.0,2.6457513110645907
1642.0,2.6457513110645907
1643.0,2.6457513110645907
1644.0,2.6457513110645907
1645.0,2.6457513110645907
1646.0,2.6457513110645907
1647.0,2.6457513110645907
1648.0,2.6457513110645907
1649.0,2.6457513110645907
1650.0,2.6457513110645907
1651.0,2.6457513110645907
1652.0,2.6457513110645907
1653.0,2.6457513110645907
1654.0,2.6457513110645907
1655.0,2.6457513110645907
1656.0,2.6457513110645907
1657.0,2.6457513110645907
1658.0,2.6457513110645907
1659.0,2.6457513110645907
1660.0,2.6457513110645907
1661.0,2.6457513110645907
1662.0,2.6457513110645907
1663.0,2.6457513110645907
1664.0,2.6457513110645907
1665.0,2.6457513110645907
1666.0,2.6457513110645907
1667.0,2.6457513110645907
1668.0,2.6457513110645907
1669.0,2.6457513110645907
1670.0,2.6457513110645907
1671.0,2.6457513110645907
1672.0,2.6457513110645907
1673.0,2.6457513110645907
1674.0,2.6457513110645907
1675.0,2.6457513110645907
1676.0,2.6457513110645907
1677.0,2.6457513110645907
1678.0,2.6457513110645907
1679.0,2.6457513110645907
1680.0,2.6457513110645907
1681.0,2.6457513110645907
1682.0,2.6457513110645907
1683.0,2.6457513110645907
1684.0,2.6457513110645907
1685.0,2.6457513110645907
1686.0,2.6457513110645907
1687.0,2.6457513110645907
1688.0,2.6457513110645907
1689.0,2.6457513110645907
1690.0,2.6457513110645907
1691.0,2.6457513110645907
1692.0,2.6457513110645907
1693.0,2.6457513110645907
1694.0,2.6457513110645907
1695.0,2.6457513110645907
1696.0,2.6457513110645907
1697.0,2.6457513110645907
1698.0,2.6457513110645907
1699.0,2.6457513110645907
1700.0,2.6457513110645907
1701.0,2.6457513110645907
1702.0,2.6457513110645907
1703.0,2.6457513110645907
1704.0,2.6457513110645907
1705.0,2.6457513110645907
1706.0,2.6457513110645907
1707.0,2.6457513110645907
1708.0,2.6457513110645907
1709.0,2.6457513110645907
1710.0,2.6457513110645907
1711.0,2.6457513110645907
1712.0,2.6457513110645907
1713.0,2.6457513110645907
1714.0,2.6457513110645907
1715.0,2.6457513110645907
1716.0,2.6457513110645907
1717.0,2.6457513110645907
1718.0,2.6457513110645907
1719.0,2.6457513110645907
1720.0,2.6457513110645907
1721.0,2.6457513110645907
1722.0,2.6457513110645907
1723.0,2.6457513110645907
1724.0,2.6457513110645907
1725.0,2.6457513110645907
1726.0,2.6457513110645907
1727.0,2.6457513110645907
1728.0,2.6457513110645907
1729.0,2.6457513110645907
1730.0,2.6457513110645907
1731.0,2.6457513110645907
1732.0,2.6457513110645907
1733.0,2.6457513110645907
1734.0,2.6457513110645907
1735.0,2.6457513110645907
1736.0,2.6457513110645907
1737.0,2.6457513110645907
1738.0,2.6457513110645907
1739.0,2.6457513110645907
1740.0,2.6457513110645907
1741.0,2.6457513110645907
1742.0,2.6457513110645907
1743.0,2.6457513110645907
1744.0,2.6457513110645907
1745.0,2.6457513110645907
1746.0,2.6457513110645907
1747.0,2.6457513110645907
1748.0,2.6457513110645907
1749.0,2.6457513110645907
1750.0,2.6457513110645907
1751.0,2.6457513110645907
1752.0,2.6457513110645907
1753.0,2.6457513110645907
1754.0,2.6457513110645907
1755.0,2.6457513110645907
1756.0,2.6457513110645907
1757.0,2.6457513110645907
1758.0,2.6457513110645907
1759.0,2.6457513110645907
1760.0,2.6457513110645907
1761.0,2.6457513110645907
1762.0,2.6457513110645907
1763.0,2.6457513110645907
1764.0,2.6457513110645907
1765.0,2.6457513110645907
1766.0,2.6457513110645907
1767.0,2.6457513110645907
1768.0,2.6457513110645907
1769.0,2.6457513110645907
1770.0,2.6457513110645907
1771.0,2.6457513110645907
1772.0,2.6457513110645907
1773.0,2.6457513110645907
1774.0,2.6457513110645907
1775.0,2.6457513110645907
1776.0,2.6457513110645907
1777.0,2.6457513110645907
1778.0,2.6457513110645907
1779.0,2.6457513110645907
1780.0,2.6457513110645907
1781.0,2.6457513110645907
1782.0,2.6457513110645907
1783.0,2.6457513110645907
1784.0,2.6457513110645907
1785.0,2.6457513110645907
1786.0,2.6457513110645907
1787.0,2.6457513110645907
1788.0,2.6457513110645907
1789.0,2.6457513110645907
1790.0,2.6457513110645907
1791.0,2.6457513110645907
1792.0,2.6457513110645907
1793.0,2.6457513110645907
1794.0,2.6457513110645907
1795.0,2.6457513110645907
1796.0,2.6457513110645907
1797.0,2.6457513110645907
1798.0,2.6457513110645907
1799.0,2.6457513110645907
1800.0,2.6457513110645907
1801.0,2.6457513110645907
1802.0,2.6457513110645907
1803.0,2.6457513110645907
1804.0,2.6457513110645907
1805.0,2.6457513110645907
1806.0,2.6457513110645907
1807.0,2.6457513110645907
1808.0,2.6457513110645907
1809.0,2.6457513110645907
1810.0,2.6457513110645907
1811.0,2.6457513110645907
1812.0,2.6457513110645907
1813.0,2.6457513110645907
1814.0,2.6457513110645907
1815.0,2.6457513110645907
1816.0,2.6457513110645907
1817.0,2.6457513110645907
1818.0,2.6457513110645907
1819.0,2.6457513110645907
1820.0,2.6457513110645907
1821.0,2.6457513110645907
1822.0,2.6457513110645907
1823.0,2.6457513110645907
1824.0,2.6457513110645907
1825.0,2.6457513110645907
1826.0,2.6457513110645907
1827.0,2.6457513110645907
1828.0,2.6457513110645907
1829.0,2.6457513110645907
1830.0,2.6457513110645907
1831.0,2.6457513110645907
1832.0,2.6457513110645907
1833.0,2.6457513110645907
1834.0,2.6457513110645907
1835.0,2.6457513110645907
1836.0,2.449489742783178
1837.0,2.449489742783178
1838.0,2.449489742783178
1839.0,2.449489742783178
1840.0,2.449489742783178
1841.0,2.449489742783178
1842.0,2.449489742783178
1843.0,2.449489742783178
1844.0,2.449489742783178
1845.0,2.449489742783178
1846.0,2.449489742783178
1847.0,2.449489742783178
1848.0,2.449489742783178
1849.0,2.449489742783178
1850.0,2.449489742783178
1851.0,2.449489742783178
1852.0,2.449489742783178
1853.0,2.449489742783178
1854.0,2.449489742783178
1855.0,2.449489742783178
1856.0,2.449489742783178
1857.0,2.449489742783178
1858.0,2.449489742783178
1859.0,2.449489742783178
1860.0,2.449489742783178
1861.0,2.449489742783178
1862.0,2.449489742783178
1863.0,2.449489742783178
1864.0,2.449489742783178
1865.0,2.449489742783178
1866.0,2.449489742783178
1867.0,2.449489742783178
1868.0,2.449489742783178
1869.0,2.449489742783178
1870.0,2.449489742783178
1871.0,2.449489742783178
1872.0,2.449489742783178
1873.0,2.449489742783178
1874.0,2.449489742783178
1875.0,2.449489742783178
1876.0,2.449489742783178
1877.0,2.449489742783178
1878.0,2.449489742783178
1879.0,2.449489742783178
1880.0,2.449489742783178
1881.0,2.449489742783178
1882.0,2.449489742783178
1883.0,2.449489742783178
1884.0,2.449489742783178
1885.0,2.449489742783178
1886.0,2.449489742783178
1887.0,2.449489742783178
1888.0,2.449489742783178
1889.0,2.449489742783178
1890.0,2.449489742783178
1891.0,2.449489742783178
1892.0,2.449489742783178
1893.0,2.449489742783178
1894.0,2.449489742783178
1895.0,2.449489742783178
1896.0,2.449489742783178
1897.0,2.449489742783178
1898.0,2.449489742783178
1899.0,2.449489742783178
1900.0,2.23606797749979
1901.0,2.23606797749979
1902.0,2.23606797749979
1903.0,2.23606797749979
1904.0,2.23606797749979
1905.0,2.23606797749979
1906.0,2.23606797749979
1907.0,2.23606797749979
1908.0,2.23606797749979
1909.0,2.23606797749979
1910.0,2.23606797749979
1911.0,2.23606797749979
1912.0,2.23606797749979
1913.0,2.23606797749979
1914.0,2.23606797749979
1915.0,2.23606797749979
1916.0,2.23606797749979
1917.0,2.23606797749979
1918.0,2.23606797749979
1919.0,2.23606797749979
1920.0,2.23606797749979
1921.0,2.23606797749979
1922.0,2.23606797749979
1923.0,2.23606797749979
1924.0,2.23606797749979
1925.0,2.23606797749979
1926.0,2.23606797749979
1927.0,2.23606797749979
1928.0,2.23606797749979
1929.0,2.23606797749979
1930.0,2.23606797749979
1931.0,2.23606797749979
1932.0,2.23606797749979
1933.0,2.23606797749979
1934.0,2.23606797749979
1935.0,2.23606797749979
1936.0,2.23606797749979
1937.0,2.23606797749979
1938.0,2.23606797749979
1939.0,2.23606797749979
1940.0,2.23606797749979
1941.0,2.23606797749979
1942.0,2.23606797749979
1943.0,2.23606797749979
1944.0,2.23606797749979
1945.0,2.23606797749979
1946.0,2.23606797749979
1947.0,2.23606797749979
1948.0,2.23606797749979
1949.0,2.23606797749979
1950.0,2.23606797749979
1951.0,2.23606797749979
1952.0,2.23606797749979
1953.0,2.23606797749979
1954.0,2.23606797749979
1955.0,2.23606797749979
1956.0,2.23606797749979
1957.0,2.23606797749979
1958.0,2.23606797749979
1959.0,2.23606797749979
1960.0,2.23606797749979
1961.0,2.23606797749979
1962.0,2.23606797749979
1963.0,2.23606797749979
1964.0,2.23606797749979
1965.0,2.23606797749979
1966.0,2.23606797749979
1967.0,2.23606797749979
1968.0,2.23606797749979
1969.0,2.23606797749979
1970.0,2.23606797749979
1971.0,2.23606797749979
1972.0,2.23606797749979
1973.0,2.23606797749979
1974.0,2.23606797749979
1975.0,2.23606797749979
1976.0,2.23606797749979
1977.0,2.23606797749979
1978.0,2.23606797749979
1979.0,2.23606797749979
1980.0,2.23606797749979
1981.0,2.23606797749979
1982.0,2.23606797749979
1983.0,2.23606797749979
1984.0,2.23606797749979
1985.0,2.23606797749979
1986.0,2.23606797749979
1987.0,2.23606797749979
1988.0,2.23606797749979
1989.0,2.23606797749979
1990.0,2.23606797749979
1991.0,2.23606797749979
1992.0,2.23606797749979
1993.0,2.23606797749979
1994.0,2.23606797749979
1995.0,2.23606797749979
1996.0,2.23606797749979
1997.0,2.23606797749979
1998.0,2.23606797749979
1999.0,2.23606797749979
2000.0,2.23606797749979
2001.0,2.23606797749979
