Iteration,Fitness
2.0,23.065125189341593
3.0,23.065125189341593
4.0,23.065125189341593
5.0,23.065125189341593
6.0,23.065125189341593
7.0,23.065125189341593
8.0,23.065125189341593
9.0,23.065125189341593
10.0,23.065125189341593
11.0,21.817424229271428
12.0,21.817424229271428
13.0,21.817424229271428
14.0,15.874507866387544
15.0,15.874507866387544
16.0,15.874507866387544
17.0,15.874507866387544
18.0,15.874507866387544
19.0,15.874507866387544
20.0,15.874507866387544
21.0,15.874507866387544
22.0,13.341664064126334
23.0,13.341664064126334
24.0,13.341664064126334
25.0,13.341664064126334
26.0,13.341664064126334
27.0,13.341664064126334
28.0,13.341664064126334
29.0,13.341664064126334
30.0,13.341664064126334
31.0,13.341664064126334
32.0,13.341664064126334
33.0,13.341664064126334
34.0,13.341664064126334
35.0,13.341664064126334
36.0,13.341664064126334
37.0,13.341664064126334
38.0,13.341664064126334
39.0,13.341664064126334
40.0,13.341664064126334
41.0,13.341664064126334
42.0,13.341664064126334
43.0,13.341664064126334
44.0,13.341664064126334
45.0,13.341664064126334
46.0,13.341664064126334
47.0,13.341664064126334
48.0,13.341664064126334
49.0,13.341664064126334
50.0,13.341664064126334
51.0,13.341664064126334
52.0,13.341664064126334
53.0,13.341664064126334
54.0,13.341664064126334
55.0,13.341664064126334
56.0,13.341664064126334
57.0,13.341664064126334
58.0,13.341664064126334
59.0,13.341664064126334
60.0,13.341664064126334
61.0,13.341664064126334
62.0,13.341664064126334
63.0,13.341664064126334
64.0,13.341664064126334
65.0,13.341664064126334
66.0,13.341664064126334
67.0,13.341664064126334
68.0,13.19090595827292
69.0,13.19090595827292
70.0,13.19090595827292
71.0,13.19090595827292
72.0,13.19090595827292
73.0,13.19090595827292
74.0,13.19090595827292
75.0,13.19090595827292
76.0,13.19090595827292
77.0,10.862780491200215
78.0,10.862780491200215
79.0,10.862780491200215
80.0,10.862780491200215
81.0,10.862780491200215
82.0,10.862780491200215
83.0,10.862780491200215
84.0,10.862780491200215
85.0,10.862780491200215
86.0,10.862780491200215
87.0,10.862780491200215
88.0,10.862780491200215
89.0,10.862780491200215
90.0,10.862780491200215
91.0,10.862780491200215
92.0,10.862780491200215
93.0,10.862780491200215
94.0,10.862780491200215
95.0,10.862780491200215
96.0,10.862780491200215
97.0,10.862780491200215
98.0,10.862780491200215
99.0,10.862780491200215
100.0,10.862780491200215
101.0,10.862780491200215
102.0,10.862780491200215
103.0,10.862780491200215
104.0,10.862780491200215
105.0,10.862780491200215
106.0,10.862780491200215
107.0,10.862780491200215
108.0,10.862780491200215
109.0,10.862780491200215
110.0,10.862780491200215
111.0,10.862780491200215
112.0,10.862780491200215
113.0,10.862780491200215
114.0,10.862780491200215
115.0,10.862780491200215
116.0,10.862780491200215
117.0,10.862780491200215
118.0,10.862780491200215
119.0,10.862780491200215
120.0,10.862780491200215
121.0,10.862780491200215
122.0,10.862780491200215
123.0,10.862780491200215
124.0,10.862780491200215
125.0,10.862780491200215
126.0,10.862780491200215
127.0,10.862780491200215
128.0,10.862780491200215
129.0,10.862780491200215
130.0,10.862780491200215
131.0,10.862780491200215
132.0,10.862780491200215
133.0,10.862780491200215
134.0,10.862780491200215
135.0,10.862780491200215
136.0,10.862780491200215
137.0,10.862780491200215
138.0,10.862780491200215
139.0,10.862780491200215
140.0,10.862780491200215
141.0,10.862780491200215
142.0,10.862780491200215
143.0,10.862780491200215
144.0,10.862780491200215
145.0,10.862780491200215
146.0,10.862780491200215
147.0,9.16515138991168
148.0,9.16515138991168
149.0,7.211102550927978
150.0,7.211102550927978
151.0,7.211102550927978
152.0,7.211102550927978
153.0,7.211102550927978
154.0,7.211102550927978
155.0,7.211102550927978
156.0,7.211102550927978
157.0,7.211102550927978
158.0,7.211102550927978
159.0,7.211102550927978
160.0,7.211102550927978
161.0,7.211102550927978
162.0,7.211102550927978
163.0,7.211102550927978
164.0,7.211102550927978
165.0,7.211102550927978
166.0,7.211102550927978
167.0,7.211102550927978
168.0,7.211102550927978
169.0,7.211102550927978
170.0,7.211102550927978
171.0,7.211102550927978
172.0,7.211102550927978
173.0,7.211102550927978
174.0,7.211102550927978
175.0,7.211102550927978
176.0,7.211102550927978
177.0,7.211102550927978
178.0,7.211102550927978
179.0,7.211102550927978
180.0,7.211102550927978
181.0,7.211102550927978
182.0,7.211102550927978
183.0,7.211102550927978
184.0,7.211102550927978
185.0,7.211102550927978
186.0,7.211102550927978
187.0,7.211102550927978
188.0,7.211102550927978
189.0,7.211102550927978
190.0,7.211102550927978
191.0,7.211102550927978
192.0,7.211102550927978
193.0,7.211102550927978
194.0,7.211102550927978
195.0,7.211102550927978
196.0,7.211102550927978
197.0,7.211102550927978
198.0,7.211102550927978
199.0,7.211102550927978
200.0,7.211102550927978
201.0,7.211102550927978
202.0,7.211102550927978
203.0,7.211102550927978
204.0,7.211102550927978
205.0,7.211102550927978
206.0,7.211102550927978
207.0,7.211102550927978
208.0,7.211102550927978
209.0,7.211102550927978
210.0,7.211102550927978
211.0,7.211102550927978
212.0,7.211102550927978
213.0,7.211102550927978
214.0,7.211102550927978
215.0,7.211102550927978
216.0,7.211102550927978
217.0,6.6332495807108
218.0,6.6332495807108
219.0,6.6332495807108
220.0,6.6332495807108
221.0,6.6332495807108
222.0,6.6332495807108
223.0,6.6332495807108
224.0,6.6332495807108
225.0,6.6332495807108
226.0,6.6332495807108
227.0,6.6332495807108
228.0,6.6332495807108
229.0,6.6332495807108
230.0,6.6332495807108
231.0,5.656854249492381
232.0,5.656854249492381
233.0,5.656854249492381
234.0,5.656854249492381
235.0,5.656854249492381
236.0,5.656854249492381
237.0,5.656854249492381
238.0,5.656854249492381
239.0,5.656854249492381
240.0,5.656854249492381
241.0,5.656854249492381
242.0,5.656854249492381
243.0,5.656854249492381
244.0,5.656854249492381
245.0,5.656854249492381
246.0,5.656854249492381
247.0,5.656854249492381
248.0,5.656854249492381
249.0,5.656854249492381
250.0,5.656854249492381
251.0,5.656854249492381
252.0,5.656854249492381
253.0,5.656854249492381
254.0,5.656854249492381
255.0,5.656854249492381
256.0,5.656854249492381
257.0,5.656854249492381
258.0,5.656854249492381
259.0,5.656854249492381
260.0,5.656854249492381
261.0,5.656854249492381
262.0,5.656854249492381
263.0,5.656854249492381
264.0,5.656854249492381
265.0,5.656854249492381
266.0,5.656854249492381
267.0,5.656854249492381
268.0,5.656854249492381
269.0,5.656854249492381
270.0,5.656854249492381
271.0,5.656854249492381
272.0,5.656854249492381
273.0,5.656854249492381
274.0,5.656854249492381
275.0,5.656854249492381
276.0,5.656854249492381
277.0,5.656854249492381
278.0,5.656854249492381
279.0,5.656854249492381
280.0,5.656854249492381
281.0,5.656854249492381
282.0,5.656854249492381
283.0,5.656854249492381
284.0,5.656854249492381
285.0,5.656854249492381
286.0,5.656854249492381
287.0,5.656854249492381
288.0,5.656854249492381
289.0,5.656854249492381
290.0,5.656854249492381
291.0,5.656854249492381
292.0,5.656854249492381
293.0,5.656854249492381
294.0,5.656854249492381
295.0,5.656854249492381
296.0,5.656854249492381
297.0,5.656854249492381
298.0,5.656854249492381
299.0,5.656854249492381
300.0,5.656854249492381
301.0,5.656854249492381
302.0,5.656854249492381
303.0,5.656854249492381
304.0,5.656854249492381
305.0,5.656854249492381
306.0,5.656854249492381
307.0,5.656854249492381
308.0,5.656854249492381
309.0,5.656854249492381
310.0,5.656854249492381
311.0,5.656854249492381
312.0,5.656854249492381
313.0,5.656854249492381
314.0,5.656854249492381
315.0,5.656854249492381
316.0,5.656854249492381
317.0,5.656854249492381
318.0,5.656854249492381
319.0,5.656854249492381
320.0,5.656854249492381
321.0,5.656854249492381
322.0,5.656854249492381
323.0,5.656854249492381
324.0,5.656854249492381
325.0,5.656854249492381
326.0,5.656854249492381
327.0,5.656854249492381
328.0,5.656854249492381
329.0,5.656854249492381
330.0,5.656854249492381
331.0,5.656854249492381
332.0,5.656854249492381
333.0,5.656854249492381
334.0,5.656854249492381
335.0,5.656854249492381
336.0,5.656854249492381
337.0,5.656854249492381
338.0,5.656854249492381
339.0,5.656854249492381
340.0,5.656854249492381
341.0,5.656854249492381
342.0,5.656854249492381
343.0,5.656854249492381
344.0,5.656854249492381
345.0,5.656854249492381
346.0,5.656854249492381
347.0,5.656854249492381
348.0,5.656854249492381
349.0,5.656854249492381
350.0,5.656854249492381
351.0,5.656854249492381
352.0,5.656854249492381
353.0,5.656854249492381
354.0,5.656854249492381
355.0,5.656854249492381
356.0,5.656854249492381
357.0,5.656854249492381
358.0,5.656854249492381
359.0,4.795831523312719
360.0,4.795831523312719
361.0,4.795831523312719
362.0,4.795831523312719
363.0,4.795831523312719
364.0,4.795831523312719
365.0,4.795831523312719
366.0,4.795831523312719
367.0,4.795831523312719
368.0,4.795831523312719
369.0,4.795831523312719
370.0,4.795831523312719
371.0,4.795831523312719
372.0,4.795831523312719
373.0,4.795831523312719
374.0,4.795831523312719
375.0,4.795831523312719
376.0,4.795831523312719
377.0,4.795831523312719
378.0,4.795831523312719
379.0,4.795831523312719
380.0,4.795831523312719
381.0,4.795831523312719
382.0,4.795831523312719
383.0,4.795831523312719
384.0,4.795831523312719
385.0,4.795831523312719
386.0,4.795831523312719
387.0,4.795831523312719
388.0,4.795831523312719
389.0,4.795831523312719
390.0,4.795831523312719
391.0,4.795831523312719
392.0,4.795831523312719
393.0,4.795831523312719
394.0,4.795831523312719
395.0,4.795831523312719
396.0,4.795831523312719
397.0,4.795831523312719
398.0,4.795831523312719
399.0,4.795831523312719
400.0,4.795831523312719
401.0,4.795831523312719
402.0,4.795831523312719
403.0,4.795831523312719
404.0,4.795831523312719
405.0,4.795831523312719
406.0,4.795831523312719
407.0,4.795831523312719
408.0,4.795831523312719
409.0,4.795831523312719
410.0,4.795831523312719
411.0,4.795831523312719
412.0,4.795831523312719
413.0,4.795831523312719
414.0,4.795831523312719
415.0,4.795831523312719
416.0,4.795831523312719
417.0,4.795831523312719
418.0,4.795831523312719
419.0,4.795831523312719
420.0,4.795831523312719
421.0,4.795831523312719
422.0,4.795831523312719
423.0,4.795831523312719
424.0,4.795831523312719
425.0,4.795831523312719
426.0,4.795831523312719
427.0,4.795831523312719
428.0,4.795831523312719
429.0,4.795831523312719
430.0,4.795831523312719
431.0,4.795831523312719
432.0,4.795831523312719
433.0,4.795831523312719
434.0,4.795831523312719
435.0,4.795831523312719
436.0,4.795831523312719
437.0,4.795831523312719
438.0,4.795831523312719
439.0,4.795831523312719
440.0,4.795831523312719
441.0,4.795831523312719
442.0,4.795831523312719
443.0,4.795831523312719
444.0,4.795831523312719
445.0,4.795831523312719
446.0,4.795831523312719
447.0,4.795831523312719
448.0,4.795831523312719
449.0,4.795831523312719
450.0,4.795831523312719
451.0,4.795831523312719
452.0,4.795831523312719
453.0,4.795831523312719
454.0,4.795831523312719
455.0,4.795831523312719
456.0,4.795831523312719
457.0,4.795831523312719
458.0,4.795831523312719
459.0,4.795831523312719
460.0,4.795831523312719
461.0,4.795831523312719
462.0,4.795831523312719
463.0,4.795831523312719
464.0,4.795831523312719
465.0,4.795831523312719
466.0,4.795831523312719
467.0,4.795831523312719
468.0,4.795831523312719
469.0,4.795831523312719
470.0,4.795831523312719
471.0,4.795831523312719
472.0,4.795831523312719
473.0,4.795831523312719
474.0,4.795831523312719
475.0,4.795831523312719
476.0,4.795831523312719
477.0,4.795831523312719
478.0,4.795831523312719
479.0,4.47213595499958
480.0,4.47213595499958
481.0,4.47213595499958
482.0,4.47213595499958
483.0,4.47213595499958
484.0,4.47213595499958
485.0,4.47213595499958
486.0,4.47213595499958
487.0,4.47213595499958
488.0,4.47213595499958
489.0,4.47213595499958
490.0,4.47213595499958
491.0,4.47213595499958
492.0,4.47213595499958
493.0,4.47213595499958
494.0,4.47213595499958
495.0,4.47213595499958
496.0,4.47213595499958
497.0,4.47213595499958
498.0,4.47213595499958
499.0,4.47213595499958
500.0,4.47213595499958
501.0,4.47213595499958
502.0,4.47213595499958
503.0,4.47213595499958
504.0,4.47213595499958
505.0,4.47213595499958
506.0,4.47213595499958
507.0,4.47213595499958
508.0,4.47213595499958
509.0,4.47213595499958
510.0,4.47213595499958
511.0,4.47213595499958
512.0,4.47213595499958
513.0,4.47213595499958
514.0,4.47213595499958
515.0,4.47213595499958
516.0,4.47213595499958
517.0,4.47213595499958
518.0,4.47213595499958
519.0,4.47213595499958
520.0,4.47213595499958
521.0,4.47213595499958
522.0,4.47213595499958
523.0,4.47213595499958
524.0,4.47213595499958
525.0,4.47213595499958
526.0,4.47213595499958
527.0,4.47213595499958
528.0,4.47213595499958
529.0,4.47213595499958
530.0,4.47213595499958
531.0,4.47213595499958
532.0,4.47213595499958
533.0,4.47213595499958
534.0,4.47213595499958
535.0,4.47213595499958
536.0,4.47213595499958
537.0,4.47213595499958
538.0,4.47213595499958
539.0,4.47213595499958
540.0,4.47213595499958
541.0,4.47213595499958
542.0,4.47213595499958
543.0,4.47213595499958
544.0,4.47213595499958
545.0,4.47213595499958
546.0,4.47213595499958
547.0,4.47213595499958
548.0,4.47213595499958
549.0,4.47213595499958
550.0,4.47213595499958
551.0,4.47213595499958
552.0,4.47213595499958
553.0,4.47213595499958
554.0,4.47213595499958
555.0,4.47213595499958
556.0,4.47213595499958
557.0,4.47213595499958
558.0,4.47213595499958
559.0,4.47213595499958
560.0,4.47213595499958
561.0,4.47213595499958
562.0,4.47213595499958
563.0,4.47213595499958
564.0,4.47213595499958
565.0,4.47213595499958
566.0,4.47213595499958
567.0,4.47213595499958
568.0,4.47213595499958
569.0,4.47213595499958
570.0,4.47213595499958
571.0,4.47213595499958
572.0,4.47213595499958
573.0,4.47213595499958
574.0,4.47213595499958
575.0,4.47213595499958
576.0,4.47213595499958
577.0,4.47213595499958
578.0,4.47213595499958
579.0,4.47213595499958
580.0,4.47213595499958
581.0,4.47213595499958
582.0,4.47213595499958
583.0,4.47213595499958
584.0,4.47213595499958
585.0,4.47213595499958
586.0,4.47213595499958
587.0,4.47213595499958
588.0,4.47213595499958
589.0,4.47213595499958
590.0,4.47213595499958
591.0,4.47213595499958
592.0,4.47213595499958
593.0,4.47213595499958
594.0,4.47213595499958
595.0,4.47213595499958
596.0,4.47213595499958
597.0,4.47213595499958
598.0,4.47213595499958
599.0,4.47213595499958
600.0,4.47213595499958
601.0,4.47213595499958
602.0,4.47213595499958
603.0,4.47213595499958
604.0,4.47213595499958
605.0,4.47213595499958
606.0,4.47213595499958
607.0,4.47213595499958
608.0,4.47213595499958
609.0,4.47213595499958
610.0,4.47213595499958
611.0,4.47213595499958
612.0,4.47213595499958
613.0,4.47213595499958
614.0,4.47213595499958
615.0,4.47213595499958
616.0,4.47213595499958
617.0,4.47213595499958
618.0,4.47213595499958
619.0,4.47213595499958
620.0,4.47213595499958
621.0,4.47213595499958
622.0,4.47213595499958
623.0,4.47213595499958
624.0,4.47213595499958
625.0,4.47213595499958
626.0,4.47213595499958
627.0,4.47213595499958
628.0,4.47213595499958
629.0,4.47213595499958
630.0,4.47213595499958
631.0,4.47213595499958
632.0,4.47213595499958
633.0,4.47213595499958
634.0,4.47213595499958
635.0,4.47213595499958
636.0,4.47213595499958
637.0,4.47213595499958
638.0,4.47213595499958
639.0,4.47213595499958
640.0,4.47213595499958
641.0,4.47213595499958
642.0,4.47213595499958
643.0,4.47213595499958
644.0,4.47213595499958
645.0,4.47213595499958
646.0,4.47213595499958
647.0,4.47213595499958
648.0,4.47213595499958
649.0,4.47213595499958
650.0,4.47213595499958
651.0,4.47213595499958
652.0,4.47213595499958
653.0,4.47213595499958
654.0,4.47213595499958
655.0,4.47213595499958
656.0,4.47213595499958
657.0,4.47213595499958
658.0,4.47213595499958
659.0,4.47213595499958
660.0,4.47213595499958
661.0,4.47213595499958
662.0,4.47213595499958
663.0,4.47213595499958
664.0,4.47213595499958
665.0,4.47213595499958
666.0,4.47213595499958
667.0,4.47213595499958
668.0,4.47213595499958
669.0,4.47213595499958
670.0,4.47213595499958
671.0,4.47213595499958
672.0,4.47213595499958
673.0,4.47213595499958
674.0,4.47213595499958
675.0,4.47213595499958
676.0,4.47213595499958
677.0,4.47213595499958
678.0,4.47213595499958
679.0,4.47213595499958
680.0,4.47213595499958
681.0,4.47213595499958
682.0,4.47213595499958
683.0,4.47213595499958
684.0,4.47213595499958
685.0,4.47213595499958
686.0,4.47213595499958
687.0,4.47213595499958
688.0,4.47213595499958
689.0,4.47213595499958
690.0,4.47213595499958
691.0,4.47213595499958
692.0,4.47213595499958
693.0,4.47213595499958
694.0,4.47213595499958
695.0,4.47213595499958
696.0,4.47213595499958
697.0,4.47213595499958
698.0,4.47213595499958
699.0,4.47213595499958
700.0,4.47213595499958
701.0,4.47213595499958
702.0,4.47213595499958
703.0,4.47213595499958
704.0,4.47213595499958
705.0,4.47213595499958
706.0,4.47213595499958
707.0,4.47213595499958
708.0,4.47213595499958
709.0,4.47213595499958
710.0,4.47213595499958
711.0,4.47213595499958
712.0,4.47213595499958
713.0,4.47213595499958
714.0,4.47213595499958
715.0,4.47213595499958
716.0,4.47213595499958
717.0,4.47213595499958
718.0,4.47213595499958
719.0,4.47213595499958
720.0,4.47213595499958
721.0,4.47213595499958
722.0,4.47213595499958
723.0,4.47213595499958
724.0,4.47213595499958
725.0,4.47213595499958
726.0,4.47213595499958
727.0,4.47213595499958
728.0,4.47213595499958
729.0,4.47213595499958
730.0,4.47213595499958
731.0,4.47213595499958
732.0,4.47213595499958
733.0,4.47213595499958
734.0,4.47213595499958
735.0,4.47213595499958
736.0,4.47213595499958
737.0,4.47213595499958
738.0,4.47213595499958
739.0,4.47213595499958
740.0,4.47213595499958
741.0,4.47213595499958
742.0,4.47213595499958
743.0,4.47213595499958
744.0,4.47213595499958
745.0,4.47213595499958
746.0,4.47213595499958
747.0,4.47213595499958
748.0,4.47213595499958
749.0,4.47213595499958
750.0,4.47213595499958
751.0,4.47213595499958
752.0,4.47213595499958
753.0,4.47213595499958
754.0,4.47213595499958
755.0,4.47213595499958
756.0,4.47213595499958
757.0,4.47213595499958
758.0,4.47213595499958
759.0,4.47213595499958
760.0,4.47213595499958
761.0,4.47213595499958
762.0,4.47213595499958
763.0,4.47213595499958
764.0,4.47213595499958
765.0,4.47213595499958
766.0,4.47213595499958
767.0,4.47213595499958
768.0,4.47213595499958
769.0,4.47213595499958
770.0,4.47213595499958
771.0,4.47213595499958
772.0,4.47213595499958
773.0,4.47213595499958
774.0,4.47213595499958
775.0,4.47213595499958
776.0,4.47213595499958
777.0,4.47213595499958
778.0,4.47213595499958
779.0,4.47213595499958
780.0,4.47213595499958
781.0,4.358898943540674
782.0,4.358898943540674
783.0,4.358898943540674
784.0,4.358898943540674
785.0,4.358898943540674
786.0,4.358898943540674
787.0,4.358898943540674
788.0,4.358898943540674
789.0,4.358898943540674
790.0,4.358898943540674
791.0,4.358898943540674
792.0,4.358898943540674
793.0,4.358898943540674
794.0,4.358898943540674
795.0,4.358898943540674
796.0,4.358898943540674
797.0,4.358898943540674
798.0,4.358898943540674
799.0,4.358898943540674
800.0,4.358898943540674
801.0,4.358898943540674
802.0,4.358898943540674
803.0,4.358898943540674
804.0,4.358898943540674
805.0,4.358898943540674
806.0,4.358898943540674
807.0,4.358898943540674
808.0,4.358898943540674
809.0,4.358898943540674
810.0,4.358898943540674
811.0,4.358898943540674
812.0,4.358898943540674
813.0,4.358898943540674
814.0,4.358898943540674
815.0,4.358898943540674
816.0,4.358898943540674
817.0,4.358898943540674
818.0,4.358898943540674
819.0,4.358898943540674
820.0,4.358898943540674
821.0,4.358898943540674
822.0,4.358898943540674
823.0,4.358898943540674
824.0,4.358898943540674
825.0,4.358898943540674
826.0,4.358898943540674
827.0,4.358898943540674
828.0,4.358898943540674
829.0,4.358898943540674
830.0,4.358898943540674
831.0,4.358898943540674
832.0,4.358898943540674
833.0,4.358898943540674
834.0,4.358898943540674
835.0,4.358898943540674
836.0,4.358898943540674
837.0,4.358898943540674
838.0,4.358898943540674
839.0,4.358898943540674
840.0,4.358898943540674
841.0,4.358898943540674
842.0,4.358898943540674
843.0,4.358898943540674
844.0,4.358898943540674
845.0,4.358898943540674
846.0,4.358898943540674
847.0,4.358898943540674
848.0,4.358898943540674
849.0,4.358898943540674
850.0,4.358898943540674
851.0,4.358898943540674
852.0,4.358898943540674
853.0,4.358898943540674
854.0,4.358898943540674
855.0,4.358898943540674
856.0,4.358898943540674
857.0,4.358898943540674
858.0,4.358898943540674
859.0,4.358898943540674
860.0,4.358898943540674
861.0,4.358898943540674
862.0,4.358898943540674
863.0,4.358898943540674
864.0,4.358898943540674
865.0,4.358898943540674
866.0,4.358898943540674
867.0,4.358898943540674
868.0,4.358898943540674
869.0,4.358898943540674
870.0,4.358898943540674
871.0,4.358898943540674
872.0,4.358898943540674
873.0,4.358898943540674
874.0,4.358898943540674
875.0,4.358898943540674
876.0,4.358898943540674
877.0,4.358898943540674
878.0,4.358898943540674
879.0,4.358898943540674
880.0,4.358898943540674
881.0,4.358898943540674
882.0,4.358898943540674
883.0,4.358898943540674
884.0,4.242640687119285
885.0,4.242640687119285
886.0,4.242640687119285
887.0,4.242640687119285
888.0,4.242640687119285
889.0,4.242640687119285
890.0,4.242640687119285
891.0,4.242640687119285
892.0,4.242640687119285
893.0,4.242640687119285
894.0,4.242640687119285
895.0,4.242640687119285
896.0,4.242640687119285
897.0,4.242640687119285
898.0,4.242640687119285
899.0,4.242640687119285
900.0,4.242640687119285
901.0,4.242640687119285
902.0,4.242640687119285
903.0,4.242640687119285
904.0,4.242640687119285
905.0,4.242640687119285
906.0,4.242640687119285
907.0,4.242640687119285
908.0,4.242640687119285
909.0,4.242640687119285
910.0,4.242640687119285
911.0,4.242640687119285
912.0,4.242640687119285
913.0,4.242640687119285
914.0,4.242640687119285
915.0,4.242640687119285
916.0,4.242640687119285
917.0,4.242640687119285
918.0,4.242640687119285
919.0,4.242640687119285
920.0,4.242640687119285
921.0,4.242640687119285
922.0,4.242640687119285
923.0,4.242640687119285
924.0,4.242640687119285
925.0,3.4641016151377544
926.0,3.4641016151377544
927.0,3.4641016151377544
928.0,3.4641016151377544
929.0,3.4641016151377544
930.0,3.4641016151377544
931.0,3.4641016151377544
932.0,3.4641016151377544
933.0,3.4641016151377544
934.0,3.4641016151377544
935.0,3.4641016151377544
936.0,3.4641016151377544
937.0,3.4641016151377544
938.0,3.4641016151377544
939.0,3.4641016151377544
940.0,3.4641016151377544
941.0,3.4641016151377544
942.0,3.4641016151377544
943.0,3.4641016151377544
944.0,3.4641016151377544
945.0,3.4641016151377544
946.0,3.4641016151377544
947.0,3.4641016151377544
948.0,3.4641016151377544
949.0,3.4641016151377544
950.0,3.4641016151377544
951.0,3.4641016151377544
952.0,3.4641016151377544
953.0,3.4641016151377544
954.0,3.4641016151377544
955.0,3.4641016151377544
956.0,3.4641016151377544
957.0,3.4641016151377544
958.0,3.4641016151377544
959.0,3.4641016151377544
960.0,3.4641016151377544
961.0,3.4641016151377544
962.0,3.4641016151377544
963.0,3.4641016151377544
964.0,3.4641016151377544
965.0,3.4641016151377544
966.0,3.4641016151377544
967.0,3.4641016151377544
968.0,3.4641016151377544
969.0,3.4641016151377544
970.0,3.4641016151377544
971.0,3.4641016151377544
972.0,3.4641016151377544
973.0,3.4641016151377544
974.0,3.4641016151377544
975.0,3.4641016151377544
976.0,3.4641016151377544
977.0,3.4641016151377544
978.0,3.4641016151377544
979.0,3.4641016151377544
980.0,3.4641016151377544
981.0,3.4641016151377544
982.0,3.4641016151377544
983.0,3.4641016151377544
984.0,3.4641016151377544
985.0,3.4641016151377544
986.0,3.4641016151377544
987.0,3.4641016151377544
988.0,3.4641016151377544
989.0,3.4641016151377544
990.0,3.4641016151377544
991.0,3.4641016151377544
992.0,3.4641016151377544
993.0,3.4641016151377544
994.0,3.4641016151377544
995.0,3.4641016151377544
996.0,3.4641016151377544
997.0,3.4641016151377544
998.0,3.4641016151377544
999.0,3.4641016151377544
1000.0,3.4641016151377544
1001.0,3.4641016151377544
1002.0,3.4641016151377544
1003.0,3.4641016151377544
1004.0,3.4641016151377544
1005.0,3.4641016151377544
1006.0,3.4641016151377544
1007.0,3.4641016151377544
1008.0,3.4641016151377544
1009.0,3.4641016151377544
1010.0,3.4641016151377544
1011.0,3.4641016151377544
1012.0,3.4641016151377544
1013.0,3.4641016151377544
1014.0,3.4641016151377544
1015.0,3.4641016151377544
1016.0,3.4641016151377544
1017.0,3.4641016151377544
1018.0,3.4641016151377544
1019.0,3.4641016151377544
1020.0,3.4641016151377544
1021.0,3.4641016151377544
1022.0,3.4641016151377544
1023.0,3.4641016151377544
1024.0,3.4641016151377544
1025.0,3.4641016151377544
1026.0,3.4641016151377544
1027.0,3.4641016151377544
1028.0,3.4641016151377544
1029.0,3.4641016151377544
1030.0,3.4641016151377544
1031.0,3.4641016151377544
1032.0,3.4641016151377544
1033.0,3.4641016151377544
1034.0,3.4641016151377544
1035.0,3.4641016151377544
1036.0,3.4641016151377544
1037.0,3.4641016151377544
1038.0,3.4641016151377544
1039.0,3.4641016151377544
1040.0,3.4641016151377544
1041.0,3.4641016151377544
1042.0,3.4641016151377544
1043.0,3.4641016151377544
1044.0,3.4641016151377544
1045.0,3.4641016151377544
1046.0,3.4641016151377544
1047.0,3.4641016151377544
1048.0,3.4641016151377544
1049.0,3.4641016151377544
1050.0,3.4641016151377544
1051.0,3.4641016151377544
1052.0,3.4641016151377544
1053.0,3.4641016151377544
1054.0,3.4641016151377544
1055.0,3.4641016151377544
1056.0,3.4641016151377544
1057.0,3.4641016151377544
1058.0,3.4641016151377544
1059.0,3.4641016151377544
1060.0,3.4641016151377544
1061.0,3.4641016151377544
1062.0,3.4641016151377544
1063.0,3.4641016151377544
1064.0,3.4641016151377544
1065.0,3.4641016151377544
1066.0,3.4641016151377544
1067.0,3.4641016151377544
1068.0,3.4641016151377544
1069.0,3.4641016151377544
1070.0,3.4641016151377544
1071.0,3.4641016151377544
1072.0,3.4641016151377544
1073.0,3.4641016151377544
1074.0,3.4641016151377544
1075.0,3.4641016151377544
1076.0,3.4641016151377544
1077.0,3.4641016151377544
1078.0,3.4641016151377544
1079.0,3.4641016151377544
1080.0,3.4641016151377544
1081.0,3.4641016151377544
1082.0,3.4641016151377544
1083.0,3.4641016151377544
1084.0,3.4641016151377544
1085.0,3.4641016151377544
1086.0,3.4641016151377544
1087.0,3.4641016151377544
1088.0,3.4641016151377544
1089.0,3.4641016151377544
1090.0,3.4641016151377544
1091.0,3.4641016151377544
1092.0,3.4641016151377544
1093.0,3.4641016151377544
1094.0,3.4641016151377544
1095.0,3.4641016151377544
1096.0,3.4641016151377544
1097.0,3.4641016151377544
1098.0,3.4641016151377544
1099.0,3.4641016151377544
1100.0,3.4641016151377544
1101.0,3.4641016151377544
1102.0,3.4641016151377544
1103.0,3.4641016151377544
1104.0,3.4641016151377544
1105.0,3.4641016151377544
1106.0,3.4641016151377544
1107.0,3.4641016151377544
1108.0,3.4641016151377544
1109.0,3.4641016151377544
1110.0,3.4641016151377544
1111.0,3.4641016151377544
1112.0,3.4641016151377544
1113.0,3.4641016151377544
1114.0,3.4641016151377544
1115.0,3.4641016151377544
1116.0,3.4641016151377544
1117.0,3.4641016151377544
1118.0,3.4641016151377544
1119.0,3.4641016151377544
1120.0,3.4641016151377544
1121.0,3.4641016151377544
1122.0,3.4641016151377544
1123.0,3.4641016151377544
1124.0,3.4641016151377544
1125.0,3.4641016151377544
1126.0,3.4641016151377544
1127.0,3.4641016151377544
1128.0,3.4641016151377544
1129.0,3.4641016151377544
1130.0,3.4641016151377544
1131.0,3.4641016151377544
1132.0,3.4641016151377544
1133.0,3.4641016151377544
1134.0,3.4641016151377544
1135.0,3.4641016151377544
1136.0,3.4641016151377544
1137.0,3.4641016151377544
1138.0,3.4641016151377544
1139.0,3.4641016151377544
1140.0,3.4641016151377544
1141.0,3.4641016151377544
1142.0,3.4641016151377544
1143.0,3.4641016151377544
1144.0,3.4641016151377544
1145.0,3.4641016151377544
1146.0,3.4641016151377544
1147.0,3.4641016151377544
1148.0,3.4641016151377544
1149.0,3.4641016151377544
1150.0,3.4641016151377544
1151.0,3.4641016151377544
1152.0,3.4641016151377544
1153.0,3.4641016151377544
1154.0,3.4641016151377544
1155.0,3.4641016151377544
1156.0,3.4641016151377544
1157.0,3.4641016151377544
1158.0,3.4641016151377544
1159.0,3.4641016151377544
1160.0,3.4641016151377544
1161.0,3.4641016151377544
1162.0,3.4641016151377544
1163.0,3.4641016151377544
1164.0,3.4641016151377544
1165.0,3.4641016151377544
1166.0,3.4641016151377544
1167.0,3.4641016151377544
1168.0,3.4641016151377544
1169.0,3.4641016151377544
1170.0,3.4641016151377544
1171.0,3.4641016151377544
1172.0,3.4641016151377544
1173.0,3.4641016151377544
1174.0,3.4641016151377544
1175.0,3.4641016151377544
1176.0,3.4641016151377544
1177.0,3.4641016151377544
1178.0,3.4641016151377544
1179.0,3.4641016151377544
1180.0,3.4641016151377544
1181.0,3.4641016151377544
1182.0,3.4641016151377544
1183.0,3.4641016151377544
1184.0,3.4641016151377544
1185.0,3.4641016151377544
1186.0,3.4641016151377544
1187.0,3.4641016151377544
1188.0,3.4641016151377544
1189.0,3.4641016151377544
1190.0,3.4641016151377544
1191.0,3.4641016151377544
1192.0,3.4641016151377544
1193.0,3.4641016151377544
1194.0,3.4641016151377544
1195.0,3.4641016151377544
1196.0,3.4641016151377544
1197.0,3.4641016151377544
1198.0,3.4641016151377544
1199.0,3.4641016151377544
1200.0,3.4641016151377544
1201.0,3.4641016151377544
1202.0,3.4641016151377544
1203.0,3.4641016151377544
1204.0,3.4641016151377544
1205.0,3.4641016151377544
1206.0,3.4641016151377544
1207.0,3.4641016151377544
1208.0,3.4641016151377544
1209.0,3.4641016151377544
1210.0,3.4641016151377544
1211.0,3.4641016151377544
1212.0,3.4641016151377544
1213.0,3.4641016151377544
1214.0,3.4641016151377544
1215.0,3.4641016151377544
1216.0,3.4641016151377544
1217.0,3.4641016151377544
1218.0,3.4641016151377544
1219.0,3.4641016151377544
1220.0,3.4641016151377544
1221.0,3.4641016151377544
1222.0,3.4641016151377544
1223.0,3.4641016151377544
1224.0,3.4641016151377544
1225.0,3.4641016151377544
1226.0,3.4641016151377544
1227.0,3.4641016151377544
1228.0,3.4641016151377544
1229.0,3.4641016151377544
1230.0,3.4641016151377544
1231.0,3.4641016151377544
1232.0,3.4641016151377544
1233.0,3.4641016151377544
1234.0,3.4641016151377544
1235.0,3.4641016151377544
1236.0,3.4641016151377544
1237.0,3.4641016151377544
1238.0,3.4641016151377544
1239.0,3.4641016151377544
1240.0,3.4641016151377544
1241.0,3.4641016151377544
1242.0,3.4641016151377544
1243.0,3.4641016151377544
1244.0,3.4641016151377544
1245.0,3.4641016151377544
1246.0,3.4641016151377544
1247.0,3.4641016151377544
1248.0,3.4641016151377544
1249.0,3.4641016151377544
1250.0,3.4641016151377544
1251.0,3.4641016151377544
1252.0,3.4641016151377544
1253.0,3.4641016151377544
1254.0,3.4641016151377544
1255.0,3.4641016151377544
1256.0,3.4641016151377544
1257.0,3.4641016151377544
1258.0,3.4641016151377544
1259.0,3.4641016151377544
1260.0,3.4641016151377544
1261.0,3.4641016151377544
1262.0,3.4641016151377544
1263.0,3.4641016151377544
1264.0,3.4641016151377544
1265.0,3.4641016151377544
1266.0,3.4641016151377544
1267.0,3.4641016151377544
1268.0,3.4641016151377544
1269.0,3.4641016151377544
1270.0,3.4641016151377544
1271.0,3.4641016151377544
1272.0,3.4641016151377544
1273.0,3.4641016151377544
1274.0,3.4641016151377544
1275.0,3.4641016151377544
1276.0,3.4641016151377544
1277.0,3.4641016151377544
1278.0,3.4641016151377544
1279.0,3.4641016151377544
1280.0,3.4641016151377544
1281.0,3.4641016151377544
1282.0,3.4641016151377544
1283.0,3.4641016151377544
1284.0,3.4641016151377544
1285.0,3.4641016151377544
1286.0,3.4641016151377544
1287.0,3.4641016151377544
1288.0,3.4641016151377544
1289.0,3.4641016151377544
1290.0,3.4641016151377544
1291.0,3.4641016151377544
1292.0,3.4641016151377544
1293.0,3.4641016151377544
1294.0,3.4641016151377544
1295.0,3.4641016151377544
1296.0,3.4641016151377544
1297.0,3.4641016151377544
1298.0,3.4641016151377544
1299.0,3.4641016151377544
1300.0,3.4641016151377544
1301.0,3.4641016151377544
1302.0,3.4641016151377544
1303.0,3.4641016151377544
1304.0,3.4641016151377544
1305.0,3.4641016151377544
1306.0,3.4641016151377544
1307.0,3.4641016151377544
1308.0,3.4641016151377544
1309.0,3.4641016151377544
1310.0,3.4641016151377544
1311.0,3.4641016151377544
1312.0,3.4641016151377544
1313.0,3.4641016151377544
1314.0,3.4641016151377544
1315.0,3.4641016151377544
1316.0,3.4641016151377544
1317.0,3.4641016151377544
1318.0,3.4641016151377544
1319.0,3.4641016151377544
1320.0,3.4641016151377544
1321.0,3.4641016151377544
1322.0,3.4641016151377544
1323.0,3.4641016151377544
1324.0,3.4641016151377544
1325.0,3.4641016151377544
1326.0,3.4641016151377544
1327.0,3.4641016151377544
1328.0,3.4641016151377544
1329.0,3.4641016151377544
1330.0,3.4641016151377544
1331.0,3.4641016151377544
1332.0,3.4641016151377544
1333.0,3.4641016151377544
1334.0,3.4641016151377544
1335.0,3.4641016151377544
1336.0,3.4641016151377544
1337.0,3.4641016151377544
1338.0,3.4641016151377544
1339.0,3.4641016151377544
1340.0,3.4641016151377544
1341.0,3.4641016151377544
1342.0,3.4641016151377544
1343.0,3.4641016151377544
1344.0,3.4641016151377544
1345.0,3.4641016151377544
1346.0,3.4641016151377544
1347.0,3.4641016151377544
1348.0,3.4641016151377544
1349.0,3.4641016151377544
1350.0,3.4641016151377544
1351.0,3.4641016151377544
1352.0,3.4641016151377544
1353.0,3.4641016151377544
1354.0,3.4641016151377544
1355.0,3.4641016151377544
1356.0,3.4641016151377544
1357.0,3.4641016151377544
1358.0,3.4641016151377544
1359.0,3.4641016151377544
1360.0,3.4641016151377544
1361.0,3.4641016151377544
1362.0,3.4641016151377544
1363.0,3.4641016151377544
1364.0,3.4641016151377544
1365.0,3.4641016151377544
1366.0,3.4641016151377544
1367.0,3.4641016151377544
1368.0,3.4641016151377544
1369.0,3.4641016151377544
1370.0,3.4641016151377544
1371.0,3.4641016151377544
1372.0,3.4641016151377544
1373.0,3.4641016151377544
1374.0,3.4641016151377544
1375.0,3.4641016151377544
1376.0,3.4641016151377544
1377.0,3.4641016151377544
1378.0,3.4641016151377544
1379.0,3.4641016151377544
1380.0,3.4641016151377544
1381.0,3.4641016151377544
1382.0,3.4641016151377544
1383.0,3.3166247903554
1384.0,3.3166247903554
1385.0,3.3166247903554
1386.0,3.3166247903554
1387.0,3.3166247903554
1388.0,3.3166247903554
1389.0,3.3166247903554
1390.0,3.3166247903554
1391.0,3.3166247903554
1392.0,3.3166247903554
1393.0,3.3166247903554
1394.0,3.3166247903554
1395.0,3.3166247903554
1396.0,3.3166247903554
1397.0,3.3166247903554
1398.0,3.3166247903554
1399.0,3.3166247903554
1400.0,3.3166247903554
1401.0,3.3166247903554
1402.0,3.3166247903554
1403.0,3.3166247903554
1404.0,3.3166247903554
1405.0,3.3166247903554
1406.0,3.3166247903554
1407.0,3.3166247903554
1408.0,3.3166247903554
1409.0,3.3166247903554
1410.0,3.3166247903554
1411.0,3.3166247903554
1412.0,3.3166247903554
1413.0,3.3166247903554
1414.0,3.3166247903554
1415.0,3.3166247903554
1416.0,3.3166247903554
1417.0,3.3166247903554
1418.0,3.3166247903554
1419.0,3.3166247903554
1420.0,3.3166247903554
1421.0,3.3166247903554
1422.0,3.3166247903554
1423.0,3.3166247903554
1424.0,3.3166247903554
1425.0,3.3166247903554
1426.0,3.3166247903554
1427.0,3.3166247903554
1428.0,3.3166247903554
1429.0,3.3166247903554
1430.0,3.3166247903554
1431.0,3.3166247903554
1432.0,3.3166247903554
1433.0,3.3166247903554
1434.0,3.3166247903554
1435.0,3.3166247903554
1436.0,3.3166247903554
1437.0,3.3166247903554
1438.0,3.3166247903554
1439.0,3.3166247903554
1440.0,3.3166247903554
1441.0,3.3166247903554
1442.0,3.3166247903554
1443.0,3.3166247903554
1444.0,3.3166247903554
1445.0,3.3166247903554
1446.0,3.3166247903554
1447.0,3.3166247903554
1448.0,3.3166247903554
1449.0,3.3166247903554
1450.0,3.3166247903554
1451.0,3.3166247903554
1452.0,3.3166247903554
1453.0,3.3166247903554
1454.0,3.3166247903554
1455.0,3.3166247903554
1456.0,3.3166247903554
1457.0,3.3166247903554
1458.0,3.3166247903554
1459.0,3.3166247903554
1460.0,3.3166247903554
1461.0,3.3166247903554
1462.0,3.3166247903554
1463.0,3.3166247903554
1464.0,3.3166247903554
1465.0,3.3166247903554
1466.0,3.3166247903554
1467.0,3.3166247903554
1468.0,3.3166247903554
1469.0,3.3166247903554
1470.0,3.3166247903554
1471.0,3.3166247903554
1472.0,3.3166247903554
1473.0,3.3166247903554
1474.0,3.3166247903554
1475.0,3.3166247903554
1476.0,3.3166247903554
1477.0,3.3166247903554
1478.0,3.3166247903554
1479.0,3.3166247903554
1480.0,3.3166247903554
1481.0,3.3166247903554
1482.0,3.3166247903554
1483.0,3.3166247903554
1484.0,3.3166247903554
1485.0,3.3166247903554
1486.0,3.3166247903554
1487.0,3.3166247903554
1488.0,3.3166247903554
1489.0,3.3166247903554
1490.0,3.3166247903554
1491.0,3.3166247903554
1492.0,3.3166247903554
1493.0,3.3166247903554
1494.0,3.3166247903554
1495.0,3.3166247903554
1496.0,3.3166247903554
1497.0,3.3166247903554
1498.0,3.3166247903554
1499.0,3.3166247903554
1500.0,3.3166247903554
1501.0,3.3166247903554
1502.0,3.3166247903554
1503.0,3.3166247903554
1504.0,3.3166247903554
1505.0,3.3166247903554
1506.0,3.3166247903554
1507.0,3.3166247903554
1508.0,3.3166247903554
1509.0,3.3166247903554
1510.0,3.3166247903554
1511.0,3.3166247903554
1512.0,3.3166247903554
1513.0,3.3166247903554
1514.0,3.3166247903554
1515.0,3.3166247903554
1516.0,3.3166247903554
1517.0,3.3166247903554
1518.0,3.3166247903554
1519.0,3.3166247903554
1520.0,3.3166247903554
1521.0,3.3166247903554
1522.0,3.3166247903554
1523.0,3.3166247903554
1524.0,3.3166247903554
1525.0,3.3166247903554
1526.0,3.3166247903554
1527.0,3.3166247903554
1528.0,3.3166247903554
1529.0,3.3166247903554
1530.0,3.3166247903554
1531.0,3.3166247903554
1532.0,3.3166247903554
1533.0,3.3166247903554
1534.0,3.3166247903554
1535.0,3.3166247903554
1536.0,3.3166247903554
1537.0,3.3166247903554
1538.0,3.3166247903554
1539.0,3.3166247903554
1540.0,3.3166247903554
1541.0,3.3166247903554
1542.0,3.3166247903554
1543.0,3.3166247903554
1544.0,3.3166247903554
1545.0,3.3166247903554
1546.0,3.3166247903554
1547.0,3.3166247903554
1548.0,3.3166247903554
1549.0,3.3166247903554
1550.0,3.3166247903554
1551.0,3.3166247903554
1552.0,3.3166247903554
1553.0,3.3166247903554
1554.0,3.3166247903554
1555.0,3.3166247903554
1556.0,3.3166247903554
1557.0,3.3166247903554
1558.0,3.3166247903554
1559.0,3.3166247903554
1560.0,3.3166247903554
1561.0,3.3166247903554
1562.0,3.3166247903554
1563.0,3.3166247903554
1564.0,3.3166247903554
1565.0,3.3166247903554
1566.0,3.3166247903554
1567.0,3.3166247903554
1568.0,3.3166247903554
1569.0,3.3166247903554
1570.0,3.3166247903554
1571.0,3.3166247903554
1572.0,3.3166247903554
1573.0,3.3166247903554
1574.0,3.3166247903554
1575.0,3.3166247903554
1576.0,3.3166247903554
1577.0,3.3166247903554
1578.0,3.3166247903554
1579.0,3.3166247903554
1580.0,3.3166247903554
1581.0,3.3166247903554
1582.0,3.3166247903554
1583.0,3.3166247903554
1584.0,3.3166247903554
1585.0,3.3166247903554
1586.0,3.3166247903554
1587.0,3.3166247903554
1588.0,3.3166247903554
1589.0,3.3166247903554
1590.0,3.3166247903554
1591.0,3.3166247903554
1592.0,3.3166247903554
1593.0,3.3166247903554
1594.0,3.3166247903554
1595.0,3.3166247903554
1596.0,3.3166247903554
1597.0,3.3166247903554
1598.0,3.3166247903554
1599.0,3.3166247903554
1600.0,3.3166247903554
1601.0,3.3166247903554
1602.0,3.3166247903554
1603.0,3.3166247903554
1604.0,3.3166247903554
1605.0,3.3166247903554
1606.0,3.3166247903554
1607.0,3.3166247903554
1608.0,3.3166247903554
1609.0,3.3166247903554
1610.0,3.3166247903554
1611.0,3.3166247903554
1612.0,3.3166247903554
1613.0,3.3166247903554
1614.0,3.3166247903554
1615.0,3.3166247903554
1616.0,3.3166247903554
1617.0,3.3166247903554
1618.0,3.3166247903554
1619.0,3.3166247903554
1620.0,3.3166247903554
1621.0,3.3166247903554
1622.0,3.3166247903554
1623.0,3.3166247903554
1624.0,3.3166247903554
1625.0,3.3166247903554
1626.0,3.3166247903554
1627.0,3.3166247903554
1628.0,3.3166247903554
1629.0,3.3166247903554
1630.0,3.3166247903554
1631.0,3.3166247903554
1632.0,3.3166247903554
1633.0,3.3166247903554
1634.0,3.3166247903554
1635.0,3.0
1636.0,3.0
1637.0,3.0
1638.0,3.0
1639.0,3.0
1640.0,3.0
1641.0,3.0
1642.0,3.0
1643.0,3.0
1644.0,3.0
1645.0,3.0
1646.0,3.0
1647.0,3.0
1648.0,3.0
1649.0,3.0
1650.0,3.0
1651.0,3.0
1652.0,3.0
1653.0,3.0
1654.0,3.0
1655.0,3.0
1656.0,3.0
1657.0,3.0
1658.0,3.0
1659.0,3.0
1660.0,3.0
1661.0,3.0
1662.0,3.0
1663.0,3.0
1664.0,3.0
1665.0,3.0
1666.0,3.0
1667.0,3.0
1668.0,3.0
1669.0,3.0
1670.0,3.0
1671.0,2.449489742783178
1672.0,2.449489742783178
1673.0,2.449489742783178
1674.0,2.449489742783178
1675.0,2.449489742783178
1676.0,2.449489742783178
1677.0,2.449489742783178
1678.0,2.449489742783178
1679.0,2.449489742783178
1680.0,2.449489742783178
1681.0,2.449489742783178
1682.0,2.449489742783178
1683.0,2.449489742783178
1684.0,2.449489742783178
1685.0,2.449489742783178
1686.0,2.449489742783178
1687.0,2.449489742783178
1688.0,2.449489742783178
1689.0,2.449489742783178
1690.0,2.449489742783178
1691.0,2.449489742783178
1692.0,2.449489742783178
1693.0,2.449489742783178
1694.0,2.449489742783178
1695.0,2.449489742783178
1696.0,2.449489742783178
1697.0,2.449489742783178
1698.0,2.449489742783178
1699.0,2.449489742783178
1700.0,2.449489742783178
1701.0,2.449489742783178
1702.0,2.449489742783178
1703.0,2.449489742783178
1704.0,2.449489742783178
1705.0,2.449489742783178
1706.0,2.449489742783178
1707.0,2.449489742783178
1708.0,2.449489742783178
1709.0,2.449489742783178
1710.0,2.449489742783178
1711.0,2.449489742783178
1712.0,2.449489742783178
1713.0,2.449489742783178
1714.0,2.449489742783178
1715.0,2.449489742783178
1716.0,2.449489742783178
1717.0,2.449489742783178
1718.0,2.449489742783178
1719.0,2.449489742783178
1720.0,2.449489742783178
1721.0,2.449489742783178
1722.0,2.449489742783178
1723.0,2.449489742783178
1724.0,2.449489742783178
1725.0,2.449489742783178
1726.0,2.449489742783178
1727.0,2.449489742783178
1728.0,2.449489742783178
1729.0,2.449489742783178
1730.0,2.449489742783178
1731.0,2.449489742783178
1732.0,2.449489742783178
1733.0,2.449489742783178
1734.0,2.449489742783178
1735.0,2.449489742783178
1736.0,2.449489742783178
1737.0,2.449489742783178
1738.0,2.449489742783178
1739.0,2.449489742783178
1740.0,2.449489742783178
1741.0,2.449489742783178
1742.0,2.449489742783178
1743.0,2.449489742783178
1744.0,2.449489742783178
1745.0,2.449489742783178
1746.0,2.449489742783178
1747.0,2.449489742783178
1748.0,2.449489742783178
1749.0,2.449489742783178
1750.0,2.449489742783178
1751.0,2.449489742783178
1752.0,2.449489742783178
1753.0,2.449489742783178
1754.0,2.449489742783178
1755.0,2.449489742783178
1756.0,2.449489742783178
1757.0,2.449489742783178
1758.0,2.449489742783178
1759.0,2.449489742783178
1760.0,2.449489742783178
1761.0,2.449489742783178
1762.0,2.449489742783178
1763.0,2.449489742783178
1764.0,2.449489742783178
1765.0,2.449489742783178
1766.0,2.449489742783178
1767.0,2.449489742783178
1768.0,2.449489742783178
1769.0,2.449489742783178
1770.0,2.449489742783178
1771.0,2.449489742783178
1772.0,2.449489742783178
1773.0,2.449489742783178
1774.0,2.449489742783178
1775.0,2.449489742783178
1776.0,2.449489742783178
1777.0,2.449489742783178
1778.0,2.449489742783178
1779.0,2.449489742783178
1780.0,2.449489742783178
1781.0,2.449489742783178
1782.0,2.449489742783178
1783.0,2.449489742783178
1784.0,2.449489742783178
1785.0,2.449489742783178
1786.0,2.449489742783178
1787.0,2.449489742783178
1788.0,2.449489742783178
1789.0,2.449489742783178
1790.0,2.449489742783178
1791.0,2.449489742783178
1792.0,2.449489742783178
1793.0,2.449489742783178
1794.0,2.449489742783178
1795.0,2.449489742783178
1796.0,2.449489742783178
1797.0,2.449489742783178
1798.0,2.449489742783178
1799.0,2.449489742783178
1800.0,2.449489742783178
1801.0,2.449489742783178
1802.0,2.449489742783178
1803.0,2.449489742783178
1804.0,2.449489742783178
1805.0,2.449489742783178
1806.0,2.449489742783178
1807.0,2.449489742783178
1808.0,2.449489742783178
1809.0,2.449489742783178
1810.0,2.449489742783178
1811.0,2.449489742783178
1812.0,2.449489742783178
1813.0,2.449489742783178
1814.0,2.449489742783178
1815.0,2.449489742783178
1816.0,2.449489742783178
1817.0,2.449489742783178
1818.0,2.449489742783178
1819.0,2.449489742783178
1820.0,2.449489742783178
1821.0,2.449489742783178
1822.0,2.449489742783178
1823.0,2.449489742783178
1824.0,2.449489742783178
1825.0,2.449489742783178
1826.0,2.449489742783178
1827.0,2.449489742783178
1828.0,2.449489742783178
1829.0,2.449489742783178
1830.0,2.449489742783178
1831.0,2.449489742783178
1832.0,2.449489742783178
1833.0,2.449489742783178
1834.0,2.449489742783178
1835.0,2.449489742783178
1836.0,2.449489742783178
1837.0,2.449489742783178
1838.0,2.449489742783178
1839.0,2.449489742783178
1840.0,2.449489742783178
1841.0,2.449489742783178
1842.0,2.449489742783178
1843.0,2.449489742783178
1844.0,2.449489742783178
1845.0,2.449489742783178
1846.0,2.449489742783178
1847.0,2.449489742783178
1848.0,2.449489742783178
1849.0,2.449489742783178
1850.0,2.449489742783178
1851.0,2.449489742783178
1852.0,2.449489742783178
1853.0,2.449489742783178
1854.0,2.449489742783178
1855.0,2.449489742783178
1856.0,2.449489742783178
1857.0,2.449489742783178
1858.0,2.449489742783178
1859.0,2.449489742783178
1860.0,2.449489742783178
1861.0,2.449489742783178
1862.0,2.449489742783178
1863.0,2.449489742783178
1864.0,2.449489742783178
1865.0,2.449489742783178
1866.0,2.449489742783178
1867.0,2.449489742783178
1868.0,2.449489742783178
1869.0,2.449489742783178
1870.0,2.449489742783178
1871.0,2.449489742783178
1872.0,2.449489742783178
1873.0,2.449489742783178
1874.0,2.449489742783178
1875.0,2.449489742783178
1876.0,2.449489742783178
1877.0,2.449489742783178
1878.0,2.449489742783178
1879.0,2.449489742783178
1880.0,2.449489742783178
1881.0,2.449489742783178
1882.0,2.449489742783178
1883.0,2.449489742783178
1884.0,2.449489742783178
1885.0,2.449489742783178
1886.0,2.449489742783178
1887.0,2.449489742783178
1888.0,2.449489742783178
1889.0,2.449489742783178
1890.0,2.449489742783178
1891.0,2.449489742783178
1892.0,2.449489742783178
1893.0,2.449489742783178
1894.0,2.449489742783178
1895.0,2.449489742783178
1896.0,2.449489742783178
1897.0,2.449489742783178
1898.0,2.449489742783178
1899.0,2.449489742783178
1900.0,2.449489742783178
1901.0,2.449489742783178
1902.0,2.449489742783178
1903.0,2.449489742783178
1904.0,2.449489742783178
1905.0,2.449489742783178
1906.0,2.449489742783178
1907.0,2.449489742783178
1908.0,2.449489742783178
1909.0,2.449489742783178
1910.0,2.449489742783178
1911.0,2.449489742783178
1912.0,2.449489742783178
1913.0,2.449489742783178
1914.0,2.449489742783178
1915.0,2.449489742783178
1916.0,2.449489742783178
1917.0,2.449489742783178
1918.0,2.449489742783178
1919.0,2.449489742783178
1920.0,2.449489742783178
1921.0,2.449489742783178
1922.0,2.449489742783178
1923.0,2.449489742783178
1924.0,2.449489742783178
1925.0,2.449489742783178
1926.0,2.449489742783178
1927.0,2.449489742783178
1928.0,2.449489742783178
1929.0,2.449489742783178
1930.0,2.449489742783178
1931.0,2.449489742783178
1932.0,2.449489742783178
1933.0,2.449489742783178
1934.0,2.449489742783178
1935.0,2.449489742783178
1936.0,2.449489742783178
1937.0,2.449489742783178
1938.0,2.449489742783178
1939.0,2.449489742783178
1940.0,2.449489742783178
1941.0,2.449489742783178
1942.0,2.449489742783178
1943.0,2.449489742783178
1944.0,2.449489742783178
1945.0,2.449489742783178
1946.0,2.449489742783178
1947.0,2.0
1948.0,2.0
1949.0,2.0
1950.0,2.0
1951.0,2.0
1952.0,2.0
1953.0,2.0
1954.0,2.0
1955.0,2.0
1956.0,2.0
1957.0,2.0
1958.0,2.0
1959.0,2.0
1960.0,2.0
1961.0,2.0
1962.0,2.0
1963.0,2.0
1964.0,2.0
1965.0,2.0
1966.0,2.0
1967.0,2.0
1968.0,2.0
1969.0,2.0
1970.0,2.0
1971.0,2.0
1972.0,2.0
1973.0,2.0
1974.0,2.0
1975.0,2.0
1976.0,2.0
1977.0,2.0
1978.0,2.0
1979.0,2.0
1980.0,2.0
1981.0,2.0
1982.0,2.0
1983.0,2.0
1984.0,2.0
1985.0,2.0
1986.0,2.0
1987.0,2.0
1988.0,2.0
1989.0,2.0
1990.0,2.0
1991.0,2.0
1992.0,2.0
1993.0,2.0
1994.0,2.0
1995.0,2.0
1996.0,2.0
1997.0,2.0
1998.0,2.0
1999.0,2.0
2000.0,2.0
2001.0,2.0
