Iteration,Fitness
2.0,23.065125189341593
3.0,23.065125189341593
4.0,23.065125189341593
5.0,23.065125189341593
6.0,23.065125189341593
7.0,23.065125189341593
8.0,23.065125189341593
9.0,23.065125189341593
10.0,23.065125189341593
11.0,23.065125189341593
12.0,23.065125189341593
13.0,23.065125189341593
14.0,23.065125189341593
15.0,23.065125189341593
16.0,21.236760581595302
17.0,21.236760581595302
18.0,21.236760581595302
19.0,21.236760581595302
20.0,21.236760581595302
21.0,15.811388300841896
22.0,15.811388300841896
23.0,15.811388300841896
24.0,15.811388300841896
25.0,15.811388300841896
26.0,15.811388300841896
27.0,15.811388300841896
28.0,15.811388300841896
29.0,15.811388300841896
30.0,15.811388300841896
31.0,15.811388300841896
32.0,15.716233645501712
33.0,15.716233645501712
34.0,11.575836902790225
35.0,11.575836902790225
36.0,11.575836902790225
37.0,11.575836902790225
38.0,11.575836902790225
39.0,11.575836902790225
40.0,11.575836902790225
41.0,11.575836902790225
42.0,11.575836902790225
43.0,11.575836902790225
44.0,11.575836902790225
45.0,11.575836902790225
46.0,11.575836902790225
47.0,11.575836902790225
48.0,11.575836902790225
49.0,11.575836902790225
50.0,11.575836902790225
51.0,11.575836902790225
52.0,11.575836902790225
53.0,11.575836902790225
54.0,8.12403840463596
55.0,8.12403840463596
56.0,8.12403840463596
57.0,8.12403840463596
58.0,8.12403840463596
59.0,8.12403840463596
60.0,8.12403840463596
61.0,8.12403840463596
62.0,8.12403840463596
63.0,8.12403840463596
64.0,8.12403840463596
65.0,8.12403840463596
66.0,8.12403840463596
67.0,8.12403840463596
68.0,8.12403840463596
69.0,8.12403840463596
70.0,8.12403840463596
71.0,8.12403840463596
72.0,8.12403840463596
73.0,8.12403840463596
74.0,8.12403840463596
75.0,8.12403840463596
76.0,8.12403840463596
77.0,8.12403840463596
78.0,8.12403840463596
79.0,8.12403840463596
80.0,8.12403840463596
81.0,8.12403840463596
82.0,8.12403840463596
83.0,8.12403840463596
84.0,8.12403840463596
85.0,8.12403840463596
86.0,8.12403840463596
87.0,8.12403840463596
88.0,8.12403840463596
89.0,8.12403840463596
90.0,8.12403840463596
91.0,8.12403840463596
92.0,8.12403840463596
93.0,8.12403840463596
94.0,8.12403840463596
95.0,8.12403840463596
96.0,8.12403840463596
97.0,8.12403840463596
98.0,8.12403840463596
99.0,8.12403840463596
100.0,8.12403840463596
101.0,7.3484692283495345
102.0,7.3484692283495345
103.0,7.3484692283495345
104.0,7.3484692283495345
105.0,7.3484692283495345
106.0,7.3484692283495345
107.0,7.3484692283495345
108.0,7.3484692283495345
109.0,7.3484692283495345
110.0,7.3484692283495345
111.0,7.3484692283495345
112.0,7.3484692283495345
113.0,7.3484692283495345
114.0,7.3484692283495345
115.0,7.3484692283495345
116.0,7.3484692283495345
117.0,7.3484692283495345
118.0,7.3484692283495345
119.0,7.3484692283495345
120.0,7.3484692283495345
121.0,7.3484692283495345
122.0,7.3484692283495345
123.0,7.3484692283495345
124.0,7.3484692283495345
125.0,7.3484692283495345
126.0,7.3484692283495345
127.0,7.3484692283495345
128.0,7.3484692283495345
129.0,7.3484692283495345
130.0,7.3484692283495345
131.0,7.3484692283495345
132.0,7.3484692283495345
133.0,7.3484692283495345
134.0,7.3484692283495345
135.0,7.3484692283495345
136.0,7.3484692283495345
137.0,7.3484692283495345
138.0,7.3484692283495345
139.0,7.3484692283495345
140.0,7.3484692283495345
141.0,7.3484692283495345
142.0,7.3484692283495345
143.0,7.3484692283495345
144.0,7.3484692283495345
145.0,7.3484692283495345
146.0,7.3484692283495345
147.0,7.3484692283495345
148.0,7.3484692283495345
149.0,7.3484692283495345
150.0,7.3484692283495345
151.0,7.3484692283495345
152.0,7.3484692283495345
153.0,7.3484692283495345
154.0,7.3484692283495345
155.0,7.3484692283495345
156.0,7.3484692283495345
157.0,7.3484692283495345
158.0,7.3484692283495345
159.0,7.3484692283495345
160.0,7.3484692283495345
161.0,7.3484692283495345
162.0,7.3484692283495345
163.0,7.3484692283495345
164.0,7.3484692283495345
165.0,7.3484692283495345
166.0,7.3484692283495345
167.0,7.3484692283495345
168.0,7.3484692283495345
169.0,7.3484692283495345
170.0,7.3484692283495345
171.0,7.3484692283495345
172.0,7.3484692283495345
173.0,7.3484692283495345
174.0,7.3484692283495345
175.0,7.3484692283495345
176.0,7.3484692283495345
177.0,7.3484692283495345
178.0,7.3484692283495345
179.0,7.3484692283495345
180.0,7.3484692283495345
181.0,7.3484692283495345
182.0,7.3484692283495345
183.0,7.3484692283495345
184.0,7.3484692283495345
185.0,7.3484692283495345
186.0,7.3484692283495345
187.0,7.3484692283495345
188.0,7.3484692283495345
189.0,7.3484692283495345
190.0,7.3484692283495345
191.0,7.3484692283495345
192.0,7.3484692283495345
193.0,5.385164807134504
194.0,5.385164807134504
195.0,5.385164807134504
196.0,5.385164807134504
197.0,5.385164807134504
198.0,5.385164807134504
199.0,5.385164807134504
200.0,5.385164807134504
201.0,5.385164807134504
202.0,5.385164807134504
203.0,5.385164807134504
204.0,5.385164807134504
205.0,5.385164807134504
206.0,5.385164807134504
207.0,5.385164807134504
208.0,5.385164807134504
209.0,5.385164807134504
210.0,5.385164807134504
211.0,5.385164807134504
212.0,5.385164807134504
213.0,5.385164807134504
214.0,5.385164807134504
215.0,5.385164807134504
216.0,5.385164807134504
217.0,5.385164807134504
218.0,5.385164807134504
219.0,5.385164807134504
220.0,5.385164807134504
221.0,5.385164807134504
222.0,5.385164807134504
223.0,5.385164807134504
224.0,5.385164807134504
225.0,5.385164807134504
226.0,5.385164807134504
227.0,5.385164807134504
228.0,5.385164807134504
229.0,5.385164807134504
230.0,5.385164807134504
231.0,5.385164807134504
232.0,5.385164807134504
233.0,5.385164807134504
234.0,5.385164807134504
235.0,5.385164807134504
236.0,5.385164807134504
237.0,5.385164807134504
238.0,5.385164807134504
239.0,5.385164807134504
240.0,5.385164807134504
241.0,5.385164807134504
242.0,5.385164807134504
243.0,5.385164807134504
244.0,5.385164807134504
245.0,5.385164807134504
246.0,5.385164807134504
247.0,5.385164807134504
248.0,5.385164807134504
249.0,5.385164807134504
250.0,5.385164807134504
251.0,5.385164807134504
252.0,5.385164807134504
253.0,5.385164807134504
254.0,5.385164807134504
255.0,5.385164807134504
256.0,5.385164807134504
257.0,5.385164807134504
258.0,5.385164807134504
259.0,5.385164807134504
260.0,5.385164807134504
261.0,5.385164807134504
262.0,5.385164807134504
263.0,5.385164807134504
264.0,5.385164807134504
265.0,5.385164807134504
266.0,5.385164807134504
267.0,5.385164807134504
268.0,5.385164807134504
269.0,5.385164807134504
270.0,5.385164807134504
271.0,5.385164807134504
272.0,5.385164807134504
273.0,5.385164807134504
274.0,5.385164807134504
275.0,5.385164807134504
276.0,5.385164807134504
277.0,5.385164807134504
278.0,5.385164807134504
279.0,5.385164807134504
280.0,5.385164807134504
281.0,5.385164807134504
282.0,5.385164807134504
283.0,5.385164807134504
284.0,5.385164807134504
285.0,5.385164807134504
286.0,5.385164807134504
287.0,5.385164807134504
288.0,5.385164807134504
289.0,5.385164807134504
290.0,5.385164807134504
291.0,5.385164807134504
292.0,5.385164807134504
293.0,5.385164807134504
294.0,5.385164807134504
295.0,5.385164807134504
296.0,5.385164807134504
297.0,5.385164807134504
298.0,5.385164807134504
299.0,5.385164807134504
300.0,5.385164807134504
301.0,5.385164807134504
302.0,5.385164807134504
303.0,5.385164807134504
304.0,5.385164807134504
305.0,5.385164807134504
306.0,5.385164807134504
307.0,5.385164807134504
308.0,5.385164807134504
309.0,5.385164807134504
310.0,5.385164807134504
311.0,5.385164807134504
312.0,5.385164807134504
313.0,5.385164807134504
314.0,5.385164807134504
315.0,5.385164807134504
316.0,5.385164807134504
317.0,5.385164807134504
318.0,5.385164807134504
319.0,5.385164807134504
320.0,5.385164807134504
321.0,5.385164807134504
322.0,5.385164807134504
323.0,5.385164807134504
324.0,5.385164807134504
325.0,5.385164807134504
326.0,5.385164807134504
327.0,5.385164807134504
328.0,5.385164807134504
329.0,5.385164807134504
330.0,5.385164807134504
331.0,5.385164807134504
332.0,5.385164807134504
333.0,5.385164807134504
334.0,5.385164807134504
335.0,5.385164807134504
336.0,5.385164807134504
337.0,5.385164807134504
338.0,5.385164807134504
339.0,5.385164807134504
340.0,5.385164807134504
341.0,5.385164807134504
342.0,5.385164807134504
343.0,5.385164807134504
344.0,5.385164807134504
345.0,5.385164807134504
346.0,5.385164807134504
347.0,5.385164807134504
348.0,5.385164807134504
349.0,5.385164807134504
350.0,5.385164807134504
351.0,5.385164807134504
352.0,5.385164807134504
353.0,5.385164807134504
354.0,5.385164807134504
355.0,5.385164807134504
356.0,5.385164807134504
357.0,5.385164807134504
358.0,5.385164807134504
359.0,5.385164807134504
360.0,5.385164807134504
361.0,5.385164807134504
362.0,5.385164807134504
363.0,5.385164807134504
364.0,5.385164807134504
365.0,5.385164807134504
366.0,5.385164807134504
367.0,5.385164807134504
368.0,5.385164807134504
369.0,4.795831523312719
370.0,4.795831523312719
371.0,4.795831523312719
372.0,4.795831523312719
373.0,4.795831523312719
374.0,4.795831523312719
375.0,4.795831523312719
376.0,4.795831523312719
377.0,4.795831523312719
378.0,4.795831523312719
379.0,4.795831523312719
380.0,4.795831523312719
381.0,4.795831523312719
382.0,4.795831523312719
383.0,4.795831523312719
384.0,4.795831523312719
385.0,4.795831523312719
386.0,4.795831523312719
387.0,4.795831523312719
388.0,4.795831523312719
389.0,4.795831523312719
390.0,4.795831523312719
391.0,4.795831523312719
392.0,4.795831523312719
393.0,4.795831523312719
394.0,4.795831523312719
395.0,4.795831523312719
396.0,4.795831523312719
397.0,4.795831523312719
398.0,4.795831523312719
399.0,4.795831523312719
400.0,4.795831523312719
401.0,4.795831523312719
402.0,4.795831523312719
403.0,4.795831523312719
404.0,4.795831523312719
405.0,4.795831523312719
406.0,4.795831523312719
407.0,4.795831523312719
408.0,4.795831523312719
409.0,4.795831523312719
410.0,4.795831523312719
411.0,4.795831523312719
412.0,4.795831523312719
413.0,4.795831523312719
414.0,4.795831523312719
415.0,4.795831523312719
416.0,4.795831523312719
417.0,4.795831523312719
418.0,4.795831523312719
419.0,4.795831523312719
420.0,4.795831523312719
421.0,4.795831523312719
422.0,4.795831523312719
423.0,4.795831523312719
424.0,4.795831523312719
425.0,4.795831523312719
426.0,4.795831523312719
427.0,4.795831523312719
428.0,4.795831523312719
429.0,4.795831523312719
430.0,4.795831523312719
431.0,4.795831523312719
432.0,4.795831523312719
433.0,4.795831523312719
434.0,4.795831523312719
435.0,4.795831523312719
436.0,4.795831523312719
437.0,4.795831523312719
438.0,4.795831523312719
439.0,4.795831523312719
440.0,4.795831523312719
441.0,4.795831523312719
442.0,4.795831523312719
443.0,4.795831523312719
444.0,4.795831523312719
445.0,4.795831523312719
446.0,4.795831523312719
447.0,4.795831523312719
448.0,4.795831523312719
449.0,4.795831523312719
450.0,4.795831523312719
451.0,4.795831523312719
452.0,4.795831523312719
453.0,4.795831523312719
454.0,4.795831523312719
455.0,4.795831523312719
456.0,4.795831523312719
457.0,4.795831523312719
458.0,4.795831523312719
459.0,4.795831523312719
460.0,4.795831523312719
461.0,4.795831523312719
462.0,4.795831523312719
463.0,4.795831523312719
464.0,4.795831523312719
465.0,4.795831523312719
466.0,4.795831523312719
467.0,4.795831523312719
468.0,4.795831523312719
469.0,4.795831523312719
470.0,4.795831523312719
471.0,4.795831523312719
472.0,4.795831523312719
473.0,4.795831523312719
474.0,4.795831523312719
475.0,4.795831523312719
476.0,4.795831523312719
477.0,4.795831523312719
478.0,4.795831523312719
479.0,4.795831523312719
480.0,4.795831523312719
481.0,4.795831523312719
482.0,4.795831523312719
483.0,4.795831523312719
484.0,4.795831523312719
485.0,4.795831523312719
486.0,4.795831523312719
487.0,4.795831523312719
488.0,4.795831523312719
489.0,4.795831523312719
490.0,4.795831523312719
491.0,4.795831523312719
492.0,4.795831523312719
493.0,4.795831523312719
494.0,4.795831523312719
495.0,4.795831523312719
496.0,4.795831523312719
497.0,4.795831523312719
498.0,4.795831523312719
499.0,4.795831523312719
500.0,4.795831523312719
501.0,4.795831523312719
502.0,4.795831523312719
503.0,4.795831523312719
504.0,4.795831523312719
505.0,4.795831523312719
506.0,4.795831523312719
507.0,4.795831523312719
508.0,4.795831523312719
509.0,4.795831523312719
510.0,4.795831523312719
511.0,4.795831523312719
512.0,4.795831523312719
513.0,4.795831523312719
514.0,4.795831523312719
515.0,4.795831523312719
516.0,4.795831523312719
517.0,4.795831523312719
518.0,4.795831523312719
519.0,4.795831523312719
520.0,4.795831523312719
521.0,4.795831523312719
522.0,4.795831523312719
523.0,4.795831523312719
524.0,4.795831523312719
525.0,4.795831523312719
526.0,4.795831523312719
527.0,4.795831523312719
528.0,4.795831523312719
529.0,4.795831523312719
530.0,4.795831523312719
531.0,4.58257569495584
532.0,4.58257569495584
533.0,4.58257569495584
534.0,4.58257569495584
535.0,4.58257569495584
536.0,4.58257569495584
537.0,4.58257569495584
538.0,4.58257569495584
539.0,4.58257569495584
540.0,4.58257569495584
541.0,4.58257569495584
542.0,4.58257569495584
543.0,4.58257569495584
544.0,4.58257569495584
545.0,4.58257569495584
546.0,4.58257569495584
547.0,4.58257569495584
548.0,4.58257569495584
549.0,4.58257569495584
550.0,4.58257569495584
551.0,4.58257569495584
552.0,4.58257569495584
553.0,4.58257569495584
554.0,4.58257569495584
555.0,4.58257569495584
556.0,4.58257569495584
557.0,4.58257569495584
558.0,4.58257569495584
559.0,4.58257569495584
560.0,4.58257569495584
561.0,4.58257569495584
562.0,4.58257569495584
563.0,4.58257569495584
564.0,4.58257569495584
565.0,4.58257569495584
566.0,4.58257569495584
567.0,4.58257569495584
568.0,4.58257569495584
569.0,4.58257569495584
570.0,4.58257569495584
571.0,4.58257569495584
572.0,4.58257569495584
573.0,4.58257569495584
574.0,4.58257569495584
575.0,4.58257569495584
576.0,4.58257569495584
577.0,4.58257569495584
578.0,4.58257569495584
579.0,4.58257569495584
580.0,4.58257569495584
581.0,4.58257569495584
582.0,4.58257569495584
583.0,4.58257569495584
584.0,4.58257569495584
585.0,4.58257569495584
586.0,4.58257569495584
587.0,4.58257569495584
588.0,4.58257569495584
589.0,4.58257569495584
590.0,4.58257569495584
591.0,4.58257569495584
592.0,4.58257569495584
593.0,4.58257569495584
594.0,4.58257569495584
595.0,4.58257569495584
596.0,4.58257569495584
597.0,4.58257569495584
598.0,4.58257569495584
599.0,4.58257569495584
600.0,4.58257569495584
601.0,4.58257569495584
602.0,4.58257569495584
603.0,4.58257569495584
604.0,4.58257569495584
605.0,4.58257569495584
606.0,4.58257569495584
607.0,4.58257569495584
608.0,4.58257569495584
609.0,4.58257569495584
610.0,4.58257569495584
611.0,4.58257569495584
612.0,4.58257569495584
613.0,4.58257569495584
614.0,4.58257569495584
615.0,4.58257569495584
616.0,4.58257569495584
617.0,4.58257569495584
618.0,4.58257569495584
619.0,4.58257569495584
620.0,4.58257569495584
621.0,4.58257569495584
622.0,4.58257569495584
623.0,4.58257569495584
624.0,4.58257569495584
625.0,4.58257569495584
626.0,4.58257569495584
627.0,4.58257569495584
628.0,4.58257569495584
629.0,4.58257569495584
630.0,4.58257569495584
631.0,4.58257569495584
632.0,4.58257569495584
633.0,4.58257569495584
634.0,4.58257569495584
635.0,4.58257569495584
636.0,4.58257569495584
637.0,4.58257569495584
638.0,4.123105625617661
639.0,4.123105625617661
640.0,4.123105625617661
641.0,4.123105625617661
642.0,4.123105625617661
643.0,4.123105625617661
644.0,4.123105625617661
645.0,4.123105625617661
646.0,4.123105625617661
647.0,4.123105625617661
648.0,4.123105625617661
649.0,4.123105625617661
650.0,4.123105625617661
651.0,4.123105625617661
652.0,4.123105625617661
653.0,4.123105625617661
654.0,4.123105625617661
655.0,4.123105625617661
656.0,4.123105625617661
657.0,4.123105625617661
658.0,4.123105625617661
659.0,4.123105625617661
660.0,4.123105625617661
661.0,4.123105625617661
662.0,4.123105625617661
663.0,4.123105625617661
664.0,4.123105625617661
665.0,4.123105625617661
666.0,4.123105625617661
667.0,4.123105625617661
668.0,4.123105625617661
669.0,4.123105625617661
670.0,4.123105625617661
671.0,4.123105625617661
672.0,4.123105625617661
673.0,4.123105625617661
674.0,4.123105625617661
675.0,4.123105625617661
676.0,4.123105625617661
677.0,4.123105625617661
678.0,4.123105625617661
679.0,4.123105625617661
680.0,4.123105625617661
681.0,4.123105625617661
682.0,4.123105625617661
683.0,4.123105625617661
684.0,4.123105625617661
685.0,4.123105625617661
686.0,4.123105625617661
687.0,4.123105625617661
688.0,4.123105625617661
689.0,4.123105625617661
690.0,4.123105625617661
691.0,4.123105625617661
692.0,4.123105625617661
693.0,4.123105625617661
694.0,4.123105625617661
695.0,4.123105625617661
696.0,4.123105625617661
697.0,4.123105625617661
698.0,4.123105625617661
699.0,4.123105625617661
700.0,4.123105625617661
701.0,4.123105625617661
702.0,4.123105625617661
703.0,4.123105625617661
704.0,4.123105625617661
705.0,4.123105625617661
706.0,4.123105625617661
707.0,4.123105625617661
708.0,4.123105625617661
709.0,4.123105625617661
710.0,4.123105625617661
711.0,4.123105625617661
712.0,4.123105625617661
713.0,4.123105625617661
714.0,4.123105625617661
715.0,4.123105625617661
716.0,3.4641016151377544
717.0,3.4641016151377544
718.0,3.4641016151377544
719.0,3.4641016151377544
720.0,3.4641016151377544
721.0,3.4641016151377544
722.0,3.4641016151377544
723.0,3.4641016151377544
724.0,3.4641016151377544
725.0,3.4641016151377544
726.0,3.4641016151377544
727.0,3.4641016151377544
728.0,3.4641016151377544
729.0,3.4641016151377544
730.0,3.4641016151377544
731.0,3.4641016151377544
732.0,3.4641016151377544
733.0,3.4641016151377544
734.0,3.4641016151377544
735.0,3.4641016151377544
736.0,3.4641016151377544
737.0,3.4641016151377544
738.0,3.4641016151377544
739.0,3.4641016151377544
740.0,3.4641016151377544
741.0,3.4641016151377544
742.0,3.4641016151377544
743.0,3.4641016151377544
744.0,3.4641016151377544
745.0,3.4641016151377544
746.0,3.4641016151377544
747.0,3.4641016151377544
748.0,3.4641016151377544
749.0,3.4641016151377544
750.0,3.4641016151377544
751.0,3.4641016151377544
752.0,3.4641016151377544
753.0,3.4641016151377544
754.0,3.4641016151377544
755.0,3.4641016151377544
756.0,3.4641016151377544
757.0,3.4641016151377544
758.0,3.4641016151377544
759.0,3.4641016151377544
760.0,3.4641016151377544
761.0,3.4641016151377544
762.0,3.4641016151377544
763.0,3.4641016151377544
764.0,3.4641016151377544
765.0,3.4641016151377544
766.0,3.4641016151377544
767.0,3.4641016151377544
768.0,3.4641016151377544
769.0,3.4641016151377544
770.0,3.4641016151377544
771.0,3.4641016151377544
772.0,3.4641016151377544
773.0,3.4641016151377544
774.0,3.4641016151377544
775.0,3.4641016151377544
776.0,3.4641016151377544
777.0,3.4641016151377544
778.0,3.4641016151377544
779.0,3.4641016151377544
780.0,3.4641016151377544
781.0,3.4641016151377544
782.0,3.4641016151377544
783.0,3.4641016151377544
784.0,3.4641016151377544
785.0,3.4641016151377544
786.0,3.4641016151377544
787.0,3.4641016151377544
788.0,3.4641016151377544
789.0,3.4641016151377544
790.0,3.4641016151377544
791.0,3.4641016151377544
792.0,3.4641016151377544
793.0,3.4641016151377544
794.0,3.4641016151377544
795.0,3.4641016151377544
796.0,3.4641016151377544
797.0,3.4641016151377544
798.0,3.4641016151377544
799.0,3.4641016151377544
800.0,3.4641016151377544
801.0,3.4641016151377544
802.0,3.4641016151377544
803.0,3.4641016151377544
804.0,3.4641016151377544
805.0,3.4641016151377544
806.0,3.4641016151377544
807.0,3.4641016151377544
808.0,3.4641016151377544
809.0,3.4641016151377544
810.0,3.4641016151377544
811.0,3.4641016151377544
812.0,3.4641016151377544
813.0,3.4641016151377544
814.0,3.4641016151377544
815.0,3.4641016151377544
816.0,3.4641016151377544
817.0,3.4641016151377544
818.0,3.4641016151377544
819.0,3.4641016151377544
820.0,3.4641016151377544
821.0,3.4641016151377544
822.0,3.4641016151377544
823.0,3.4641016151377544
824.0,3.4641016151377544
825.0,3.4641016151377544
826.0,3.4641016151377544
827.0,3.4641016151377544
828.0,3.4641016151377544
829.0,3.4641016151377544
830.0,3.4641016151377544
831.0,3.4641016151377544
832.0,3.4641016151377544
833.0,3.4641016151377544
834.0,3.4641016151377544
835.0,3.4641016151377544
836.0,3.4641016151377544
837.0,3.4641016151377544
838.0,3.4641016151377544
839.0,3.4641016151377544
840.0,3.4641016151377544
841.0,3.4641016151377544
842.0,3.4641016151377544
843.0,3.4641016151377544
844.0,3.4641016151377544
845.0,3.4641016151377544
846.0,3.4641016151377544
847.0,3.4641016151377544
848.0,3.4641016151377544
849.0,3.4641016151377544
850.0,3.4641016151377544
851.0,3.4641016151377544
852.0,3.4641016151377544
853.0,3.4641016151377544
854.0,3.4641016151377544
855.0,3.4641016151377544
856.0,3.4641016151377544
857.0,3.4641016151377544
858.0,3.4641016151377544
859.0,3.4641016151377544
860.0,3.4641016151377544
861.0,3.4641016151377544
862.0,3.4641016151377544
863.0,3.4641016151377544
864.0,3.4641016151377544
865.0,3.4641016151377544
866.0,3.4641016151377544
867.0,3.4641016151377544
868.0,3.4641016151377544
869.0,3.4641016151377544
870.0,3.4641016151377544
871.0,3.4641016151377544
872.0,3.4641016151377544
873.0,3.4641016151377544
874.0,3.4641016151377544
875.0,3.4641016151377544
876.0,3.4641016151377544
877.0,3.4641016151377544
878.0,3.4641016151377544
879.0,3.4641016151377544
880.0,3.4641016151377544
881.0,3.4641016151377544
882.0,3.4641016151377544
883.0,3.4641016151377544
884.0,3.4641016151377544
885.0,3.4641016151377544
886.0,3.4641016151377544
887.0,3.4641016151377544
888.0,3.4641016151377544
889.0,3.4641016151377544
890.0,3.4641016151377544
891.0,3.4641016151377544
892.0,3.4641016151377544
893.0,3.4641016151377544
894.0,3.4641016151377544
895.0,3.4641016151377544
896.0,3.4641016151377544
897.0,3.4641016151377544
898.0,3.4641016151377544
899.0,3.4641016151377544
900.0,3.4641016151377544
901.0,3.4641016151377544
902.0,3.4641016151377544
903.0,3.4641016151377544
904.0,3.4641016151377544
905.0,3.4641016151377544
906.0,3.4641016151377544
907.0,3.4641016151377544
908.0,3.4641016151377544
909.0,3.4641016151377544
910.0,3.4641016151377544
911.0,3.4641016151377544
912.0,3.4641016151377544
913.0,3.4641016151377544
914.0,3.4641016151377544
915.0,3.4641016151377544
916.0,3.4641016151377544
917.0,3.4641016151377544
918.0,3.4641016151377544
919.0,3.4641016151377544
920.0,3.4641016151377544
921.0,3.4641016151377544
922.0,3.4641016151377544
923.0,3.4641016151377544
924.0,3.4641016151377544
925.0,3.4641016151377544
926.0,3.4641016151377544
927.0,3.4641016151377544
928.0,3.4641016151377544
929.0,3.4641016151377544
930.0,3.4641016151377544
931.0,3.4641016151377544
932.0,3.4641016151377544
933.0,3.4641016151377544
934.0,3.4641016151377544
935.0,3.4641016151377544
936.0,3.4641016151377544
937.0,3.4641016151377544
938.0,3.4641016151377544
939.0,3.4641016151377544
940.0,3.4641016151377544
941.0,3.4641016151377544
942.0,3.4641016151377544
943.0,3.4641016151377544
944.0,3.3166247903554
945.0,3.3166247903554
946.0,3.3166247903554
947.0,3.3166247903554
948.0,3.3166247903554
949.0,3.3166247903554
950.0,3.3166247903554
951.0,3.3166247903554
952.0,3.3166247903554
953.0,3.3166247903554
954.0,3.3166247903554
955.0,3.3166247903554
956.0,3.3166247903554
957.0,3.3166247903554
958.0,3.3166247903554
959.0,3.3166247903554
960.0,3.3166247903554
961.0,3.3166247903554
962.0,3.3166247903554
963.0,3.3166247903554
964.0,3.3166247903554
965.0,3.3166247903554
966.0,3.3166247903554
967.0,3.3166247903554
968.0,3.3166247903554
969.0,3.3166247903554
970.0,3.3166247903554
971.0,3.3166247903554
972.0,3.3166247903554
973.0,3.3166247903554
974.0,3.3166247903554
975.0,3.3166247903554
976.0,3.3166247903554
977.0,3.3166247903554
978.0,3.3166247903554
979.0,3.3166247903554
980.0,3.3166247903554
981.0,3.3166247903554
982.0,3.3166247903554
983.0,3.3166247903554
984.0,3.3166247903554
985.0,3.3166247903554
986.0,3.3166247903554
987.0,3.3166247903554
988.0,3.3166247903554
989.0,3.3166247903554
990.0,3.3166247903554
991.0,3.3166247903554
992.0,3.3166247903554
993.0,3.3166247903554
994.0,3.3166247903554
995.0,3.3166247903554
996.0,3.3166247903554
997.0,3.3166247903554
998.0,3.3166247903554
999.0,3.3166247903554
1000.0,3.3166247903554
1001.0,3.3166247903554
1002.0,3.3166247903554
1003.0,3.3166247903554
1004.0,3.3166247903554
1005.0,3.3166247903554
1006.0,3.3166247903554
1007.0,3.3166247903554
1008.0,3.3166247903554
1009.0,3.3166247903554
1010.0,3.3166247903554
1011.0,3.3166247903554
1012.0,3.3166247903554
1013.0,3.3166247903554
1014.0,3.3166247903554
1015.0,3.3166247903554
1016.0,3.3166247903554
1017.0,3.3166247903554
1018.0,3.3166247903554
1019.0,3.3166247903554
1020.0,3.3166247903554
1021.0,3.3166247903554
1022.0,3.3166247903554
1023.0,3.3166247903554
1024.0,3.3166247903554
1025.0,3.3166247903554
1026.0,3.3166247903554
1027.0,3.3166247903554
1028.0,3.3166247903554
1029.0,3.3166247903554
1030.0,3.3166247903554
1031.0,3.3166247903554
1032.0,3.3166247903554
1033.0,3.3166247903554
1034.0,3.3166247903554
1035.0,3.3166247903554
1036.0,3.3166247903554
1037.0,3.3166247903554
1038.0,3.3166247903554
1039.0,3.3166247903554
1040.0,3.3166247903554
1041.0,3.3166247903554
1042.0,3.3166247903554
1043.0,3.0
1044.0,3.0
1045.0,3.0
1046.0,3.0
1047.0,3.0
1048.0,3.0
1049.0,3.0
1050.0,3.0
1051.0,3.0
1052.0,3.0
1053.0,3.0
1054.0,3.0
1055.0,3.0
1056.0,3.0
1057.0,3.0
1058.0,3.0
1059.0,3.0
1060.0,3.0
1061.0,3.0
1062.0,3.0
1063.0,3.0
1064.0,3.0
1065.0,3.0
1066.0,3.0
1067.0,3.0
1068.0,3.0
1069.0,3.0
1070.0,3.0
1071.0,3.0
1072.0,3.0
1073.0,3.0
1074.0,3.0
1075.0,3.0
1076.0,3.0
1077.0,3.0
1078.0,3.0
1079.0,3.0
1080.0,3.0
1081.0,3.0
1082.0,3.0
1083.0,3.0
1084.0,3.0
1085.0,3.0
1086.0,3.0
1087.0,3.0
1088.0,3.0
1089.0,3.0
1090.0,3.0
1091.0,3.0
1092.0,3.0
1093.0,3.0
1094.0,3.0
1095.0,3.0
1096.0,3.0
1097.0,3.0
1098.0,3.0
1099.0,3.0
1100.0,3.0
1101.0,3.0
1102.0,3.0
1103.0,3.0
1104.0,3.0
1105.0,3.0
1106.0,3.0
1107.0,3.0
1108.0,3.0
1109.0,3.0
1110.0,3.0
1111.0,3.0
1112.0,3.0
1113.0,3.0
1114.0,3.0
1115.0,3.0
1116.0,3.0
1117.0,3.0
1118.0,3.0
1119.0,3.0
1120.0,3.0
1121.0,3.0
1122.0,3.0
1123.0,3.0
1124.0,3.0
1125.0,3.0
1126.0,3.0
1127.0,3.0
1128.0,3.0
1129.0,3.0
1130.0,3.0
1131.0,3.0
1132.0,3.0
1133.0,3.0
1134.0,3.0
1135.0,3.0
1136.0,3.0
1137.0,3.0
1138.0,3.0
1139.0,3.0
1140.0,3.0
1141.0,3.0
1142.0,3.0
1143.0,3.0
1144.0,3.0
1145.0,3.0
1146.0,3.0
1147.0,3.0
1148.0,3.0
1149.0,3.0
1150.0,3.0
1151.0,3.0
1152.0,3.0
1153.0,3.0
1154.0,3.0
1155.0,3.0
1156.0,3.0
1157.0,3.0
1158.0,3.0
1159.0,3.0
1160.0,3.0
1161.0,3.0
1162.0,3.0
1163.0,3.0
1164.0,3.0
1165.0,3.0
1166.0,3.0
1167.0,3.0
1168.0,3.0
1169.0,3.0
1170.0,3.0
1171.0,3.0
1172.0,3.0
1173.0,3.0
1174.0,3.0
1175.0,3.0
1176.0,3.0
1177.0,3.0
1178.0,3.0
1179.0,3.0
1180.0,3.0
1181.0,3.0
1182.0,3.0
1183.0,3.0
1184.0,3.0
1185.0,3.0
1186.0,3.0
1187.0,3.0
1188.0,3.0
1189.0,3.0
1190.0,3.0
1191.0,3.0
1192.0,3.0
1193.0,3.0
1194.0,3.0
1195.0,3.0
1196.0,3.0
1197.0,3.0
1198.0,3.0
1199.0,3.0
1200.0,3.0
1201.0,3.0
1202.0,3.0
1203.0,3.0
1204.0,3.0
1205.0,3.0
1206.0,3.0
1207.0,3.0
1208.0,3.0
1209.0,3.0
1210.0,3.0
1211.0,2.8284271247461903
1212.0,2.8284271247461903
1213.0,2.8284271247461903
1214.0,2.8284271247461903
1215.0,2.8284271247461903
1216.0,2.8284271247461903
1217.0,2.8284271247461903
1218.0,2.8284271247461903
1219.0,2.8284271247461903
1220.0,2.8284271247461903
1221.0,2.8284271247461903
1222.0,2.8284271247461903
1223.0,2.8284271247461903
1224.0,2.8284271247461903
1225.0,2.8284271247461903
1226.0,2.8284271247461903
1227.0,2.8284271247461903
1228.0,2.8284271247461903
1229.0,2.8284271247461903
1230.0,2.8284271247461903
1231.0,2.8284271247461903
1232.0,2.8284271247461903
1233.0,2.8284271247461903
1234.0,2.8284271247461903
1235.0,2.8284271247461903
1236.0,2.8284271247461903
1237.0,2.8284271247461903
1238.0,2.8284271247461903
1239.0,2.8284271247461903
1240.0,2.8284271247461903
1241.0,2.8284271247461903
1242.0,2.8284271247461903
1243.0,2.8284271247461903
1244.0,2.8284271247461903
1245.0,2.8284271247461903
1246.0,2.8284271247461903
1247.0,2.8284271247461903
1248.0,2.8284271247461903
1249.0,2.8284271247461903
1250.0,2.8284271247461903
1251.0,2.8284271247461903
1252.0,2.8284271247461903
1253.0,2.8284271247461903
1254.0,2.8284271247461903
1255.0,2.8284271247461903
1256.0,2.8284271247461903
1257.0,2.8284271247461903
1258.0,2.8284271247461903
1259.0,2.8284271247461903
1260.0,2.8284271247461903
1261.0,2.8284271247461903
1262.0,2.8284271247461903
1263.0,2.8284271247461903
1264.0,2.8284271247461903
1265.0,2.8284271247461903
1266.0,2.8284271247461903
1267.0,2.8284271247461903
1268.0,2.8284271247461903
1269.0,2.8284271247461903
1270.0,2.8284271247461903
1271.0,2.8284271247461903
1272.0,2.8284271247461903
1273.0,2.8284271247461903
1274.0,2.8284271247461903
1275.0,2.8284271247461903
1276.0,2.8284271247461903
1277.0,2.8284271247461903
1278.0,2.8284271247461903
1279.0,2.8284271247461903
1280.0,2.8284271247461903
1281.0,2.8284271247461903
1282.0,2.8284271247461903
1283.0,2.8284271247461903
1284.0,2.8284271247461903
1285.0,2.8284271247461903
1286.0,2.8284271247461903
1287.0,2.8284271247461903
1288.0,2.8284271247461903
1289.0,2.8284271247461903
1290.0,2.8284271247461903
1291.0,2.8284271247461903
1292.0,2.8284271247461903
1293.0,2.8284271247461903
1294.0,2.8284271247461903
1295.0,2.8284271247461903
1296.0,2.8284271247461903
1297.0,2.8284271247461903
1298.0,2.8284271247461903
1299.0,2.8284271247461903
1300.0,2.8284271247461903
1301.0,2.8284271247461903
1302.0,2.8284271247461903
1303.0,2.8284271247461903
1304.0,2.8284271247461903
1305.0,2.8284271247461903
1306.0,2.8284271247461903
1307.0,2.8284271247461903
1308.0,2.8284271247461903
1309.0,2.8284271247461903
1310.0,2.8284271247461903
1311.0,2.8284271247461903
1312.0,2.8284271247461903
1313.0,2.8284271247461903
1314.0,2.8284271247461903
1315.0,2.8284271247461903
1316.0,2.8284271247461903
1317.0,2.8284271247461903
1318.0,2.8284271247461903
1319.0,2.8284271247461903
1320.0,2.8284271247461903
1321.0,2.8284271247461903
1322.0,2.8284271247461903
1323.0,2.8284271247461903
1324.0,2.8284271247461903
1325.0,2.8284271247461903
1326.0,2.8284271247461903
1327.0,2.8284271247461903
1328.0,2.8284271247461903
1329.0,2.8284271247461903
1330.0,2.8284271247461903
1331.0,2.8284271247461903
1332.0,2.8284271247461903
1333.0,2.8284271247461903
1334.0,2.8284271247461903
1335.0,2.8284271247461903
1336.0,2.8284271247461903
1337.0,2.8284271247461903
1338.0,2.8284271247461903
1339.0,2.8284271247461903
1340.0,2.8284271247461903
1341.0,2.8284271247461903
1342.0,2.8284271247461903
1343.0,2.8284271247461903
1344.0,2.8284271247461903
1345.0,2.8284271247461903
1346.0,2.8284271247461903
1347.0,2.8284271247461903
1348.0,2.8284271247461903
1349.0,2.8284271247461903
1350.0,2.8284271247461903
1351.0,2.8284271247461903
1352.0,2.8284271247461903
1353.0,2.8284271247461903
1354.0,2.8284271247461903
1355.0,2.8284271247461903
1356.0,2.8284271247461903
1357.0,2.8284271247461903
1358.0,2.8284271247461903
1359.0,2.8284271247461903
1360.0,2.8284271247461903
1361.0,2.8284271247461903
1362.0,2.8284271247461903
1363.0,2.8284271247461903
1364.0,2.8284271247461903
1365.0,2.8284271247461903
1366.0,2.8284271247461903
1367.0,2.8284271247461903
1368.0,2.8284271247461903
1369.0,2.8284271247461903
1370.0,2.8284271247461903
1371.0,2.8284271247461903
1372.0,2.8284271247461903
1373.0,2.8284271247461903
1374.0,2.8284271247461903
1375.0,2.8284271247461903
1376.0,2.8284271247461903
1377.0,2.8284271247461903
1378.0,2.8284271247461903
1379.0,2.8284271247461903
1380.0,2.8284271247461903
1381.0,2.8284271247461903
1382.0,2.8284271247461903
1383.0,2.8284271247461903
1384.0,2.8284271247461903
1385.0,2.8284271247461903
1386.0,2.8284271247461903
1387.0,2.8284271247461903
1388.0,2.8284271247461903
1389.0,2.8284271247461903
1390.0,2.8284271247461903
1391.0,2.8284271247461903
1392.0,2.8284271247461903
1393.0,2.8284271247461903
1394.0,2.8284271247461903
1395.0,2.8284271247461903
1396.0,2.8284271247461903
1397.0,2.8284271247461903
1398.0,2.8284271247461903
1399.0,2.8284271247461903
1400.0,2.8284271247461903
1401.0,2.8284271247461903
1402.0,2.8284271247461903
1403.0,2.8284271247461903
1404.0,2.8284271247461903
1405.0,2.8284271247461903
1406.0,2.8284271247461903
1407.0,2.8284271247461903
1408.0,2.8284271247461903
1409.0,2.8284271247461903
1410.0,2.8284271247461903
1411.0,2.8284271247461903
1412.0,2.8284271247461903
1413.0,2.8284271247461903
1414.0,2.8284271247461903
1415.0,2.8284271247461903
1416.0,2.8284271247461903
1417.0,2.8284271247461903
1418.0,2.8284271247461903
1419.0,2.8284271247461903
1420.0,2.8284271247461903
1421.0,2.8284271247461903
1422.0,2.8284271247461903
1423.0,2.8284271247461903
1424.0,2.8284271247461903
1425.0,2.8284271247461903
1426.0,2.8284271247461903
1427.0,2.8284271247461903
1428.0,2.8284271247461903
1429.0,2.8284271247461903
1430.0,2.8284271247461903
1431.0,2.8284271247461903
1432.0,2.8284271247461903
1433.0,2.8284271247461903
1434.0,2.8284271247461903
1435.0,2.8284271247461903
1436.0,2.8284271247461903
1437.0,2.8284271247461903
1438.0,2.8284271247461903
1439.0,2.8284271247461903
1440.0,2.8284271247461903
1441.0,2.8284271247461903
1442.0,2.8284271247461903
1443.0,2.8284271247461903
1444.0,2.8284271247461903
1445.0,2.8284271247461903
1446.0,2.8284271247461903
1447.0,2.8284271247461903
1448.0,2.8284271247461903
1449.0,2.8284271247461903
1450.0,2.8284271247461903
1451.0,2.8284271247461903
1452.0,2.8284271247461903
1453.0,2.8284271247461903
1454.0,2.8284271247461903
1455.0,2.8284271247461903
1456.0,2.8284271247461903
1457.0,2.8284271247461903
1458.0,2.8284271247461903
1459.0,2.8284271247461903
1460.0,2.8284271247461903
1461.0,2.8284271247461903
1462.0,2.8284271247461903
1463.0,2.8284271247461903
1464.0,2.8284271247461903
1465.0,2.8284271247461903
1466.0,2.8284271247461903
1467.0,2.8284271247461903
1468.0,2.8284271247461903
1469.0,2.8284271247461903
1470.0,2.8284271247461903
1471.0,2.8284271247461903
1472.0,2.8284271247461903
1473.0,2.8284271247461903
1474.0,2.8284271247461903
1475.0,2.8284271247461903
1476.0,2.8284271247461903
1477.0,2.8284271247461903
1478.0,2.8284271247461903
1479.0,2.8284271247461903
1480.0,2.8284271247461903
1481.0,2.8284271247461903
1482.0,2.8284271247461903
1483.0,2.8284271247461903
1484.0,2.8284271247461903
1485.0,2.8284271247461903
1486.0,2.8284271247461903
1487.0,2.8284271247461903
1488.0,2.8284271247461903
1489.0,2.8284271247461903
1490.0,2.8284271247461903
1491.0,2.8284271247461903
1492.0,2.8284271247461903
1493.0,2.8284271247461903
1494.0,2.8284271247461903
1495.0,2.8284271247461903
1496.0,2.8284271247461903
1497.0,2.8284271247461903
1498.0,2.8284271247461903
1499.0,2.8284271247461903
1500.0,2.8284271247461903
1501.0,2.8284271247461903
1502.0,2.8284271247461903
1503.0,2.8284271247461903
1504.0,2.8284271247461903
1505.0,2.8284271247461903
1506.0,2.8284271247461903
1507.0,2.8284271247461903
1508.0,2.8284271247461903
1509.0,2.8284271247461903
1510.0,2.8284271247461903
1511.0,2.8284271247461903
1512.0,2.8284271247461903
1513.0,2.8284271247461903
1514.0,2.8284271247461903
1515.0,2.8284271247461903
1516.0,2.8284271247461903
1517.0,2.8284271247461903
1518.0,2.8284271247461903
1519.0,2.8284271247461903
1520.0,2.8284271247461903
1521.0,2.8284271247461903
1522.0,2.8284271247461903
1523.0,2.8284271247461903
1524.0,2.8284271247461903
1525.0,2.8284271247461903
1526.0,2.8284271247461903
1527.0,2.8284271247461903
1528.0,2.8284271247461903
1529.0,2.8284271247461903
1530.0,2.8284271247461903
1531.0,2.8284271247461903
1532.0,2.8284271247461903
1533.0,2.8284271247461903
1534.0,2.8284271247461903
1535.0,2.8284271247461903
1536.0,2.8284271247461903
1537.0,2.8284271247461903
1538.0,2.8284271247461903
1539.0,2.8284271247461903
1540.0,2.8284271247461903
1541.0,2.8284271247461903
1542.0,2.8284271247461903
1543.0,2.8284271247461903
1544.0,2.8284271247461903
1545.0,2.8284271247461903
1546.0,2.8284271247461903
1547.0,2.8284271247461903
1548.0,2.8284271247461903
1549.0,2.8284271247461903
1550.0,2.8284271247461903
1551.0,2.8284271247461903
1552.0,2.8284271247461903
1553.0,2.8284271247461903
1554.0,2.8284271247461903
1555.0,2.8284271247461903
1556.0,2.8284271247461903
1557.0,2.8284271247461903
1558.0,2.8284271247461903
1559.0,2.8284271247461903
1560.0,2.8284271247461903
1561.0,2.8284271247461903
1562.0,2.8284271247461903
1563.0,2.8284271247461903
1564.0,2.8284271247461903
1565.0,2.8284271247461903
1566.0,2.8284271247461903
1567.0,2.8284271247461903
1568.0,2.8284271247461903
1569.0,2.8284271247461903
1570.0,2.8284271247461903
1571.0,2.8284271247461903
1572.0,2.8284271247461903
1573.0,2.8284271247461903
1574.0,2.8284271247461903
1575.0,2.8284271247461903
1576.0,2.8284271247461903
1577.0,2.8284271247461903
1578.0,2.8284271247461903
1579.0,2.8284271247461903
1580.0,2.8284271247461903
1581.0,2.8284271247461903
1582.0,2.8284271247461903
1583.0,2.8284271247461903
1584.0,2.8284271247461903
1585.0,2.8284271247461903
1586.0,2.8284271247461903
1587.0,2.8284271247461903
1588.0,2.8284271247461903
1589.0,2.8284271247461903
1590.0,2.8284271247461903
1591.0,2.8284271247461903
1592.0,2.8284271247461903
1593.0,2.8284271247461903
1594.0,2.8284271247461903
1595.0,2.8284271247461903
1596.0,2.8284271247461903
1597.0,2.8284271247461903
1598.0,2.8284271247461903
1599.0,2.8284271247461903
1600.0,2.8284271247461903
1601.0,2.8284271247461903
1602.0,2.8284271247461903
1603.0,2.8284271247461903
1604.0,2.8284271247461903
1605.0,2.8284271247461903
1606.0,2.8284271247461903
1607.0,2.8284271247461903
1608.0,2.8284271247461903
1609.0,2.8284271247461903
1610.0,2.8284271247461903
1611.0,2.8284271247461903
1612.0,2.8284271247461903
1613.0,2.8284271247461903
1614.0,2.8284271247461903
1615.0,2.8284271247461903
1616.0,2.8284271247461903
1617.0,2.8284271247461903
1618.0,2.8284271247461903
1619.0,2.8284271247461903
1620.0,2.8284271247461903
1621.0,2.8284271247461903
1622.0,2.8284271247461903
1623.0,2.8284271247461903
1624.0,2.8284271247461903
1625.0,2.8284271247461903
1626.0,2.8284271247461903
1627.0,2.8284271247461903
1628.0,2.8284271247461903
1629.0,2.8284271247461903
1630.0,2.8284271247461903
1631.0,2.8284271247461903
1632.0,2.8284271247461903
1633.0,2.8284271247461903
1634.0,2.8284271247461903
1635.0,2.8284271247461903
1636.0,2.8284271247461903
1637.0,2.8284271247461903
1638.0,2.8284271247461903
1639.0,2.8284271247461903
1640.0,2.8284271247461903
1641.0,2.8284271247461903
1642.0,2.8284271247461903
1643.0,2.8284271247461903
1644.0,2.8284271247461903
1645.0,2.8284271247461903
1646.0,2.8284271247461903
1647.0,2.8284271247461903
1648.0,2.8284271247461903
1649.0,2.8284271247461903
1650.0,2.8284271247461903
1651.0,2.8284271247461903
1652.0,2.8284271247461903
1653.0,2.8284271247461903
1654.0,2.8284271247461903
1655.0,2.8284271247461903
1656.0,2.8284271247461903
1657.0,2.8284271247461903
1658.0,2.8284271247461903
1659.0,2.8284271247461903
1660.0,2.8284271247461903
1661.0,2.8284271247461903
1662.0,2.8284271247461903
1663.0,2.8284271247461903
1664.0,2.8284271247461903
1665.0,2.8284271247461903
1666.0,2.8284271247461903
1667.0,2.8284271247461903
1668.0,2.8284271247461903
1669.0,2.8284271247461903
1670.0,2.8284271247461903
1671.0,2.8284271247461903
1672.0,2.8284271247461903
1673.0,2.8284271247461903
1674.0,2.8284271247461903
1675.0,2.8284271247461903
1676.0,2.8284271247461903
1677.0,2.8284271247461903
1678.0,2.8284271247461903
1679.0,2.8284271247461903
1680.0,2.8284271247461903
1681.0,2.8284271247461903
1682.0,2.8284271247461903
1683.0,2.8284271247461903
1684.0,2.8284271247461903
1685.0,2.8284271247461903
1686.0,2.8284271247461903
1687.0,2.8284271247461903
1688.0,2.8284271247461903
1689.0,2.8284271247461903
1690.0,2.6457513110645907
1691.0,2.6457513110645907
1692.0,2.6457513110645907
1693.0,2.6457513110645907
1694.0,2.6457513110645907
1695.0,2.6457513110645907
1696.0,2.6457513110645907
1697.0,2.6457513110645907
1698.0,2.6457513110645907
1699.0,2.6457513110645907
1700.0,2.6457513110645907
1701.0,2.6457513110645907
1702.0,2.6457513110645907
1703.0,2.6457513110645907
1704.0,2.6457513110645907
1705.0,2.6457513110645907
1706.0,2.6457513110645907
1707.0,2.6457513110645907
1708.0,2.6457513110645907
1709.0,2.6457513110645907
1710.0,2.6457513110645907
1711.0,2.6457513110645907
1712.0,2.6457513110645907
1713.0,2.6457513110645907
1714.0,2.6457513110645907
1715.0,2.6457513110645907
1716.0,2.6457513110645907
1717.0,2.6457513110645907
1718.0,2.6457513110645907
1719.0,2.6457513110645907
1720.0,2.6457513110645907
1721.0,2.6457513110645907
1722.0,2.6457513110645907
1723.0,2.6457513110645907
1724.0,2.6457513110645907
1725.0,2.6457513110645907
1726.0,2.6457513110645907
1727.0,2.6457513110645907
1728.0,2.6457513110645907
1729.0,2.6457513110645907
1730.0,2.6457513110645907
1731.0,2.6457513110645907
1732.0,2.6457513110645907
1733.0,2.6457513110645907
1734.0,2.6457513110645907
1735.0,2.6457513110645907
1736.0,2.6457513110645907
1737.0,2.6457513110645907
1738.0,2.6457513110645907
1739.0,2.6457513110645907
1740.0,2.6457513110645907
1741.0,2.6457513110645907
1742.0,2.6457513110645907
1743.0,2.6457513110645907
1744.0,2.6457513110645907
1745.0,2.6457513110645907
1746.0,2.6457513110645907
1747.0,2.6457513110645907
1748.0,2.6457513110645907
1749.0,2.6457513110645907
1750.0,2.6457513110645907
1751.0,2.6457513110645907
1752.0,2.6457513110645907
1753.0,2.6457513110645907
1754.0,2.6457513110645907
1755.0,2.6457513110645907
1756.0,2.6457513110645907
1757.0,2.6457513110645907
1758.0,2.6457513110645907
1759.0,2.6457513110645907
1760.0,2.6457513110645907
1761.0,2.6457513110645907
1762.0,2.6457513110645907
1763.0,2.6457513110645907
1764.0,2.6457513110645907
1765.0,2.6457513110645907
1766.0,2.6457513110645907
1767.0,2.6457513110645907
1768.0,2.6457513110645907
1769.0,2.6457513110645907
1770.0,2.6457513110645907
1771.0,2.6457513110645907
1772.0,2.6457513110645907
1773.0,2.6457513110645907
1774.0,2.6457513110645907
1775.0,2.6457513110645907
1776.0,2.6457513110645907
1777.0,2.6457513110645907
1778.0,2.6457513110645907
1779.0,2.6457513110645907
1780.0,2.6457513110645907
1781.0,2.6457513110645907
1782.0,2.6457513110645907
1783.0,2.6457513110645907
1784.0,2.6457513110645907
1785.0,2.6457513110645907
1786.0,2.6457513110645907
1787.0,2.6457513110645907
1788.0,2.6457513110645907
1789.0,2.6457513110645907
1790.0,2.6457513110645907
1791.0,2.6457513110645907
1792.0,2.6457513110645907
1793.0,2.6457513110645907
1794.0,2.6457513110645907
1795.0,2.6457513110645907
1796.0,2.6457513110645907
1797.0,2.6457513110645907
1798.0,2.6457513110645907
1799.0,2.6457513110645907
1800.0,2.6457513110645907
1801.0,2.6457513110645907
1802.0,2.6457513110645907
1803.0,2.6457513110645907
1804.0,2.6457513110645907
1805.0,2.6457513110645907
1806.0,2.6457513110645907
1807.0,2.6457513110645907
1808.0,2.6457513110645907
1809.0,2.6457513110645907
1810.0,2.6457513110645907
1811.0,2.6457513110645907
1812.0,2.6457513110645907
1813.0,2.6457513110645907
1814.0,2.6457513110645907
1815.0,2.6457513110645907
1816.0,2.6457513110645907
1817.0,2.6457513110645907
1818.0,2.6457513110645907
1819.0,2.6457513110645907
1820.0,2.6457513110645907
1821.0,2.6457513110645907
1822.0,2.6457513110645907
1823.0,2.6457513110645907
1824.0,2.6457513110645907
1825.0,2.6457513110645907
1826.0,2.6457513110645907
1827.0,2.6457513110645907
1828.0,2.6457513110645907
1829.0,2.6457513110645907
1830.0,2.6457513110645907
1831.0,2.6457513110645907
1832.0,2.6457513110645907
1833.0,2.6457513110645907
1834.0,2.6457513110645907
1835.0,2.6457513110645907
1836.0,2.6457513110645907
1837.0,2.6457513110645907
1838.0,2.6457513110645907
1839.0,2.6457513110645907
1840.0,2.6457513110645907
1841.0,2.6457513110645907
1842.0,2.6457513110645907
1843.0,2.6457513110645907
1844.0,2.6457513110645907
1845.0,2.6457513110645907
1846.0,2.6457513110645907
1847.0,2.6457513110645907
1848.0,2.6457513110645907
1849.0,2.6457513110645907
1850.0,2.6457513110645907
1851.0,2.6457513110645907
1852.0,2.6457513110645907
1853.0,2.6457513110645907
1854.0,2.6457513110645907
1855.0,2.6457513110645907
1856.0,2.6457513110645907
1857.0,2.6457513110645907
1858.0,2.6457513110645907
1859.0,2.6457513110645907
1860.0,2.6457513110645907
1861.0,2.6457513110645907
1862.0,2.6457513110645907
1863.0,2.6457513110645907
1864.0,2.6457513110645907
1865.0,2.6457513110645907
1866.0,2.6457513110645907
1867.0,2.6457513110645907
1868.0,2.6457513110645907
1869.0,2.6457513110645907
1870.0,2.6457513110645907
1871.0,2.6457513110645907
1872.0,2.6457513110645907
1873.0,2.6457513110645907
1874.0,2.6457513110645907
1875.0,2.6457513110645907
1876.0,2.6457513110645907
1877.0,2.6457513110645907
1878.0,2.6457513110645907
1879.0,2.6457513110645907
1880.0,2.6457513110645907
1881.0,2.6457513110645907
1882.0,2.6457513110645907
1883.0,2.6457513110645907
1884.0,2.6457513110645907
1885.0,2.6457513110645907
1886.0,2.6457513110645907
1887.0,2.6457513110645907
1888.0,2.6457513110645907
1889.0,2.6457513110645907
1890.0,2.6457513110645907
1891.0,2.6457513110645907
1892.0,2.6457513110645907
1893.0,2.6457513110645907
1894.0,2.6457513110645907
1895.0,2.6457513110645907
1896.0,2.6457513110645907
1897.0,2.6457513110645907
1898.0,2.6457513110645907
1899.0,2.6457513110645907
1900.0,2.6457513110645907
1901.0,2.6457513110645907
1902.0,2.6457513110645907
1903.0,2.6457513110645907
1904.0,2.6457513110645907
1905.0,2.6457513110645907
1906.0,2.6457513110645907
1907.0,2.6457513110645907
1908.0,2.6457513110645907
1909.0,2.6457513110645907
1910.0,2.6457513110645907
1911.0,2.6457513110645907
1912.0,2.6457513110645907
1913.0,2.6457513110645907
1914.0,2.6457513110645907
1915.0,2.6457513110645907
1916.0,2.6457513110645907
1917.0,2.6457513110645907
1918.0,2.6457513110645907
1919.0,2.6457513110645907
1920.0,2.6457513110645907
1921.0,2.6457513110645907
1922.0,2.6457513110645907
1923.0,2.6457513110645907
1924.0,2.6457513110645907
1925.0,2.6457513110645907
1926.0,2.6457513110645907
1927.0,2.6457513110645907
1928.0,2.6457513110645907
1929.0,2.6457513110645907
1930.0,2.6457513110645907
1931.0,2.6457513110645907
1932.0,2.6457513110645907
1933.0,2.6457513110645907
1934.0,2.6457513110645907
1935.0,2.6457513110645907
1936.0,2.6457513110645907
1937.0,2.6457513110645907
1938.0,2.6457513110645907
1939.0,2.6457513110645907
1940.0,2.6457513110645907
1941.0,2.6457513110645907
1942.0,2.6457513110645907
1943.0,2.6457513110645907
1944.0,2.6457513110645907
1945.0,2.6457513110645907
1946.0,2.6457513110645907
1947.0,2.6457513110645907
1948.0,2.6457513110645907
1949.0,2.6457513110645907
1950.0,2.6457513110645907
1951.0,2.6457513110645907
1952.0,2.6457513110645907
1953.0,2.6457513110645907
1954.0,2.6457513110645907
1955.0,2.6457513110645907
1956.0,2.6457513110645907
1957.0,2.6457513110645907
1958.0,2.6457513110645907
1959.0,2.6457513110645907
1960.0,2.6457513110645907
1961.0,2.6457513110645907
1962.0,2.6457513110645907
1963.0,2.6457513110645907
1964.0,2.6457513110645907
1965.0,2.6457513110645907
1966.0,2.6457513110645907
1967.0,2.6457513110645907
1968.0,2.6457513110645907
1969.0,2.6457513110645907
1970.0,2.6457513110645907
1971.0,2.6457513110645907
1972.0,2.6457513110645907
1973.0,2.6457513110645907
1974.0,2.6457513110645907
1975.0,2.6457513110645907
1976.0,2.6457513110645907
1977.0,2.6457513110645907
1978.0,2.6457513110645907
1979.0,2.6457513110645907
1980.0,2.6457513110645907
1981.0,2.6457513110645907
1982.0,2.6457513110645907
1983.0,2.6457513110645907
1984.0,2.6457513110645907
1985.0,2.6457513110645907
1986.0,2.6457513110645907
1987.0,2.6457513110645907
1988.0,2.6457513110645907
1989.0,2.6457513110645907
1990.0,2.6457513110645907
1991.0,2.6457513110645907
1992.0,2.6457513110645907
1993.0,2.6457513110645907
1994.0,2.6457513110645907
1995.0,2.6457513110645907
1996.0,2.6457513110645907
1997.0,2.6457513110645907
1998.0,2.6457513110645907
1999.0,2.6457513110645907
2000.0,2.6457513110645907
2001.0,2.6457513110645907
