Iteration,Fitness
2.0,56.95612346359257
3.0,56.95612346359257
4.0,51.836280730777744
5.0,34.08812109811862
6.0,34.08812109811862
7.0,34.08812109811862
8.0,34.08812109811862
9.0,34.08812109811862
10.0,32.341923257592455
11.0,28.0
12.0,28.0
13.0,27.386127875258307
14.0,27.386127875258307
15.0,26.77685567799177
16.0,26.77685567799177
17.0,26.77685567799177
18.0,26.77685567799177
19.0,26.77685567799177
20.0,24.596747752497688
21.0,24.596747752497688
22.0,24.596747752497688
23.0,23.043437243605826
24.0,23.043437243605826
25.0,23.043437243605826
26.0,23.043437243605826
27.0,20.566963801203133
28.0,18.384776310850235
29.0,17.05872210923198
30.0,17.05872210923198
31.0,17.05872210923198
32.0,17.05872210923198
33.0,17.05872210923198
34.0,17.05872210923198
35.0,17.05872210923198
36.0,15.329709716755891
37.0,15.329709716755891
38.0,15.329709716755891
39.0,15.329709716755891
40.0,15.329709716755891
41.0,15.329709716755891
42.0,13.711309200802088
43.0,13.711309200802088
44.0,13.711309200802088
45.0,13.711309200802088
46.0,13.711309200802088
47.0,11.704699910719626
48.0,11.704699910719626
49.0,11.704699910719626
50.0,11.704699910719626
51.0,11.704699910719626
52.0,11.704699910719626
53.0,11.704699910719626
54.0,11.704699910719626
55.0,11.704699910719626
56.0,11.704699910719626
57.0,11.704699910719626
58.0,11.704699910719626
59.0,11.704699910719626
60.0,11.704699910719626
61.0,11.704699910719626
62.0,11.704699910719626
63.0,11.704699910719626
64.0,11.704699910719626
65.0,11.704699910719626
66.0,11.224972160321824
67.0,11.224972160321824
68.0,11.224972160321824
69.0,11.224972160321824
70.0,11.224972160321824
71.0,11.224972160321824
72.0,11.224972160321824
73.0,11.224972160321824
74.0,11.224972160321824
75.0,11.224972160321824
76.0,11.224972160321824
77.0,11.224972160321824
78.0,11.224972160321824
79.0,11.224972160321824
80.0,11.224972160321824
81.0,11.224972160321824
82.0,11.224972160321824
83.0,11.224972160321824
84.0,11.224972160321824
85.0,11.224972160321824
86.0,11.224972160321824
87.0,11.224972160321824
88.0,11.224972160321824
89.0,11.224972160321824
90.0,11.224972160321824
91.0,11.224972160321824
92.0,11.224972160321824
93.0,11.224972160321824
94.0,11.224972160321824
95.0,11.224972160321824
96.0,11.224972160321824
97.0,11.224972160321824
98.0,11.224972160321824
99.0,11.224972160321824
100.0,11.224972160321824
101.0,11.224972160321824
102.0,11.224972160321824
103.0,11.224972160321824
104.0,11.224972160321824
105.0,11.224972160321824
106.0,11.224972160321824
107.0,11.224972160321824
108.0,11.224972160321824
109.0,11.224972160321824
110.0,11.224972160321824
111.0,11.224972160321824
112.0,11.224972160321824
113.0,11.224972160321824
114.0,11.224972160321824
115.0,11.224972160321824
116.0,11.224972160321824
117.0,11.224972160321824
118.0,11.224972160321824
119.0,11.224972160321824
120.0,11.224972160321824
121.0,11.224972160321824
122.0,11.224972160321824
123.0,9.055385138137417
124.0,9.055385138137417
125.0,9.055385138137417
126.0,9.055385138137417
127.0,9.055385138137417
128.0,9.055385138137417
129.0,9.055385138137417
130.0,9.055385138137417
131.0,9.055385138137417
132.0,8.426149773176359
133.0,8.426149773176359
134.0,8.426149773176359
135.0,8.426149773176359
136.0,8.426149773176359
137.0,8.426149773176359
138.0,8.426149773176359
139.0,8.426149773176359
140.0,8.426149773176359
141.0,8.426149773176359
142.0,8.426149773176359
143.0,8.426149773176359
144.0,8.426149773176359
145.0,8.426149773176359
146.0,8.426149773176359
147.0,8.426149773176359
148.0,8.426149773176359
149.0,8.426149773176359
150.0,8.426149773176359
151.0,8.426149773176359
152.0,8.426149773176359
153.0,8.426149773176359
154.0,8.426149773176359
155.0,8.426149773176359
156.0,8.426149773176359
157.0,8.426149773176359
158.0,8.426149773176359
159.0,8.426149773176359
160.0,8.426149773176359
161.0,8.426149773176359
162.0,8.426149773176359
163.0,8.426149773176359
164.0,8.426149773176359
165.0,8.426149773176359
166.0,8.426149773176359
167.0,8.426149773176359
168.0,8.426149773176359
169.0,8.426149773176359
170.0,8.426149773176359
171.0,8.426149773176359
172.0,8.426149773176359
173.0,8.426149773176359
174.0,8.426149773176359
175.0,8.426149773176359
176.0,8.426149773176359
177.0,8.426149773176359
178.0,8.426149773176359
179.0,8.426149773176359
180.0,8.426149773176359
181.0,8.306623862918075
182.0,8.306623862918075
183.0,8.306623862918075
184.0,8.306623862918075
185.0,8.306623862918075
186.0,8.306623862918075
187.0,8.306623862918075
188.0,8.306623862918075
189.0,8.306623862918075
190.0,8.306623862918075
191.0,8.306623862918075
192.0,8.306623862918075
193.0,8.306623862918075
194.0,8.306623862918075
195.0,8.306623862918075
196.0,8.306623862918075
197.0,8.306623862918075
198.0,8.306623862918075
199.0,8.306623862918075
200.0,8.306623862918075
201.0,8.306623862918075
202.0,8.306623862918075
203.0,8.306623862918075
204.0,8.306623862918075
205.0,8.306623862918075
206.0,8.306623862918075
207.0,8.306623862918075
208.0,8.306623862918075
209.0,8.306623862918075
210.0,8.306623862918075
211.0,8.306623862918075
212.0,8.306623862918075
213.0,8.306623862918075
214.0,8.306623862918075
215.0,8.306623862918075
216.0,8.306623862918075
217.0,8.306623862918075
218.0,8.306623862918075
219.0,8.306623862918075
220.0,8.306623862918075
221.0,8.306623862918075
222.0,8.306623862918075
223.0,8.306623862918075
224.0,8.306623862918075
225.0,8.306623862918075
226.0,8.306623862918075
227.0,8.306623862918075
228.0,8.306623862918075
229.0,8.306623862918075
230.0,8.306623862918075
231.0,8.306623862918075
232.0,8.306623862918075
233.0,8.306623862918075
234.0,8.306623862918075
235.0,8.306623862918075
236.0,8.306623862918075
237.0,8.306623862918075
238.0,8.306623862918075
239.0,8.306623862918075
240.0,8.306623862918075
241.0,8.306623862918075
242.0,8.306623862918075
243.0,8.306623862918075
244.0,8.306623862918075
245.0,8.306623862918075
246.0,8.306623862918075
247.0,8.306623862918075
248.0,8.306623862918075
249.0,8.306623862918075
250.0,8.306623862918075
251.0,8.306623862918075
252.0,8.306623862918075
253.0,8.306623862918075
254.0,8.306623862918075
255.0,8.306623862918075
256.0,8.306623862918075
257.0,8.306623862918075
258.0,8.306623862918075
259.0,8.306623862918075
260.0,8.306623862918075
261.0,8.306623862918075
262.0,8.306623862918075
263.0,8.306623862918075
264.0,8.306623862918075
265.0,8.306623862918075
266.0,8.306623862918075
267.0,8.306623862918075
268.0,8.306623862918075
269.0,8.306623862918075
270.0,8.306623862918075
271.0,8.306623862918075
272.0,8.306623862918075
273.0,8.306623862918075
274.0,8.306623862918075
275.0,8.306623862918075
276.0,8.306623862918075
277.0,8.306623862918075
278.0,8.306623862918075
279.0,8.306623862918075
280.0,8.12403840463596
281.0,8.12403840463596
282.0,8.12403840463596
283.0,8.12403840463596
284.0,8.12403840463596
285.0,8.12403840463596
286.0,8.12403840463596
287.0,8.12403840463596
288.0,8.12403840463596
289.0,8.12403840463596
290.0,8.12403840463596
291.0,8.12403840463596
292.0,8.12403840463596
293.0,8.12403840463596
294.0,8.12403840463596
295.0,8.12403840463596
296.0,8.12403840463596
297.0,8.12403840463596
298.0,8.12403840463596
299.0,8.12403840463596
300.0,8.12403840463596
301.0,8.12403840463596
302.0,8.12403840463596
303.0,8.12403840463596
304.0,8.12403840463596
305.0,6.324555320336759
306.0,6.324555320336759
307.0,6.324555320336759
308.0,6.324555320336759
309.0,6.324555320336759
310.0,6.324555320336759
311.0,6.324555320336759
312.0,6.324555320336759
313.0,6.324555320336759
314.0,6.324555320336759
315.0,6.324555320336759
316.0,6.324555320336759
317.0,6.324555320336759
318.0,6.324555320336759
319.0,6.324555320336759
320.0,6.324555320336759
321.0,6.324555320336759
322.0,6.324555320336759
323.0,6.324555320336759
324.0,6.324555320336759
325.0,6.324555320336759
326.0,6.324555320336759
327.0,6.324555320336759
328.0,6.324555320336759
329.0,6.324555320336759
330.0,6.324555320336759
331.0,6.324555320336759
332.0,6.324555320336759
333.0,6.324555320336759
334.0,6.324555320336759
335.0,6.324555320336759
336.0,6.324555320336759
337.0,6.324555320336759
338.0,6.324555320336759
339.0,6.324555320336759
340.0,6.324555320336759
341.0,6.324555320336759
342.0,6.324555320336759
343.0,6.324555320336759
344.0,6.324555320336759
345.0,6.324555320336759
346.0,6.324555320336759
347.0,6.324555320336759
348.0,6.324555320336759
349.0,6.324555320336759
350.0,6.324555320336759
351.0,6.324555320336759
352.0,6.324555320336759
353.0,6.324555320336759
354.0,6.324555320336759
355.0,6.324555320336759
356.0,6.324555320336759
357.0,6.324555320336759
358.0,6.324555320336759
359.0,6.324555320336759
360.0,6.324555320336759
361.0,6.324555320336759
362.0,6.324555320336759
363.0,6.324555320336759
364.0,6.324555320336759
365.0,6.324555320336759
366.0,6.324555320336759
367.0,6.324555320336759
368.0,6.324555320336759
369.0,6.324555320336759
370.0,6.324555320336759
371.0,6.324555320336759
372.0,6.324555320336759
373.0,6.324555320336759
374.0,6.324555320336759
375.0,6.324555320336759
376.0,6.324555320336759
377.0,6.324555320336759
378.0,6.324555320336759
379.0,6.324555320336759
380.0,6.324555320336759
381.0,6.324555320336759
382.0,6.324555320336759
383.0,6.324555320336759
384.0,6.324555320336759
385.0,6.324555320336759
386.0,6.324555320336759
387.0,6.324555320336759
388.0,6.324555320336759
389.0,6.324555320336759
390.0,6.324555320336759
391.0,6.324555320336759
392.0,6.324555320336759
393.0,6.324555320336759
394.0,6.324555320336759
395.0,6.324555320336759
396.0,6.324555320336759
397.0,6.324555320336759
398.0,6.324555320336759
399.0,6.324555320336759
400.0,6.324555320336759
401.0,6.324555320336759
402.0,6.324555320336759
403.0,6.324555320336759
404.0,6.324555320336759
405.0,6.324555320336759
406.0,6.324555320336759
407.0,6.324555320336759
408.0,6.324555320336759
409.0,6.324555320336759
410.0,6.324555320336759
411.0,6.324555320336759
412.0,6.324555320336759
413.0,6.324555320336759
414.0,6.324555320336759
415.0,6.324555320336759
416.0,6.324555320336759
417.0,6.324555320336759
418.0,6.324555320336759
419.0,6.324555320336759
420.0,6.324555320336759
421.0,6.324555320336759
422.0,6.324555320336759
423.0,6.324555320336759
424.0,6.324555320336759
425.0,6.324555320336759
426.0,6.324555320336759
427.0,6.324555320336759
428.0,6.324555320336759
429.0,6.324555320336759
430.0,6.324555320336759
431.0,6.324555320336759
432.0,6.324555320336759
433.0,6.324555320336759
434.0,6.324555320336759
435.0,6.324555320336759
436.0,6.324555320336759
437.0,6.324555320336759
438.0,6.324555320336759
439.0,6.324555320336759
440.0,6.324555320336759
441.0,6.324555320336759
442.0,6.324555320336759
443.0,6.324555320336759
444.0,4.795831523312719
445.0,4.795831523312719
446.0,4.795831523312719
447.0,4.795831523312719
448.0,4.795831523312719
449.0,4.795831523312719
450.0,4.795831523312719
451.0,4.795831523312719
452.0,4.795831523312719
453.0,4.795831523312719
454.0,4.795831523312719
455.0,4.795831523312719
456.0,4.795831523312719
457.0,4.795831523312719
458.0,4.795831523312719
459.0,4.795831523312719
460.0,4.795831523312719
461.0,4.795831523312719
462.0,4.795831523312719
463.0,4.795831523312719
464.0,4.795831523312719
465.0,4.795831523312719
466.0,4.795831523312719
467.0,4.795831523312719
468.0,4.795831523312719
469.0,4.795831523312719
470.0,4.795831523312719
471.0,4.795831523312719
472.0,4.795831523312719
473.0,4.795831523312719
474.0,4.795831523312719
475.0,4.795831523312719
476.0,4.795831523312719
477.0,4.795831523312719
478.0,4.795831523312719
479.0,4.795831523312719
480.0,4.795831523312719
481.0,4.795831523312719
482.0,4.795831523312719
483.0,4.795831523312719
484.0,4.795831523312719
485.0,4.795831523312719
486.0,4.795831523312719
487.0,4.795831523312719
488.0,4.795831523312719
489.0,4.795831523312719
490.0,4.795831523312719
491.0,4.795831523312719
492.0,4.795831523312719
493.0,4.795831523312719
494.0,4.795831523312719
495.0,4.795831523312719
496.0,4.795831523312719
497.0,4.795831523312719
498.0,4.795831523312719
499.0,4.795831523312719
500.0,4.795831523312719
501.0,4.795831523312719
502.0,4.795831523312719
503.0,4.795831523312719
504.0,4.795831523312719
505.0,4.795831523312719
506.0,4.795831523312719
507.0,4.795831523312719
508.0,4.795831523312719
509.0,4.795831523312719
510.0,4.795831523312719
511.0,4.795831523312719
512.0,4.795831523312719
513.0,4.795831523312719
514.0,4.795831523312719
515.0,4.795831523312719
516.0,4.795831523312719
517.0,4.795831523312719
518.0,4.795831523312719
519.0,4.795831523312719
520.0,4.795831523312719
521.0,4.795831523312719
522.0,4.795831523312719
523.0,4.795831523312719
524.0,4.795831523312719
525.0,4.795831523312719
526.0,4.795831523312719
527.0,4.795831523312719
528.0,4.795831523312719
529.0,4.795831523312719
530.0,4.795831523312719
531.0,4.795831523312719
532.0,4.795831523312719
533.0,4.795831523312719
534.0,4.795831523312719
535.0,4.795831523312719
536.0,4.795831523312719
537.0,4.795831523312719
538.0,4.795831523312719
539.0,4.795831523312719
540.0,4.795831523312719
541.0,4.795831523312719
542.0,4.795831523312719
543.0,4.795831523312719
544.0,4.795831523312719
545.0,4.795831523312719
546.0,4.795831523312719
547.0,4.795831523312719
548.0,4.795831523312719
549.0,4.795831523312719
550.0,4.795831523312719
551.0,4.795831523312719
552.0,4.795831523312719
553.0,4.795831523312719
554.0,4.795831523312719
555.0,4.795831523312719
556.0,4.795831523312719
557.0,4.795831523312719
558.0,4.795831523312719
559.0,4.795831523312719
560.0,4.795831523312719
561.0,4.795831523312719
562.0,4.795831523312719
563.0,4.795831523312719
564.0,4.795831523312719
565.0,4.795831523312719
566.0,4.795831523312719
567.0,4.795831523312719
568.0,4.795831523312719
569.0,4.795831523312719
570.0,4.795831523312719
571.0,4.795831523312719
572.0,4.795831523312719
573.0,4.795831523312719
574.0,4.795831523312719
575.0,4.795831523312719
576.0,4.795831523312719
577.0,4.795831523312719
578.0,4.795831523312719
579.0,4.795831523312719
580.0,4.795831523312719
581.0,4.795831523312719
582.0,4.795831523312719
583.0,4.795831523312719
584.0,4.795831523312719
585.0,4.795831523312719
586.0,4.795831523312719
587.0,4.795831523312719
588.0,4.795831523312719
589.0,4.795831523312719
590.0,4.795831523312719
591.0,4.795831523312719
592.0,4.795831523312719
593.0,4.795831523312719
594.0,4.795831523312719
595.0,4.795831523312719
596.0,4.795831523312719
597.0,4.795831523312719
598.0,4.795831523312719
599.0,4.795831523312719
600.0,4.795831523312719
601.0,4.795831523312719
602.0,4.795831523312719
603.0,4.795831523312719
604.0,4.795831523312719
605.0,4.795831523312719
606.0,4.795831523312719
607.0,4.795831523312719
608.0,4.795831523312719
609.0,4.795831523312719
610.0,4.795831523312719
611.0,4.795831523312719
612.0,4.795831523312719
613.0,4.795831523312719
614.0,4.795831523312719
615.0,4.795831523312719
616.0,4.795831523312719
617.0,4.795831523312719
618.0,4.795831523312719
619.0,4.795831523312719
620.0,4.795831523312719
621.0,4.795831523312719
622.0,4.795831523312719
623.0,4.795831523312719
624.0,4.795831523312719
625.0,4.795831523312719
626.0,4.795831523312719
627.0,4.795831523312719
628.0,4.795831523312719
629.0,4.795831523312719
630.0,4.795831523312719
631.0,4.795831523312719
632.0,4.795831523312719
633.0,4.795831523312719
634.0,4.795831523312719
635.0,4.795831523312719
636.0,4.795831523312719
637.0,4.795831523312719
638.0,4.795831523312719
639.0,4.795831523312719
640.0,4.795831523312719
641.0,4.795831523312719
642.0,4.795831523312719
643.0,4.795831523312719
644.0,4.795831523312719
645.0,4.795831523312719
646.0,4.795831523312719
647.0,4.795831523312719
648.0,4.795831523312719
649.0,4.795831523312719
650.0,4.795831523312719
651.0,4.795831523312719
652.0,4.795831523312719
653.0,4.795831523312719
654.0,4.795831523312719
655.0,4.795831523312719
656.0,4.795831523312719
657.0,4.795831523312719
658.0,4.795831523312719
659.0,4.795831523312719
660.0,4.795831523312719
661.0,4.795831523312719
662.0,4.795831523312719
663.0,4.795831523312719
664.0,4.795831523312719
665.0,4.795831523312719
666.0,4.795831523312719
667.0,4.795831523312719
668.0,4.795831523312719
669.0,4.795831523312719
670.0,4.795831523312719
671.0,4.795831523312719
672.0,4.795831523312719
673.0,4.795831523312719
674.0,4.795831523312719
675.0,4.795831523312719
676.0,4.795831523312719
677.0,4.795831523312719
678.0,4.795831523312719
679.0,4.795831523312719
680.0,4.795831523312719
681.0,4.795831523312719
682.0,4.795831523312719
683.0,4.795831523312719
684.0,4.795831523312719
685.0,4.795831523312719
686.0,4.795831523312719
687.0,4.795831523312719
688.0,4.795831523312719
689.0,4.795831523312719
690.0,4.795831523312719
691.0,4.795831523312719
692.0,4.795831523312719
693.0,4.795831523312719
694.0,4.795831523312719
695.0,4.795831523312719
696.0,4.795831523312719
697.0,4.795831523312719
698.0,4.795831523312719
699.0,4.795831523312719
700.0,4.795831523312719
701.0,4.795831523312719
702.0,4.795831523312719
703.0,4.795831523312719
704.0,4.795831523312719
705.0,4.795831523312719
706.0,4.795831523312719
707.0,4.795831523312719
708.0,4.795831523312719
709.0,4.795831523312719
710.0,4.795831523312719
711.0,4.795831523312719
712.0,4.795831523312719
713.0,4.795831523312719
714.0,4.795831523312719
715.0,4.795831523312719
716.0,4.795831523312719
717.0,4.795831523312719
718.0,4.795831523312719
719.0,4.795831523312719
720.0,4.795831523312719
721.0,4.795831523312719
722.0,4.795831523312719
723.0,4.795831523312719
724.0,4.795831523312719
725.0,4.795831523312719
726.0,4.795831523312719
727.0,4.795831523312719
728.0,4.795831523312719
729.0,4.795831523312719
730.0,4.795831523312719
731.0,4.795831523312719
732.0,4.795831523312719
733.0,4.795831523312719
734.0,4.795831523312719
735.0,4.795831523312719
736.0,4.795831523312719
737.0,4.795831523312719
738.0,4.795831523312719
739.0,4.795831523312719
740.0,4.795831523312719
741.0,4.795831523312719
742.0,4.795831523312719
743.0,4.795831523312719
744.0,4.795831523312719
745.0,4.795831523312719
746.0,4.795831523312719
747.0,4.795831523312719
748.0,4.795831523312719
749.0,4.795831523312719
750.0,4.795831523312719
751.0,4.795831523312719
752.0,4.795831523312719
753.0,4.795831523312719
754.0,4.795831523312719
755.0,4.795831523312719
756.0,4.795831523312719
757.0,4.795831523312719
758.0,4.795831523312719
759.0,4.795831523312719
760.0,4.795831523312719
761.0,4.795831523312719
762.0,4.795831523312719
763.0,4.795831523312719
764.0,4.795831523312719
765.0,4.795831523312719
766.0,4.795831523312719
767.0,4.795831523312719
768.0,4.795831523312719
769.0,4.795831523312719
770.0,4.795831523312719
771.0,4.795831523312719
772.0,4.795831523312719
773.0,4.795831523312719
774.0,4.795831523312719
775.0,4.795831523312719
776.0,4.795831523312719
777.0,4.795831523312719
778.0,4.795831523312719
779.0,4.795831523312719
780.0,4.795831523312719
781.0,4.795831523312719
782.0,4.795831523312719
783.0,4.795831523312719
784.0,4.795831523312719
785.0,4.795831523312719
786.0,4.795831523312719
787.0,4.795831523312719
788.0,4.795831523312719
789.0,4.795831523312719
790.0,4.795831523312719
791.0,4.795831523312719
792.0,4.795831523312719
793.0,4.795831523312719
794.0,4.795831523312719
795.0,4.795831523312719
796.0,4.795831523312719
797.0,4.795831523312719
798.0,4.795831523312719
799.0,4.795831523312719
800.0,4.795831523312719
801.0,4.795831523312719
802.0,4.795831523312719
803.0,4.795831523312719
804.0,4.795831523312719
805.0,4.795831523312719
806.0,4.795831523312719
807.0,4.795831523312719
808.0,4.795831523312719
809.0,4.795831523312719
810.0,4.795831523312719
811.0,4.795831523312719
812.0,4.795831523312719
813.0,4.795831523312719
814.0,4.795831523312719
815.0,4.795831523312719
816.0,4.795831523312719
817.0,4.795831523312719
818.0,4.795831523312719
819.0,4.795831523312719
820.0,4.795831523312719
821.0,4.795831523312719
822.0,4.795831523312719
823.0,4.795831523312719
824.0,4.795831523312719
825.0,4.795831523312719
826.0,4.795831523312719
827.0,4.795831523312719
828.0,4.795831523312719
829.0,4.795831523312719
830.0,4.795831523312719
831.0,4.795831523312719
832.0,4.795831523312719
833.0,4.795831523312719
834.0,4.795831523312719
835.0,4.795831523312719
836.0,4.795831523312719
837.0,4.795831523312719
838.0,4.795831523312719
839.0,4.795831523312719
840.0,4.795831523312719
841.0,4.795831523312719
842.0,4.795831523312719
843.0,4.795831523312719
844.0,4.795831523312719
845.0,4.795831523312719
846.0,4.795831523312719
847.0,4.795831523312719
848.0,4.795831523312719
849.0,4.795831523312719
850.0,4.795831523312719
851.0,4.795831523312719
852.0,4.795831523312719
853.0,4.795831523312719
854.0,4.795831523312719
855.0,4.795831523312719
856.0,4.795831523312719
857.0,4.795831523312719
858.0,4.795831523312719
859.0,4.795831523312719
860.0,4.795831523312719
861.0,4.795831523312719
862.0,4.795831523312719
863.0,4.795831523312719
864.0,4.795831523312719
865.0,4.795831523312719
866.0,4.795831523312719
867.0,4.795831523312719
868.0,4.795831523312719
869.0,4.795831523312719
870.0,4.795831523312719
871.0,4.795831523312719
872.0,4.69041575982343
873.0,4.69041575982343
874.0,4.69041575982343
875.0,4.69041575982343
876.0,4.69041575982343
877.0,4.69041575982343
878.0,4.69041575982343
879.0,4.69041575982343
880.0,4.69041575982343
881.0,4.69041575982343
882.0,4.69041575982343
883.0,4.69041575982343
884.0,4.69041575982343
885.0,4.69041575982343
886.0,4.69041575982343
887.0,4.69041575982343
888.0,4.69041575982343
889.0,4.69041575982343
890.0,4.69041575982343
891.0,4.69041575982343
892.0,4.69041575982343
893.0,4.69041575982343
894.0,4.69041575982343
895.0,4.69041575982343
896.0,4.69041575982343
897.0,4.69041575982343
898.0,4.69041575982343
899.0,4.69041575982343
900.0,4.69041575982343
901.0,4.69041575982343
902.0,4.69041575982343
903.0,4.69041575982343
904.0,4.69041575982343
905.0,4.69041575982343
906.0,4.69041575982343
907.0,4.69041575982343
908.0,4.69041575982343
909.0,4.69041575982343
910.0,4.69041575982343
911.0,4.69041575982343
912.0,4.69041575982343
913.0,4.69041575982343
914.0,4.69041575982343
915.0,4.69041575982343
916.0,4.69041575982343
917.0,4.69041575982343
918.0,4.69041575982343
919.0,4.69041575982343
920.0,4.69041575982343
921.0,4.69041575982343
922.0,4.69041575982343
923.0,4.69041575982343
924.0,4.69041575982343
925.0,4.69041575982343
926.0,4.69041575982343
927.0,4.69041575982343
928.0,4.69041575982343
929.0,4.69041575982343
930.0,4.69041575982343
931.0,4.69041575982343
932.0,4.69041575982343
933.0,4.69041575982343
934.0,4.69041575982343
935.0,4.69041575982343
936.0,4.69041575982343
937.0,4.69041575982343
938.0,4.69041575982343
939.0,4.69041575982343
940.0,4.69041575982343
941.0,4.69041575982343
942.0,4.69041575982343
943.0,4.69041575982343
944.0,4.69041575982343
945.0,4.69041575982343
946.0,4.69041575982343
947.0,4.69041575982343
948.0,4.69041575982343
949.0,4.69041575982343
950.0,4.69041575982343
951.0,4.69041575982343
952.0,4.69041575982343
953.0,4.69041575982343
954.0,4.69041575982343
955.0,4.69041575982343
956.0,4.69041575982343
957.0,4.69041575982343
958.0,4.69041575982343
959.0,4.69041575982343
960.0,4.69041575982343
961.0,4.69041575982343
962.0,4.69041575982343
963.0,4.69041575982343
964.0,4.69041575982343
965.0,4.69041575982343
966.0,4.69041575982343
967.0,4.69041575982343
968.0,4.69041575982343
969.0,4.69041575982343
970.0,4.69041575982343
971.0,4.69041575982343
972.0,4.69041575982343
973.0,4.69041575982343
974.0,4.69041575982343
975.0,4.69041575982343
976.0,4.69041575982343
977.0,4.69041575982343
978.0,4.69041575982343
979.0,4.69041575982343
980.0,4.69041575982343
981.0,4.69041575982343
982.0,4.69041575982343
983.0,4.69041575982343
984.0,4.69041575982343
985.0,4.69041575982343
986.0,4.69041575982343
987.0,4.69041575982343
988.0,4.69041575982343
989.0,4.69041575982343
990.0,4.69041575982343
991.0,4.69041575982343
992.0,4.69041575982343
993.0,4.69041575982343
994.0,4.69041575982343
995.0,4.69041575982343
996.0,4.69041575982343
997.0,4.69041575982343
998.0,4.69041575982343
999.0,4.69041575982343
1000.0,4.69041575982343
1001.0,4.69041575982343
1002.0,4.69041575982343
1003.0,4.69041575982343
1004.0,4.69041575982343
1005.0,4.69041575982343
1006.0,4.69041575982343
1007.0,4.69041575982343
1008.0,4.69041575982343
1009.0,4.69041575982343
1010.0,4.69041575982343
1011.0,4.69041575982343
1012.0,4.69041575982343
1013.0,4.69041575982343
1014.0,4.69041575982343
1015.0,4.69041575982343
1016.0,4.69041575982343
1017.0,4.69041575982343
1018.0,4.69041575982343
1019.0,4.69041575982343
1020.0,4.69041575982343
1021.0,4.69041575982343
1022.0,4.69041575982343
1023.0,4.69041575982343
1024.0,4.69041575982343
1025.0,4.69041575982343
1026.0,4.69041575982343
1027.0,4.69041575982343
1028.0,4.69041575982343
1029.0,4.69041575982343
1030.0,4.69041575982343
1031.0,4.69041575982343
1032.0,4.69041575982343
1033.0,4.69041575982343
1034.0,4.69041575982343
1035.0,4.69041575982343
1036.0,4.69041575982343
1037.0,4.69041575982343
1038.0,4.69041575982343
1039.0,4.69041575982343
1040.0,4.69041575982343
1041.0,4.69041575982343
1042.0,4.69041575982343
1043.0,4.69041575982343
1044.0,4.69041575982343
1045.0,4.69041575982343
1046.0,4.69041575982343
1047.0,4.69041575982343
1048.0,4.69041575982343
1049.0,4.69041575982343
1050.0,4.69041575982343
1051.0,4.69041575982343
1052.0,4.69041575982343
1053.0,4.69041575982343
1054.0,4.69041575982343
1055.0,4.69041575982343
1056.0,4.69041575982343
1057.0,4.69041575982343
1058.0,4.69041575982343
1059.0,4.69041575982343
1060.0,4.69041575982343
1061.0,4.69041575982343
1062.0,4.69041575982343
1063.0,4.69041575982343
1064.0,4.69041575982343
1065.0,4.69041575982343
1066.0,4.69041575982343
1067.0,4.69041575982343
1068.0,4.69041575982343
1069.0,4.69041575982343
1070.0,4.69041575982343
1071.0,4.69041575982343
1072.0,4.69041575982343
1073.0,4.69041575982343
1074.0,4.69041575982343
1075.0,4.69041575982343
1076.0,4.69041575982343
1077.0,4.69041575982343
1078.0,4.69041575982343
1079.0,4.69041575982343
1080.0,4.69041575982343
1081.0,4.69041575982343
1082.0,4.69041575982343
1083.0,4.69041575982343
1084.0,4.69041575982343
1085.0,4.69041575982343
1086.0,4.69041575982343
1087.0,4.69041575982343
1088.0,4.69041575982343
1089.0,4.69041575982343
1090.0,4.69041575982343
1091.0,4.69041575982343
1092.0,4.69041575982343
1093.0,4.69041575982343
1094.0,4.69041575982343
1095.0,4.69041575982343
1096.0,4.69041575982343
1097.0,4.69041575982343
1098.0,4.69041575982343
1099.0,4.69041575982343
1100.0,4.69041575982343
1101.0,4.69041575982343
1102.0,4.69041575982343
1103.0,4.69041575982343
1104.0,4.69041575982343
1105.0,4.69041575982343
1106.0,4.69041575982343
1107.0,4.69041575982343
1108.0,4.69041575982343
1109.0,4.69041575982343
1110.0,4.69041575982343
1111.0,4.69041575982343
1112.0,4.69041575982343
1113.0,4.69041575982343
1114.0,4.69041575982343
1115.0,4.69041575982343
1116.0,4.69041575982343
1117.0,4.69041575982343
1118.0,4.69041575982343
1119.0,4.69041575982343
1120.0,4.69041575982343
1121.0,4.69041575982343
1122.0,4.69041575982343
1123.0,4.69041575982343
1124.0,4.69041575982343
1125.0,4.69041575982343
1126.0,4.69041575982343
1127.0,4.69041575982343
1128.0,4.69041575982343
1129.0,4.69041575982343
1130.0,4.69041575982343
1131.0,4.69041575982343
1132.0,4.69041575982343
1133.0,4.69041575982343
1134.0,4.69041575982343
1135.0,4.69041575982343
1136.0,4.69041575982343
1137.0,4.69041575982343
1138.0,4.69041575982343
1139.0,4.69041575982343
1140.0,4.69041575982343
1141.0,4.69041575982343
1142.0,4.69041575982343
1143.0,4.69041575982343
1144.0,4.69041575982343
1145.0,4.69041575982343
1146.0,4.0
1147.0,4.0
1148.0,4.0
1149.0,4.0
1150.0,4.0
1151.0,4.0
1152.0,4.0
1153.0,4.0
1154.0,4.0
1155.0,4.0
1156.0,4.0
1157.0,4.0
1158.0,4.0
1159.0,4.0
1160.0,4.0
1161.0,4.0
1162.0,4.0
1163.0,4.0
1164.0,4.0
1165.0,4.0
1166.0,4.0
1167.0,4.0
1168.0,4.0
1169.0,4.0
1170.0,4.0
1171.0,4.0
1172.0,4.0
1173.0,4.0
1174.0,4.0
1175.0,4.0
1176.0,4.0
1177.0,4.0
1178.0,4.0
1179.0,4.0
1180.0,4.0
1181.0,4.0
1182.0,4.0
1183.0,4.0
1184.0,4.0
1185.0,4.0
1186.0,4.0
1187.0,4.0
1188.0,4.0
1189.0,4.0
1190.0,4.0
1191.0,4.0
1192.0,4.0
1193.0,4.0
1194.0,4.0
1195.0,4.0
1196.0,4.0
1197.0,4.0
1198.0,4.0
1199.0,4.0
1200.0,4.0
1201.0,4.0
1202.0,4.0
1203.0,4.0
1204.0,4.0
1205.0,4.0
1206.0,4.0
1207.0,4.0
1208.0,4.0
1209.0,4.0
1210.0,4.0
1211.0,4.0
1212.0,4.0
1213.0,4.0
1214.0,4.0
1215.0,4.0
1216.0,4.0
1217.0,4.0
1218.0,4.0
1219.0,4.0
1220.0,4.0
1221.0,4.0
1222.0,4.0
1223.0,4.0
1224.0,4.0
1225.0,4.0
1226.0,4.0
1227.0,4.0
1228.0,4.0
1229.0,4.0
1230.0,4.0
1231.0,4.0
1232.0,4.0
1233.0,4.0
1234.0,4.0
1235.0,4.0
1236.0,4.0
1237.0,4.0
1238.0,4.0
1239.0,4.0
1240.0,4.0
1241.0,4.0
1242.0,4.0
1243.0,4.0
1244.0,4.0
1245.0,4.0
1246.0,4.0
1247.0,4.0
1248.0,4.0
1249.0,4.0
1250.0,4.0
1251.0,4.0
1252.0,4.0
1253.0,4.0
1254.0,4.0
1255.0,4.0
1256.0,4.0
1257.0,4.0
1258.0,4.0
1259.0,4.0
1260.0,4.0
1261.0,4.0
1262.0,4.0
1263.0,4.0
1264.0,4.0
1265.0,4.0
1266.0,4.0
1267.0,4.0
1268.0,4.0
1269.0,4.0
1270.0,4.0
1271.0,4.0
1272.0,4.0
1273.0,4.0
1274.0,4.0
1275.0,4.0
1276.0,4.0
1277.0,4.0
1278.0,4.0
1279.0,4.0
1280.0,4.0
1281.0,4.0
1282.0,4.0
1283.0,4.0
1284.0,4.0
1285.0,4.0
1286.0,4.0
1287.0,4.0
1288.0,4.0
1289.0,4.0
1290.0,4.0
1291.0,4.0
1292.0,4.0
1293.0,4.0
1294.0,4.0
1295.0,4.0
1296.0,4.0
1297.0,4.0
1298.0,4.0
1299.0,4.0
1300.0,4.0
1301.0,4.0
1302.0,4.0
1303.0,4.0
1304.0,4.0
1305.0,4.0
1306.0,4.0
1307.0,4.0
1308.0,4.0
1309.0,4.0
1310.0,4.0
1311.0,4.0
1312.0,4.0
1313.0,4.0
1314.0,4.0
1315.0,4.0
1316.0,4.0
1317.0,4.0
1318.0,4.0
1319.0,4.0
1320.0,4.0
1321.0,4.0
1322.0,4.0
1323.0,4.0
1324.0,4.0
1325.0,4.0
1326.0,4.0
1327.0,4.0
1328.0,4.0
1329.0,4.0
1330.0,4.0
1331.0,4.0
1332.0,4.0
1333.0,4.0
1334.0,4.0
1335.0,4.0
1336.0,4.0
1337.0,4.0
1338.0,4.0
1339.0,4.0
1340.0,4.0
1341.0,4.0
1342.0,4.0
1343.0,4.0
1344.0,4.0
1345.0,4.0
1346.0,4.0
1347.0,4.0
1348.0,4.0
1349.0,4.0
1350.0,4.0
1351.0,4.0
1352.0,4.0
1353.0,4.0
1354.0,4.0
1355.0,4.0
1356.0,4.0
1357.0,4.0
1358.0,4.0
1359.0,4.0
1360.0,4.0
1361.0,4.0
1362.0,4.0
1363.0,4.0
1364.0,4.0
1365.0,4.0
1366.0,4.0
1367.0,4.0
1368.0,4.0
1369.0,4.0
1370.0,4.0
1371.0,4.0
1372.0,4.0
1373.0,4.0
1374.0,4.0
1375.0,4.0
1376.0,4.0
1377.0,4.0
1378.0,4.0
1379.0,4.0
1380.0,4.0
1381.0,4.0
1382.0,4.0
1383.0,4.0
1384.0,4.0
1385.0,4.0
1386.0,4.0
1387.0,4.0
1388.0,4.0
1389.0,4.0
1390.0,4.0
1391.0,4.0
1392.0,4.0
1393.0,4.0
1394.0,4.0
1395.0,4.0
1396.0,4.0
1397.0,4.0
1398.0,4.0
1399.0,4.0
1400.0,4.0
1401.0,4.0
1402.0,4.0
1403.0,4.0
1404.0,4.0
1405.0,4.0
1406.0,4.0
1407.0,4.0
1408.0,4.0
1409.0,4.0
1410.0,4.0
1411.0,4.0
1412.0,4.0
1413.0,4.0
1414.0,4.0
1415.0,4.0
1416.0,4.0
1417.0,4.0
1418.0,4.0
1419.0,4.0
1420.0,4.0
1421.0,4.0
1422.0,4.0
1423.0,4.0
1424.0,4.0
1425.0,4.0
1426.0,4.0
1427.0,4.0
1428.0,4.0
1429.0,4.0
1430.0,4.0
1431.0,4.0
1432.0,4.0
1433.0,4.0
1434.0,4.0
1435.0,4.0
1436.0,4.0
1437.0,4.0
1438.0,4.0
1439.0,4.0
1440.0,4.0
1441.0,4.0
1442.0,4.0
1443.0,4.0
1444.0,4.0
1445.0,4.0
1446.0,4.0
1447.0,4.0
1448.0,4.0
1449.0,4.0
1450.0,4.0
1451.0,4.0
1452.0,4.0
1453.0,4.0
1454.0,4.0
1455.0,4.0
1456.0,4.0
1457.0,4.0
1458.0,4.0
1459.0,4.0
1460.0,4.0
1461.0,4.0
1462.0,4.0
1463.0,4.0
1464.0,4.0
1465.0,4.0
1466.0,4.0
1467.0,4.0
1468.0,4.0
1469.0,4.0
1470.0,4.0
1471.0,4.0
1472.0,4.0
1473.0,4.0
1474.0,4.0
1475.0,4.0
1476.0,4.0
1477.0,4.0
1478.0,4.0
1479.0,4.0
1480.0,4.0
1481.0,4.0
1482.0,4.0
1483.0,4.0
1484.0,4.0
1485.0,4.0
1486.0,4.0
1487.0,4.0
1488.0,4.0
1489.0,4.0
1490.0,4.0
1491.0,4.0
1492.0,4.0
1493.0,4.0
1494.0,4.0
1495.0,4.0
1496.0,4.0
1497.0,4.0
1498.0,4.0
1499.0,4.0
1500.0,4.0
1501.0,4.0
1502.0,4.0
1503.0,4.0
1504.0,4.0
1505.0,4.0
1506.0,4.0
1507.0,4.0
1508.0,4.0
1509.0,4.0
1510.0,4.0
1511.0,4.0
1512.0,4.0
1513.0,4.0
1514.0,4.0
1515.0,4.0
1516.0,4.0
1517.0,4.0
1518.0,4.0
1519.0,4.0
1520.0,4.0
1521.0,4.0
1522.0,4.0
1523.0,4.0
1524.0,4.0
1525.0,4.0
1526.0,4.0
1527.0,4.0
1528.0,4.0
1529.0,3.605551275463989
1530.0,3.605551275463989
1531.0,3.605551275463989
1532.0,3.605551275463989
1533.0,3.605551275463989
1534.0,3.605551275463989
1535.0,3.605551275463989
1536.0,3.605551275463989
1537.0,3.605551275463989
1538.0,3.605551275463989
1539.0,3.605551275463989
1540.0,3.605551275463989
1541.0,3.605551275463989
1542.0,3.605551275463989
1543.0,3.605551275463989
1544.0,3.605551275463989
1545.0,3.605551275463989
1546.0,3.605551275463989
1547.0,3.605551275463989
1548.0,3.605551275463989
1549.0,3.605551275463989
1550.0,3.605551275463989
1551.0,3.605551275463989
1552.0,3.605551275463989
1553.0,3.605551275463989
1554.0,3.605551275463989
1555.0,3.605551275463989
1556.0,3.605551275463989
1557.0,3.605551275463989
1558.0,3.605551275463989
1559.0,3.605551275463989
1560.0,3.605551275463989
1561.0,3.605551275463989
1562.0,3.605551275463989
1563.0,3.605551275463989
1564.0,3.605551275463989
1565.0,3.605551275463989
1566.0,3.605551275463989
1567.0,3.605551275463989
1568.0,3.605551275463989
1569.0,3.605551275463989
1570.0,3.605551275463989
1571.0,3.605551275463989
1572.0,3.605551275463989
1573.0,3.605551275463989
1574.0,3.605551275463989
1575.0,3.605551275463989
1576.0,3.605551275463989
1577.0,3.605551275463989
1578.0,3.605551275463989
1579.0,3.605551275463989
1580.0,3.605551275463989
1581.0,3.605551275463989
1582.0,3.605551275463989
1583.0,3.605551275463989
1584.0,3.605551275463989
1585.0,3.605551275463989
1586.0,3.605551275463989
1587.0,3.605551275463989
1588.0,3.605551275463989
1589.0,3.605551275463989
1590.0,3.605551275463989
1591.0,3.605551275463989
1592.0,3.605551275463989
1593.0,3.605551275463989
1594.0,3.605551275463989
1595.0,3.605551275463989
1596.0,3.605551275463989
1597.0,3.605551275463989
1598.0,3.605551275463989
1599.0,3.605551275463989
1600.0,3.605551275463989
1601.0,3.605551275463989
1602.0,3.605551275463989
1603.0,3.605551275463989
1604.0,3.605551275463989
1605.0,3.605551275463989
1606.0,3.605551275463989
1607.0,3.605551275463989
1608.0,3.605551275463989
1609.0,3.605551275463989
1610.0,3.605551275463989
1611.0,3.605551275463989
1612.0,3.605551275463989
1613.0,3.605551275463989
1614.0,3.605551275463989
1615.0,3.605551275463989
1616.0,3.605551275463989
1617.0,3.605551275463989
1618.0,3.605551275463989
1619.0,3.605551275463989
1620.0,3.605551275463989
1621.0,3.605551275463989
1622.0,3.605551275463989
1623.0,3.605551275463989
1624.0,3.605551275463989
1625.0,3.605551275463989
1626.0,3.605551275463989
1627.0,3.605551275463989
1628.0,3.605551275463989
1629.0,3.605551275463989
1630.0,3.605551275463989
1631.0,3.605551275463989
1632.0,3.605551275463989
1633.0,3.605551275463989
1634.0,3.605551275463989
1635.0,3.605551275463989
1636.0,3.605551275463989
1637.0,3.605551275463989
1638.0,3.605551275463989
1639.0,3.605551275463989
1640.0,3.605551275463989
1641.0,3.605551275463989
1642.0,3.605551275463989
1643.0,3.605551275463989
1644.0,3.605551275463989
1645.0,3.605551275463989
1646.0,3.605551275463989
1647.0,3.605551275463989
1648.0,3.605551275463989
1649.0,3.605551275463989
1650.0,3.605551275463989
1651.0,3.605551275463989
1652.0,3.605551275463989
1653.0,3.605551275463989
1654.0,3.605551275463989
1655.0,3.605551275463989
1656.0,3.605551275463989
1657.0,3.605551275463989
1658.0,3.605551275463989
1659.0,3.605551275463989
1660.0,3.605551275463989
1661.0,3.605551275463989
1662.0,3.605551275463989
1663.0,3.605551275463989
1664.0,3.605551275463989
1665.0,3.605551275463989
1666.0,3.605551275463989
1667.0,3.605551275463989
1668.0,3.605551275463989
1669.0,3.605551275463989
1670.0,3.605551275463989
1671.0,3.605551275463989
1672.0,3.605551275463989
1673.0,3.605551275463989
1674.0,3.605551275463989
1675.0,3.605551275463989
1676.0,3.605551275463989
1677.0,3.605551275463989
1678.0,3.605551275463989
1679.0,3.605551275463989
1680.0,3.605551275463989
1681.0,3.605551275463989
1682.0,3.605551275463989
1683.0,3.605551275463989
1684.0,3.605551275463989
1685.0,3.605551275463989
1686.0,3.605551275463989
1687.0,3.605551275463989
1688.0,3.605551275463989
1689.0,3.605551275463989
1690.0,3.605551275463989
1691.0,3.605551275463989
1692.0,3.605551275463989
1693.0,3.605551275463989
1694.0,3.605551275463989
1695.0,3.605551275463989
1696.0,3.605551275463989
1697.0,3.605551275463989
1698.0,3.605551275463989
1699.0,3.605551275463989
1700.0,3.605551275463989
1701.0,3.605551275463989
1702.0,3.605551275463989
1703.0,3.605551275463989
1704.0,3.605551275463989
1705.0,3.605551275463989
1706.0,3.605551275463989
1707.0,3.605551275463989
1708.0,3.605551275463989
1709.0,3.605551275463989
1710.0,3.605551275463989
1711.0,3.605551275463989
1712.0,3.605551275463989
1713.0,3.605551275463989
1714.0,3.605551275463989
1715.0,3.605551275463989
1716.0,3.605551275463989
1717.0,3.605551275463989
1718.0,3.605551275463989
1719.0,3.605551275463989
1720.0,3.605551275463989
1721.0,3.605551275463989
1722.0,3.605551275463989
1723.0,3.605551275463989
1724.0,3.605551275463989
1725.0,3.605551275463989
1726.0,3.605551275463989
1727.0,3.605551275463989
1728.0,3.605551275463989
1729.0,3.605551275463989
1730.0,3.605551275463989
1731.0,3.605551275463989
1732.0,3.605551275463989
1733.0,3.605551275463989
1734.0,3.605551275463989
1735.0,3.605551275463989
1736.0,3.605551275463989
1737.0,3.605551275463989
1738.0,3.605551275463989
1739.0,3.605551275463989
1740.0,3.605551275463989
1741.0,3.605551275463989
1742.0,3.605551275463989
1743.0,3.605551275463989
1744.0,3.605551275463989
1745.0,3.605551275463989
1746.0,3.605551275463989
1747.0,3.605551275463989
1748.0,3.605551275463989
1749.0,3.605551275463989
1750.0,3.605551275463989
1751.0,3.605551275463989
1752.0,3.605551275463989
1753.0,3.605551275463989
1754.0,3.605551275463989
1755.0,3.605551275463989
1756.0,3.605551275463989
1757.0,3.605551275463989
1758.0,3.605551275463989
1759.0,3.605551275463989
1760.0,3.605551275463989
1761.0,3.605551275463989
1762.0,3.605551275463989
1763.0,3.605551275463989
1764.0,3.605551275463989
1765.0,3.605551275463989
1766.0,3.605551275463989
1767.0,3.605551275463989
1768.0,3.605551275463989
1769.0,3.605551275463989
1770.0,3.605551275463989
1771.0,3.605551275463989
1772.0,3.605551275463989
1773.0,3.605551275463989
1774.0,3.605551275463989
1775.0,3.605551275463989
1776.0,3.605551275463989
1777.0,3.605551275463989
1778.0,3.605551275463989
1779.0,3.605551275463989
1780.0,3.605551275463989
1781.0,3.605551275463989
1782.0,3.605551275463989
1783.0,3.605551275463989
1784.0,3.605551275463989
1785.0,3.605551275463989
1786.0,3.605551275463989
1787.0,3.605551275463989
1788.0,3.605551275463989
1789.0,3.605551275463989
1790.0,3.605551275463989
1791.0,3.605551275463989
1792.0,3.605551275463989
1793.0,3.605551275463989
1794.0,3.605551275463989
1795.0,3.605551275463989
1796.0,3.605551275463989
1797.0,3.605551275463989
1798.0,3.605551275463989
1799.0,3.605551275463989
1800.0,3.605551275463989
1801.0,3.605551275463989
1802.0,3.605551275463989
1803.0,3.605551275463989
1804.0,3.605551275463989
1805.0,3.605551275463989
1806.0,3.605551275463989
1807.0,3.605551275463989
1808.0,3.605551275463989
1809.0,3.605551275463989
1810.0,3.605551275463989
1811.0,3.605551275463989
1812.0,3.605551275463989
1813.0,3.605551275463989
1814.0,3.605551275463989
1815.0,3.605551275463989
1816.0,3.605551275463989
1817.0,3.605551275463989
1818.0,3.605551275463989
1819.0,3.605551275463989
1820.0,3.605551275463989
1821.0,3.605551275463989
1822.0,3.605551275463989
1823.0,3.605551275463989
1824.0,3.605551275463989
1825.0,3.605551275463989
1826.0,3.605551275463989
1827.0,3.605551275463989
1828.0,3.605551275463989
1829.0,3.605551275463989
1830.0,3.605551275463989
1831.0,3.605551275463989
1832.0,3.605551275463989
1833.0,3.605551275463989
1834.0,3.605551275463989
1835.0,3.605551275463989
1836.0,3.605551275463989
1837.0,3.605551275463989
1838.0,3.605551275463989
1839.0,3.605551275463989
1840.0,3.605551275463989
1841.0,3.605551275463989
1842.0,3.605551275463989
1843.0,3.605551275463989
1844.0,3.605551275463989
1845.0,3.605551275463989
1846.0,3.605551275463989
1847.0,3.605551275463989
1848.0,3.605551275463989
1849.0,3.605551275463989
1850.0,3.605551275463989
1851.0,3.605551275463989
1852.0,3.605551275463989
1853.0,3.605551275463989
1854.0,3.605551275463989
1855.0,3.605551275463989
1856.0,3.605551275463989
1857.0,3.605551275463989
1858.0,3.605551275463989
1859.0,3.605551275463989
1860.0,3.605551275463989
1861.0,3.605551275463989
1862.0,3.605551275463989
1863.0,3.605551275463989
1864.0,3.605551275463989
1865.0,3.605551275463989
1866.0,3.605551275463989
1867.0,3.605551275463989
1868.0,3.605551275463989
1869.0,3.605551275463989
1870.0,3.605551275463989
1871.0,3.605551275463989
1872.0,3.605551275463989
1873.0,3.605551275463989
1874.0,3.605551275463989
1875.0,3.605551275463989
1876.0,3.605551275463989
1877.0,3.605551275463989
1878.0,3.605551275463989
1879.0,3.605551275463989
1880.0,3.605551275463989
1881.0,3.605551275463989
1882.0,3.605551275463989
1883.0,3.605551275463989
1884.0,3.605551275463989
1885.0,3.605551275463989
1886.0,3.605551275463989
1887.0,3.605551275463989
1888.0,3.605551275463989
1889.0,3.605551275463989
1890.0,3.605551275463989
1891.0,3.605551275463989
1892.0,3.605551275463989
1893.0,3.605551275463989
1894.0,3.605551275463989
1895.0,3.605551275463989
1896.0,3.605551275463989
1897.0,3.605551275463989
1898.0,3.605551275463989
1899.0,3.605551275463989
1900.0,3.605551275463989
1901.0,3.605551275463989
1902.0,3.605551275463989
1903.0,3.605551275463989
1904.0,3.605551275463989
1905.0,3.605551275463989
1906.0,3.605551275463989
1907.0,3.605551275463989
1908.0,3.605551275463989
1909.0,3.605551275463989
1910.0,3.605551275463989
1911.0,3.605551275463989
1912.0,3.605551275463989
1913.0,3.605551275463989
1914.0,3.605551275463989
1915.0,3.605551275463989
1916.0,3.605551275463989
1917.0,3.605551275463989
1918.0,3.605551275463989
1919.0,3.605551275463989
1920.0,3.605551275463989
1921.0,3.605551275463989
1922.0,3.605551275463989
1923.0,3.605551275463989
1924.0,3.605551275463989
1925.0,3.605551275463989
1926.0,3.605551275463989
1927.0,3.605551275463989
1928.0,3.605551275463989
1929.0,3.605551275463989
1930.0,3.605551275463989
1931.0,3.605551275463989
1932.0,3.605551275463989
1933.0,3.605551275463989
1934.0,3.605551275463989
1935.0,3.605551275463989
1936.0,3.605551275463989
1937.0,3.605551275463989
1938.0,3.605551275463989
1939.0,3.605551275463989
1940.0,3.605551275463989
1941.0,3.605551275463989
1942.0,3.605551275463989
1943.0,3.605551275463989
1944.0,3.605551275463989
1945.0,3.605551275463989
1946.0,3.605551275463989
1947.0,3.605551275463989
1948.0,3.605551275463989
1949.0,3.605551275463989
1950.0,3.605551275463989
1951.0,3.605551275463989
1952.0,3.605551275463989
1953.0,3.605551275463989
1954.0,3.605551275463989
1955.0,3.605551275463989
1956.0,3.605551275463989
1957.0,3.605551275463989
1958.0,3.605551275463989
1959.0,3.605551275463989
1960.0,3.605551275463989
1961.0,3.605551275463989
1962.0,3.605551275463989
1963.0,3.605551275463989
1964.0,3.605551275463989
1965.0,3.605551275463989
1966.0,3.605551275463989
1967.0,3.605551275463989
1968.0,3.605551275463989
1969.0,3.605551275463989
1970.0,3.605551275463989
1971.0,3.605551275463989
1972.0,3.605551275463989
1973.0,3.605551275463989
1974.0,3.605551275463989
1975.0,3.605551275463989
1976.0,3.605551275463989
1977.0,3.605551275463989
1978.0,3.605551275463989
1979.0,3.605551275463989
1980.0,3.605551275463989
1981.0,3.605551275463989
1982.0,3.605551275463989
1983.0,3.605551275463989
1984.0,3.605551275463989
1985.0,3.605551275463989
1986.0,3.605551275463989
1987.0,3.605551275463989
1988.0,3.605551275463989
1989.0,3.605551275463989
1990.0,3.605551275463989
1991.0,3.605551275463989
1992.0,3.605551275463989
1993.0,3.605551275463989
1994.0,3.605551275463989
1995.0,3.605551275463989
1996.0,3.605551275463989
1997.0,3.605551275463989
1998.0,3.605551275463989
1999.0,3.605551275463989
2000.0,3.605551275463989
2001.0,3.605551275463989
