Iteration,Fitness
2.0,56.95612346359257
3.0,56.95612346359257
4.0,45.89117562233506
5.0,45.89117562233506
6.0,38.948684188300895
7.0,34.77067730142742
8.0,29.206163733020468
9.0,25.059928172283335
10.0,25.059928172283335
11.0,23.388031127053
12.0,23.388031127053
13.0,23.388031127053
14.0,23.388031127053
15.0,23.388031127053
16.0,23.259406699226016
17.0,21.2602916254693
18.0,21.2602916254693
19.0,21.2602916254693
20.0,21.2602916254693
21.0,21.2602916254693
22.0,18.275666882497067
23.0,18.275666882497067
24.0,18.275666882497067
25.0,16.522711641858304
26.0,16.522711641858304
27.0,16.522711641858304
28.0,16.522711641858304
29.0,16.522711641858304
30.0,16.401219466856727
31.0,16.401219466856727
32.0,16.401219466856727
33.0,16.401219466856727
34.0,16.401219466856727
35.0,14.071247279470288
36.0,14.071247279470288
37.0,14.071247279470288
38.0,14.071247279470288
39.0,13.92838827718412
40.0,13.92838827718412
41.0,11.958260743101398
42.0,11.958260743101398
43.0,11.958260743101398
44.0,11.958260743101398
45.0,11.958260743101398
46.0,11.958260743101398
47.0,11.958260743101398
48.0,11.958260743101398
49.0,11.958260743101398
50.0,11.958260743101398
51.0,11.958260743101398
52.0,11.958260743101398
53.0,11.958260743101398
54.0,11.958260743101398
55.0,11.958260743101398
56.0,11.958260743101398
57.0,11.958260743101398
58.0,11.958260743101398
59.0,11.958260743101398
60.0,11.958260743101398
61.0,11.958260743101398
62.0,11.958260743101398
63.0,11.958260743101398
64.0,11.958260743101398
65.0,11.958260743101398
66.0,11.958260743101398
67.0,11.958260743101398
68.0,11.958260743101398
69.0,11.958260743101398
70.0,11.958260743101398
71.0,11.958260743101398
72.0,11.958260743101398
73.0,11.958260743101398
74.0,11.958260743101398
75.0,11.958260743101398
76.0,11.958260743101398
77.0,11.958260743101398
78.0,11.958260743101398
79.0,11.958260743101398
80.0,11.958260743101398
81.0,11.958260743101398
82.0,11.958260743101398
83.0,11.958260743101398
84.0,11.958260743101398
85.0,11.958260743101398
86.0,11.958260743101398
87.0,11.958260743101398
88.0,11.958260743101398
89.0,11.958260743101398
90.0,11.40175425099138
91.0,11.40175425099138
92.0,11.40175425099138
93.0,11.40175425099138
94.0,11.40175425099138
95.0,11.40175425099138
96.0,11.40175425099138
97.0,11.40175425099138
98.0,11.40175425099138
99.0,11.40175425099138
100.0,11.40175425099138
101.0,11.40175425099138
102.0,11.40175425099138
103.0,11.40175425099138
104.0,11.40175425099138
105.0,11.40175425099138
106.0,11.40175425099138
107.0,11.40175425099138
108.0,11.40175425099138
109.0,11.40175425099138
110.0,11.40175425099138
111.0,11.40175425099138
112.0,11.40175425099138
113.0,11.40175425099138
114.0,11.40175425099138
115.0,11.40175425099138
116.0,11.40175425099138
117.0,11.40175425099138
118.0,11.40175425099138
119.0,11.40175425099138
120.0,11.40175425099138
121.0,11.40175425099138
122.0,11.40175425099138
123.0,11.40175425099138
124.0,11.40175425099138
125.0,11.40175425099138
126.0,11.40175425099138
127.0,11.40175425099138
128.0,11.40175425099138
129.0,10.723805294763608
130.0,10.723805294763608
131.0,10.723805294763608
132.0,10.723805294763608
133.0,10.723805294763608
134.0,10.723805294763608
135.0,10.723805294763608
136.0,10.723805294763608
137.0,10.723805294763608
138.0,10.723805294763608
139.0,10.723805294763608
140.0,10.723805294763608
141.0,10.723805294763608
142.0,10.723805294763608
143.0,10.723805294763608
144.0,10.723805294763608
145.0,10.723805294763608
146.0,10.723805294763608
147.0,10.723805294763608
148.0,10.723805294763608
149.0,10.723805294763608
150.0,10.723805294763608
151.0,10.723805294763608
152.0,10.723805294763608
153.0,10.723805294763608
154.0,9.746794344808963
155.0,9.746794344808963
156.0,9.746794344808963
157.0,9.746794344808963
158.0,9.746794344808963
159.0,9.746794344808963
160.0,9.746794344808963
161.0,9.746794344808963
162.0,9.746794344808963
163.0,9.746794344808963
164.0,9.746794344808963
165.0,9.746794344808963
166.0,9.746794344808963
167.0,9.746794344808963
168.0,9.746794344808963
169.0,9.746794344808963
170.0,9.746794344808963
171.0,9.746794344808963
172.0,9.746794344808963
173.0,8.774964387392123
174.0,8.774964387392123
175.0,8.774964387392123
176.0,8.774964387392123
177.0,8.774964387392123
178.0,8.774964387392123
179.0,8.774964387392123
180.0,8.774964387392123
181.0,8.774964387392123
182.0,8.774964387392123
183.0,8.774964387392123
184.0,8.774964387392123
185.0,8.774964387392123
186.0,8.774964387392123
187.0,8.774964387392123
188.0,8.774964387392123
189.0,8.774964387392123
190.0,8.774964387392123
191.0,8.774964387392123
192.0,8.774964387392123
193.0,8.774964387392123
194.0,8.774964387392123
195.0,8.774964387392123
196.0,8.774964387392123
197.0,8.774964387392123
198.0,8.774964387392123
199.0,8.774964387392123
200.0,8.774964387392123
201.0,8.774964387392123
202.0,8.774964387392123
203.0,8.774964387392123
204.0,8.774964387392123
205.0,8.774964387392123
206.0,8.774964387392123
207.0,8.774964387392123
208.0,8.774964387392123
209.0,8.774964387392123
210.0,8.774964387392123
211.0,8.774964387392123
212.0,8.774964387392123
213.0,8.774964387392123
214.0,8.774964387392123
215.0,8.774964387392123
216.0,8.774964387392123
217.0,8.774964387392123
218.0,8.774964387392123
219.0,8.774964387392123
220.0,8.774964387392123
221.0,8.774964387392123
222.0,8.774964387392123
223.0,8.774964387392123
224.0,8.774964387392123
225.0,8.774964387392123
226.0,8.774964387392123
227.0,8.774964387392123
228.0,8.774964387392123
229.0,8.774964387392123
230.0,8.774964387392123
231.0,8.774964387392123
232.0,8.774964387392123
233.0,8.774964387392123
234.0,8.774964387392123
235.0,8.774964387392123
236.0,8.774964387392123
237.0,8.774964387392123
238.0,8.774964387392123
239.0,8.774964387392123
240.0,8.774964387392123
241.0,8.774964387392123
242.0,8.774964387392123
243.0,8.774964387392123
244.0,8.774964387392123
245.0,8.774964387392123
246.0,8.774964387392123
247.0,8.774964387392123
248.0,8.774964387392123
249.0,8.774964387392123
250.0,8.774964387392123
251.0,8.774964387392123
252.0,8.774964387392123
253.0,8.774964387392123
254.0,8.774964387392123
255.0,8.774964387392123
256.0,8.774964387392123
257.0,8.774964387392123
258.0,8.774964387392123
259.0,8.774964387392123
260.0,8.774964387392123
261.0,8.774964387392123
262.0,8.774964387392123
263.0,8.774964387392123
264.0,8.774964387392123
265.0,8.774964387392123
266.0,8.774964387392123
267.0,8.774964387392123
268.0,8.774964387392123
269.0,8.774964387392123
270.0,8.774964387392123
271.0,8.774964387392123
272.0,8.774964387392123
273.0,8.774964387392123
274.0,8.774964387392123
275.0,8.774964387392123
276.0,8.774964387392123
277.0,8.774964387392123
278.0,8.774964387392123
279.0,6.48074069840786
280.0,6.48074069840786
281.0,6.48074069840786
282.0,6.48074069840786
283.0,6.48074069840786
284.0,6.48074069840786
285.0,6.48074069840786
286.0,6.48074069840786
287.0,6.48074069840786
288.0,6.48074069840786
289.0,6.48074069840786
290.0,6.48074069840786
291.0,6.48074069840786
292.0,6.48074069840786
293.0,6.48074069840786
294.0,6.48074069840786
295.0,6.48074069840786
296.0,6.48074069840786
297.0,6.48074069840786
298.0,6.48074069840786
299.0,6.48074069840786
300.0,6.48074069840786
301.0,6.48074069840786
302.0,6.48074069840786
303.0,6.48074069840786
304.0,6.48074069840786
305.0,6.48074069840786
306.0,6.48074069840786
307.0,6.48074069840786
308.0,6.48074069840786
309.0,6.48074069840786
310.0,6.48074069840786
311.0,6.48074069840786
312.0,6.48074069840786
313.0,6.48074069840786
314.0,6.48074069840786
315.0,6.48074069840786
316.0,6.48074069840786
317.0,6.48074069840786
318.0,6.48074069840786
319.0,6.48074069840786
320.0,6.48074069840786
321.0,6.48074069840786
322.0,6.48074069840786
323.0,6.48074069840786
324.0,6.48074069840786
325.0,6.48074069840786
326.0,6.48074069840786
327.0,6.48074069840786
328.0,6.48074069840786
329.0,6.48074069840786
330.0,6.48074069840786
331.0,6.48074069840786
332.0,6.48074069840786
333.0,6.48074069840786
334.0,6.48074069840786
335.0,6.48074069840786
336.0,6.48074069840786
337.0,6.48074069840786
338.0,6.48074069840786
339.0,6.48074069840786
340.0,6.48074069840786
341.0,6.48074069840786
342.0,6.48074069840786
343.0,6.48074069840786
344.0,6.48074069840786
345.0,6.48074069840786
346.0,6.4031242374328485
347.0,6.4031242374328485
348.0,6.4031242374328485
349.0,6.4031242374328485
350.0,6.4031242374328485
351.0,6.4031242374328485
352.0,6.4031242374328485
353.0,6.4031242374328485
354.0,6.4031242374328485
355.0,6.4031242374328485
356.0,6.4031242374328485
357.0,6.4031242374328485
358.0,6.4031242374328485
359.0,6.4031242374328485
360.0,6.4031242374328485
361.0,6.4031242374328485
362.0,6.4031242374328485
363.0,6.4031242374328485
364.0,6.4031242374328485
365.0,6.4031242374328485
366.0,6.4031242374328485
367.0,6.4031242374328485
368.0,6.4031242374328485
369.0,6.4031242374328485
370.0,6.4031242374328485
371.0,6.4031242374328485
372.0,6.4031242374328485
373.0,6.4031242374328485
374.0,6.4031242374328485
375.0,6.4031242374328485
376.0,6.4031242374328485
377.0,6.4031242374328485
378.0,6.4031242374328485
379.0,6.4031242374328485
380.0,6.4031242374328485
381.0,6.4031242374328485
382.0,6.4031242374328485
383.0,6.4031242374328485
384.0,6.4031242374328485
385.0,6.4031242374328485
386.0,6.4031242374328485
387.0,6.4031242374328485
388.0,6.4031242374328485
389.0,6.4031242374328485
390.0,6.4031242374328485
391.0,6.4031242374328485
392.0,6.4031242374328485
393.0,6.4031242374328485
394.0,6.4031242374328485
395.0,6.4031242374328485
396.0,6.4031242374328485
397.0,6.4031242374328485
398.0,6.4031242374328485
399.0,6.4031242374328485
400.0,6.4031242374328485
401.0,6.4031242374328485
402.0,6.4031242374328485
403.0,6.4031242374328485
404.0,6.4031242374328485
405.0,6.4031242374328485
406.0,6.4031242374328485
407.0,6.4031242374328485
408.0,6.4031242374328485
409.0,6.4031242374328485
410.0,6.4031242374328485
411.0,6.4031242374328485
412.0,6.4031242374328485
413.0,6.4031242374328485
414.0,6.4031242374328485
415.0,6.4031242374328485
416.0,6.4031242374328485
417.0,6.4031242374328485
418.0,6.4031242374328485
419.0,6.4031242374328485
420.0,6.4031242374328485
421.0,6.4031242374328485
422.0,6.4031242374328485
423.0,6.4031242374328485
424.0,6.4031242374328485
425.0,6.4031242374328485
426.0,6.4031242374328485
427.0,6.4031242374328485
428.0,6.4031242374328485
429.0,6.4031242374328485
430.0,6.4031242374328485
431.0,6.4031242374328485
432.0,6.4031242374328485
433.0,6.4031242374328485
434.0,6.4031242374328485
435.0,6.4031242374328485
436.0,6.4031242374328485
437.0,6.4031242374328485
438.0,5.5677643628300215
439.0,5.5677643628300215
440.0,5.5677643628300215
441.0,5.5677643628300215
442.0,5.385164807134504
443.0,5.385164807134504
444.0,5.385164807134504
445.0,5.385164807134504
446.0,5.385164807134504
447.0,5.385164807134504
448.0,5.385164807134504
449.0,5.385164807134504
450.0,5.385164807134504
451.0,5.385164807134504
452.0,5.385164807134504
453.0,5.385164807134504
454.0,5.385164807134504
455.0,5.385164807134504
456.0,5.385164807134504
457.0,5.385164807134504
458.0,5.385164807134504
459.0,5.385164807134504
460.0,5.385164807134504
461.0,5.385164807134504
462.0,5.385164807134504
463.0,5.385164807134504
464.0,5.385164807134504
465.0,5.385164807134504
466.0,5.385164807134504
467.0,5.385164807134504
468.0,5.385164807134504
469.0,5.385164807134504
470.0,5.385164807134504
471.0,5.385164807134504
472.0,5.385164807134504
473.0,5.385164807134504
474.0,5.385164807134504
475.0,5.385164807134504
476.0,5.385164807134504
477.0,5.385164807134504
478.0,5.385164807134504
479.0,5.385164807134504
480.0,5.385164807134504
481.0,5.385164807134504
482.0,5.385164807134504
483.0,5.385164807134504
484.0,5.385164807134504
485.0,5.385164807134504
486.0,5.385164807134504
487.0,5.385164807134504
488.0,5.385164807134504
489.0,5.385164807134504
490.0,5.385164807134504
491.0,5.385164807134504
492.0,5.385164807134504
493.0,5.385164807134504
494.0,5.385164807134504
495.0,5.385164807134504
496.0,5.385164807134504
497.0,5.385164807134504
498.0,5.385164807134504
499.0,5.385164807134504
500.0,5.385164807134504
501.0,5.385164807134504
502.0,5.385164807134504
503.0,5.385164807134504
504.0,5.385164807134504
505.0,5.385164807134504
506.0,5.385164807134504
507.0,5.385164807134504
508.0,5.385164807134504
509.0,5.385164807134504
510.0,5.385164807134504
511.0,5.385164807134504
512.0,5.385164807134504
513.0,5.385164807134504
514.0,5.385164807134504
515.0,5.385164807134504
516.0,5.385164807134504
517.0,5.385164807134504
518.0,5.385164807134504
519.0,5.385164807134504
520.0,5.385164807134504
521.0,5.385164807134504
522.0,5.385164807134504
523.0,5.385164807134504
524.0,5.385164807134504
525.0,5.385164807134504
526.0,5.385164807134504
527.0,5.385164807134504
528.0,5.385164807134504
529.0,5.385164807134504
530.0,5.385164807134504
531.0,5.385164807134504
532.0,5.385164807134504
533.0,5.385164807134504
534.0,5.385164807134504
535.0,5.385164807134504
536.0,5.385164807134504
537.0,5.385164807134504
538.0,5.385164807134504
539.0,5.385164807134504
540.0,5.385164807134504
541.0,5.385164807134504
542.0,5.385164807134504
543.0,5.385164807134504
544.0,5.385164807134504
545.0,5.385164807134504
546.0,5.385164807134504
547.0,5.385164807134504
548.0,5.385164807134504
549.0,5.385164807134504
550.0,5.385164807134504
551.0,5.385164807134504
552.0,5.385164807134504
553.0,5.385164807134504
554.0,5.385164807134504
555.0,5.385164807134504
556.0,5.385164807134504
557.0,5.385164807134504
558.0,5.385164807134504
559.0,5.385164807134504
560.0,5.385164807134504
561.0,5.385164807134504
562.0,5.385164807134504
563.0,5.385164807134504
564.0,5.385164807134504
565.0,4.123105625617661
566.0,4.123105625617661
567.0,4.123105625617661
568.0,4.123105625617661
569.0,4.123105625617661
570.0,4.123105625617661
571.0,4.123105625617661
572.0,4.123105625617661
573.0,4.123105625617661
574.0,4.123105625617661
575.0,4.123105625617661
576.0,4.123105625617661
577.0,4.123105625617661
578.0,4.123105625617661
579.0,4.123105625617661
580.0,4.123105625617661
581.0,4.123105625617661
582.0,4.123105625617661
583.0,4.123105625617661
584.0,4.123105625617661
585.0,4.123105625617661
586.0,4.123105625617661
587.0,4.123105625617661
588.0,4.123105625617661
589.0,4.123105625617661
590.0,4.123105625617661
591.0,4.123105625617661
592.0,4.123105625617661
593.0,4.123105625617661
594.0,4.123105625617661
595.0,4.123105625617661
596.0,4.123105625617661
597.0,4.123105625617661
598.0,4.123105625617661
599.0,4.123105625617661
600.0,4.123105625617661
601.0,4.123105625617661
602.0,4.123105625617661
603.0,4.123105625617661
604.0,4.123105625617661
605.0,4.123105625617661
606.0,4.123105625617661
607.0,4.123105625617661
608.0,4.123105625617661
609.0,4.123105625617661
610.0,4.123105625617661
611.0,4.123105625617661
612.0,4.123105625617661
613.0,4.123105625617661
614.0,4.123105625617661
615.0,4.123105625617661
616.0,4.123105625617661
617.0,4.123105625617661
618.0,4.123105625617661
619.0,4.123105625617661
620.0,4.123105625617661
621.0,4.123105625617661
622.0,4.123105625617661
623.0,4.123105625617661
624.0,4.123105625617661
625.0,4.123105625617661
626.0,4.123105625617661
627.0,4.123105625617661
628.0,4.123105625617661
629.0,4.123105625617661
630.0,4.123105625617661
631.0,4.123105625617661
632.0,4.123105625617661
633.0,4.123105625617661
634.0,4.123105625617661
635.0,4.123105625617661
636.0,4.123105625617661
637.0,4.123105625617661
638.0,4.123105625617661
639.0,4.123105625617661
640.0,4.123105625617661
641.0,4.123105625617661
642.0,4.123105625617661
643.0,4.123105625617661
644.0,4.123105625617661
645.0,4.123105625617661
646.0,4.123105625617661
647.0,4.123105625617661
648.0,4.123105625617661
649.0,4.123105625617661
650.0,4.123105625617661
651.0,4.123105625617661
652.0,4.123105625617661
653.0,4.123105625617661
654.0,4.123105625617661
655.0,4.123105625617661
656.0,4.123105625617661
657.0,4.123105625617661
658.0,4.123105625617661
659.0,4.123105625617661
660.0,4.123105625617661
661.0,4.123105625617661
662.0,4.123105625617661
663.0,4.123105625617661
664.0,4.123105625617661
665.0,4.123105625617661
666.0,4.123105625617661
667.0,4.123105625617661
668.0,4.123105625617661
669.0,4.123105625617661
670.0,4.123105625617661
671.0,4.123105625617661
672.0,4.123105625617661
673.0,4.123105625617661
674.0,4.123105625617661
675.0,4.123105625617661
676.0,4.123105625617661
677.0,4.123105625617661
678.0,4.123105625617661
679.0,4.123105625617661
680.0,4.123105625617661
681.0,3.605551275463989
682.0,3.605551275463989
683.0,3.605551275463989
684.0,3.605551275463989
685.0,3.605551275463989
686.0,3.605551275463989
687.0,3.605551275463989
688.0,3.605551275463989
689.0,3.605551275463989
690.0,3.605551275463989
691.0,3.605551275463989
692.0,3.605551275463989
693.0,3.605551275463989
694.0,3.605551275463989
695.0,3.605551275463989
696.0,3.605551275463989
697.0,3.605551275463989
698.0,3.605551275463989
699.0,3.605551275463989
700.0,3.605551275463989
701.0,3.605551275463989
702.0,3.605551275463989
703.0,3.605551275463989
704.0,3.605551275463989
705.0,3.605551275463989
706.0,3.605551275463989
707.0,3.605551275463989
708.0,3.605551275463989
709.0,3.605551275463989
710.0,3.605551275463989
711.0,3.605551275463989
712.0,3.605551275463989
713.0,3.605551275463989
714.0,3.605551275463989
715.0,3.605551275463989
716.0,3.605551275463989
717.0,3.605551275463989
718.0,3.605551275463989
719.0,3.605551275463989
720.0,3.605551275463989
721.0,3.605551275463989
722.0,3.605551275463989
723.0,3.605551275463989
724.0,3.605551275463989
725.0,3.605551275463989
726.0,3.605551275463989
727.0,3.605551275463989
728.0,3.605551275463989
729.0,3.605551275463989
730.0,3.605551275463989
731.0,3.605551275463989
732.0,3.605551275463989
733.0,3.605551275463989
734.0,3.605551275463989
735.0,3.605551275463989
736.0,3.605551275463989
737.0,3.605551275463989
738.0,3.605551275463989
739.0,3.605551275463989
740.0,3.605551275463989
741.0,3.605551275463989
742.0,3.605551275463989
743.0,3.605551275463989
744.0,3.605551275463989
745.0,3.605551275463989
746.0,3.605551275463989
747.0,3.605551275463989
748.0,3.605551275463989
749.0,3.605551275463989
750.0,3.605551275463989
751.0,3.605551275463989
752.0,3.605551275463989
753.0,3.605551275463989
754.0,3.605551275463989
755.0,3.605551275463989
756.0,3.605551275463989
757.0,3.605551275463989
758.0,3.605551275463989
759.0,3.605551275463989
760.0,3.605551275463989
761.0,3.605551275463989
762.0,3.605551275463989
763.0,3.605551275463989
764.0,3.605551275463989
765.0,3.605551275463989
766.0,3.605551275463989
767.0,3.605551275463989
768.0,3.605551275463989
769.0,3.605551275463989
770.0,3.605551275463989
771.0,3.605551275463989
772.0,3.605551275463989
773.0,3.605551275463989
774.0,3.605551275463989
775.0,3.605551275463989
776.0,3.605551275463989
777.0,3.605551275463989
778.0,3.605551275463989
779.0,3.605551275463989
780.0,3.605551275463989
781.0,3.605551275463989
782.0,3.605551275463989
783.0,3.605551275463989
784.0,3.605551275463989
785.0,3.605551275463989
786.0,3.605551275463989
787.0,3.605551275463989
788.0,3.605551275463989
789.0,3.605551275463989
790.0,3.605551275463989
791.0,3.605551275463989
792.0,3.605551275463989
793.0,3.605551275463989
794.0,3.605551275463989
795.0,3.605551275463989
796.0,3.605551275463989
797.0,3.605551275463989
798.0,3.605551275463989
799.0,3.605551275463989
800.0,3.605551275463989
801.0,3.605551275463989
802.0,3.605551275463989
803.0,3.605551275463989
804.0,3.605551275463989
805.0,3.605551275463989
806.0,3.605551275463989
807.0,3.605551275463989
808.0,3.605551275463989
809.0,3.605551275463989
810.0,3.605551275463989
811.0,3.605551275463989
812.0,3.605551275463989
813.0,3.605551275463989
814.0,3.605551275463989
815.0,3.605551275463989
816.0,3.605551275463989
817.0,3.605551275463989
818.0,3.605551275463989
819.0,3.605551275463989
820.0,3.605551275463989
821.0,3.605551275463989
822.0,3.605551275463989
823.0,3.605551275463989
824.0,3.605551275463989
825.0,3.605551275463989
826.0,3.605551275463989
827.0,3.605551275463989
828.0,3.605551275463989
829.0,3.605551275463989
830.0,3.605551275463989
831.0,3.605551275463989
832.0,3.605551275463989
833.0,3.605551275463989
834.0,3.605551275463989
835.0,3.605551275463989
836.0,3.605551275463989
837.0,3.605551275463989
838.0,3.605551275463989
839.0,3.605551275463989
840.0,3.605551275463989
841.0,3.605551275463989
842.0,3.605551275463989
843.0,3.605551275463989
844.0,3.605551275463989
845.0,3.605551275463989
846.0,3.605551275463989
847.0,3.605551275463989
848.0,3.605551275463989
849.0,3.605551275463989
850.0,3.605551275463989
851.0,3.605551275463989
852.0,3.605551275463989
853.0,3.605551275463989
854.0,3.605551275463989
855.0,3.605551275463989
856.0,3.605551275463989
857.0,3.605551275463989
858.0,3.605551275463989
859.0,3.605551275463989
860.0,3.605551275463989
861.0,3.605551275463989
862.0,3.605551275463989
863.0,3.605551275463989
864.0,3.605551275463989
865.0,3.605551275463989
866.0,3.605551275463989
867.0,3.605551275463989
868.0,3.605551275463989
869.0,3.605551275463989
870.0,3.605551275463989
871.0,3.605551275463989
872.0,3.605551275463989
873.0,3.605551275463989
874.0,3.605551275463989
875.0,3.605551275463989
876.0,3.605551275463989
877.0,3.605551275463989
878.0,3.605551275463989
879.0,3.605551275463989
880.0,3.605551275463989
881.0,3.605551275463989
882.0,3.605551275463989
883.0,3.605551275463989
884.0,3.605551275463989
885.0,3.605551275463989
886.0,3.605551275463989
887.0,3.605551275463989
888.0,3.605551275463989
889.0,3.605551275463989
890.0,3.605551275463989
891.0,3.605551275463989
892.0,3.605551275463989
893.0,3.605551275463989
894.0,3.605551275463989
895.0,3.605551275463989
896.0,3.605551275463989
897.0,3.605551275463989
898.0,3.605551275463989
899.0,3.605551275463989
900.0,3.605551275463989
901.0,3.605551275463989
902.0,3.605551275463989
903.0,3.605551275463989
904.0,3.605551275463989
905.0,3.605551275463989
906.0,3.605551275463989
907.0,3.605551275463989
908.0,3.605551275463989
909.0,3.605551275463989
910.0,3.605551275463989
911.0,3.605551275463989
912.0,3.605551275463989
913.0,3.605551275463989
914.0,3.605551275463989
915.0,3.605551275463989
916.0,3.605551275463989
917.0,3.605551275463989
918.0,3.605551275463989
919.0,3.605551275463989
920.0,3.605551275463989
921.0,3.605551275463989
922.0,3.605551275463989
923.0,3.605551275463989
924.0,3.605551275463989
925.0,3.605551275463989
926.0,3.605551275463989
927.0,3.605551275463989
928.0,3.605551275463989
929.0,3.605551275463989
930.0,3.605551275463989
931.0,3.605551275463989
932.0,3.605551275463989
933.0,3.605551275463989
934.0,3.605551275463989
935.0,3.605551275463989
936.0,3.605551275463989
937.0,3.605551275463989
938.0,3.605551275463989
939.0,3.605551275463989
940.0,3.605551275463989
941.0,3.605551275463989
942.0,3.605551275463989
943.0,3.605551275463989
944.0,3.605551275463989
945.0,3.605551275463989
946.0,3.605551275463989
947.0,3.605551275463989
948.0,3.605551275463989
949.0,3.605551275463989
950.0,3.605551275463989
951.0,3.605551275463989
952.0,3.605551275463989
953.0,3.605551275463989
954.0,3.605551275463989
955.0,3.605551275463989
956.0,3.605551275463989
957.0,3.605551275463989
958.0,3.605551275463989
959.0,3.605551275463989
960.0,3.605551275463989
961.0,3.605551275463989
962.0,3.605551275463989
963.0,3.605551275463989
964.0,3.605551275463989
965.0,3.605551275463989
966.0,3.605551275463989
967.0,3.605551275463989
968.0,3.605551275463989
969.0,3.605551275463989
970.0,3.605551275463989
971.0,3.605551275463989
972.0,3.605551275463989
973.0,3.605551275463989
974.0,3.605551275463989
975.0,3.605551275463989
976.0,3.605551275463989
977.0,3.605551275463989
978.0,3.605551275463989
979.0,3.605551275463989
980.0,3.605551275463989
981.0,3.605551275463989
982.0,3.605551275463989
983.0,3.605551275463989
984.0,3.605551275463989
985.0,3.605551275463989
986.0,3.605551275463989
987.0,3.605551275463989
988.0,3.605551275463989
989.0,3.605551275463989
990.0,3.605551275463989
991.0,3.605551275463989
992.0,3.605551275463989
993.0,3.605551275463989
994.0,3.605551275463989
995.0,3.605551275463989
996.0,3.605551275463989
997.0,3.605551275463989
998.0,3.605551275463989
999.0,3.605551275463989
1000.0,3.605551275463989
1001.0,3.605551275463989
1002.0,3.605551275463989
1003.0,3.605551275463989
1004.0,3.605551275463989
1005.0,3.605551275463989
1006.0,3.605551275463989
1007.0,3.605551275463989
1008.0,3.605551275463989
1009.0,3.605551275463989
1010.0,3.605551275463989
1011.0,3.605551275463989
1012.0,3.605551275463989
1013.0,3.605551275463989
1014.0,3.605551275463989
1015.0,3.605551275463989
1016.0,3.605551275463989
1017.0,3.605551275463989
1018.0,3.605551275463989
1019.0,3.605551275463989
1020.0,3.605551275463989
1021.0,3.605551275463989
1022.0,3.605551275463989
1023.0,3.605551275463989
1024.0,3.605551275463989
1025.0,3.605551275463989
1026.0,3.605551275463989
1027.0,3.605551275463989
1028.0,3.605551275463989
1029.0,3.605551275463989
1030.0,3.605551275463989
1031.0,3.605551275463989
1032.0,3.605551275463989
1033.0,3.605551275463989
1034.0,3.605551275463989
1035.0,3.605551275463989
1036.0,3.605551275463989
1037.0,3.605551275463989
1038.0,3.605551275463989
1039.0,3.605551275463989
1040.0,3.605551275463989
1041.0,3.605551275463989
1042.0,3.605551275463989
1043.0,3.605551275463989
1044.0,3.605551275463989
1045.0,3.605551275463989
1046.0,3.605551275463989
1047.0,3.605551275463989
1048.0,3.605551275463989
1049.0,3.605551275463989
1050.0,3.605551275463989
1051.0,3.605551275463989
1052.0,3.605551275463989
1053.0,3.605551275463989
1054.0,3.605551275463989
1055.0,3.605551275463989
1056.0,3.605551275463989
1057.0,3.605551275463989
1058.0,3.605551275463989
1059.0,3.605551275463989
1060.0,3.605551275463989
1061.0,3.605551275463989
1062.0,3.605551275463989
1063.0,3.605551275463989
1064.0,3.605551275463989
1065.0,3.605551275463989
1066.0,3.605551275463989
1067.0,3.605551275463989
1068.0,3.605551275463989
1069.0,3.605551275463989
1070.0,3.605551275463989
1071.0,3.605551275463989
1072.0,3.605551275463989
1073.0,3.605551275463989
1074.0,3.605551275463989
1075.0,3.605551275463989
1076.0,3.605551275463989
1077.0,3.605551275463989
1078.0,3.605551275463989
1079.0,3.605551275463989
1080.0,3.605551275463989
1081.0,3.605551275463989
1082.0,3.605551275463989
1083.0,3.605551275463989
1084.0,3.605551275463989
1085.0,3.605551275463989
1086.0,3.605551275463989
1087.0,3.605551275463989
1088.0,3.605551275463989
1089.0,3.605551275463989
1090.0,3.605551275463989
1091.0,3.605551275463989
1092.0,3.605551275463989
1093.0,3.605551275463989
1094.0,3.605551275463989
1095.0,3.605551275463989
1096.0,3.605551275463989
1097.0,3.605551275463989
1098.0,3.605551275463989
1099.0,3.605551275463989
1100.0,3.605551275463989
1101.0,3.605551275463989
1102.0,3.605551275463989
1103.0,3.605551275463989
1104.0,3.605551275463989
1105.0,3.605551275463989
1106.0,3.605551275463989
1107.0,3.605551275463989
1108.0,3.605551275463989
1109.0,3.605551275463989
1110.0,3.605551275463989
1111.0,3.605551275463989
1112.0,3.605551275463989
1113.0,3.605551275463989
1114.0,3.605551275463989
1115.0,3.605551275463989
1116.0,3.605551275463989
1117.0,3.605551275463989
1118.0,3.605551275463989
1119.0,3.605551275463989
1120.0,3.605551275463989
1121.0,3.605551275463989
1122.0,3.605551275463989
1123.0,3.605551275463989
1124.0,3.605551275463989
1125.0,3.605551275463989
1126.0,3.605551275463989
1127.0,3.605551275463989
1128.0,3.605551275463989
1129.0,3.605551275463989
1130.0,3.605551275463989
1131.0,3.605551275463989
1132.0,3.605551275463989
1133.0,3.605551275463989
1134.0,3.605551275463989
1135.0,3.605551275463989
1136.0,3.605551275463989
1137.0,3.605551275463989
1138.0,3.605551275463989
1139.0,3.605551275463989
1140.0,3.605551275463989
1141.0,3.605551275463989
1142.0,3.605551275463989
1143.0,3.605551275463989
1144.0,3.605551275463989
1145.0,3.605551275463989
1146.0,3.605551275463989
1147.0,3.605551275463989
1148.0,3.605551275463989
1149.0,3.605551275463989
1150.0,3.605551275463989
1151.0,3.605551275463989
1152.0,3.605551275463989
1153.0,3.605551275463989
1154.0,3.605551275463989
1155.0,3.605551275463989
1156.0,3.605551275463989
1157.0,3.605551275463989
1158.0,3.605551275463989
1159.0,3.605551275463989
1160.0,3.605551275463989
1161.0,3.605551275463989
1162.0,3.605551275463989
1163.0,3.605551275463989
1164.0,3.605551275463989
1165.0,3.605551275463989
1166.0,3.605551275463989
1167.0,3.605551275463989
1168.0,3.605551275463989
1169.0,3.605551275463989
1170.0,3.605551275463989
1171.0,3.605551275463989
1172.0,3.605551275463989
1173.0,3.605551275463989
1174.0,3.605551275463989
1175.0,3.605551275463989
1176.0,3.605551275463989
1177.0,3.605551275463989
1178.0,3.605551275463989
1179.0,3.605551275463989
1180.0,3.605551275463989
1181.0,3.605551275463989
1182.0,3.605551275463989
1183.0,3.605551275463989
1184.0,3.605551275463989
1185.0,3.605551275463989
1186.0,3.605551275463989
1187.0,3.605551275463989
1188.0,3.605551275463989
1189.0,3.605551275463989
1190.0,3.605551275463989
1191.0,3.605551275463989
1192.0,3.605551275463989
1193.0,3.605551275463989
1194.0,3.605551275463989
1195.0,3.605551275463989
1196.0,3.605551275463989
1197.0,3.605551275463989
1198.0,3.605551275463989
1199.0,3.605551275463989
1200.0,3.605551275463989
1201.0,3.605551275463989
1202.0,3.605551275463989
1203.0,3.605551275463989
1204.0,3.605551275463989
1205.0,3.605551275463989
1206.0,3.605551275463989
1207.0,3.605551275463989
1208.0,3.605551275463989
1209.0,3.605551275463989
1210.0,3.605551275463989
1211.0,3.605551275463989
1212.0,3.605551275463989
1213.0,3.605551275463989
1214.0,3.605551275463989
1215.0,3.605551275463989
1216.0,3.605551275463989
1217.0,3.605551275463989
1218.0,3.605551275463989
1219.0,3.605551275463989
1220.0,3.605551275463989
1221.0,3.605551275463989
1222.0,3.605551275463989
1223.0,3.605551275463989
1224.0,3.605551275463989
1225.0,3.605551275463989
1226.0,3.605551275463989
1227.0,3.605551275463989
1228.0,3.605551275463989
1229.0,3.605551275463989
1230.0,3.605551275463989
1231.0,3.605551275463989
1232.0,3.605551275463989
1233.0,3.605551275463989
1234.0,3.605551275463989
1235.0,3.605551275463989
1236.0,3.605551275463989
1237.0,3.605551275463989
1238.0,3.605551275463989
1239.0,3.605551275463989
1240.0,3.605551275463989
1241.0,3.605551275463989
1242.0,3.605551275463989
1243.0,3.605551275463989
1244.0,3.605551275463989
1245.0,3.605551275463989
1246.0,3.605551275463989
1247.0,3.605551275463989
1248.0,3.605551275463989
1249.0,3.605551275463989
1250.0,3.605551275463989
1251.0,3.605551275463989
1252.0,3.605551275463989
1253.0,3.605551275463989
1254.0,3.605551275463989
1255.0,3.605551275463989
1256.0,3.605551275463989
1257.0,3.605551275463989
1258.0,3.605551275463989
1259.0,3.605551275463989
1260.0,3.605551275463989
1261.0,3.605551275463989
1262.0,3.605551275463989
1263.0,3.605551275463989
1264.0,3.605551275463989
1265.0,3.605551275463989
1266.0,3.605551275463989
1267.0,3.605551275463989
1268.0,3.605551275463989
1269.0,3.605551275463989
1270.0,3.605551275463989
1271.0,3.605551275463989
1272.0,3.605551275463989
1273.0,3.605551275463989
1274.0,3.605551275463989
1275.0,3.605551275463989
1276.0,3.605551275463989
1277.0,3.605551275463989
1278.0,3.605551275463989
1279.0,3.605551275463989
1280.0,3.605551275463989
1281.0,3.605551275463989
1282.0,3.605551275463989
1283.0,3.605551275463989
1284.0,3.605551275463989
1285.0,3.605551275463989
1286.0,3.605551275463989
1287.0,3.605551275463989
1288.0,3.605551275463989
1289.0,3.605551275463989
1290.0,3.605551275463989
1291.0,3.605551275463989
1292.0,3.605551275463989
1293.0,3.605551275463989
1294.0,3.605551275463989
1295.0,3.605551275463989
1296.0,3.605551275463989
1297.0,3.605551275463989
1298.0,3.605551275463989
1299.0,3.605551275463989
1300.0,3.605551275463989
1301.0,3.605551275463989
1302.0,3.605551275463989
1303.0,3.605551275463989
1304.0,3.605551275463989
1305.0,3.605551275463989
1306.0,3.605551275463989
1307.0,3.605551275463989
1308.0,3.605551275463989
1309.0,3.605551275463989
1310.0,3.605551275463989
1311.0,3.605551275463989
1312.0,3.605551275463989
1313.0,3.605551275463989
1314.0,3.605551275463989
1315.0,3.605551275463989
1316.0,3.605551275463989
1317.0,3.605551275463989
1318.0,3.605551275463989
1319.0,3.605551275463989
1320.0,3.605551275463989
1321.0,3.605551275463989
1322.0,3.605551275463989
1323.0,3.605551275463989
1324.0,3.605551275463989
1325.0,3.605551275463989
1326.0,3.605551275463989
1327.0,3.605551275463989
1328.0,3.605551275463989
1329.0,3.605551275463989
1330.0,3.605551275463989
1331.0,3.605551275463989
1332.0,3.605551275463989
1333.0,3.605551275463989
1334.0,3.605551275463989
1335.0,3.605551275463989
1336.0,3.605551275463989
1337.0,3.605551275463989
1338.0,3.605551275463989
1339.0,3.605551275463989
1340.0,3.605551275463989
1341.0,3.605551275463989
1342.0,3.605551275463989
1343.0,3.605551275463989
1344.0,3.605551275463989
1345.0,3.605551275463989
1346.0,3.605551275463989
1347.0,3.605551275463989
1348.0,3.605551275463989
1349.0,3.605551275463989
1350.0,3.605551275463989
1351.0,3.605551275463989
1352.0,3.605551275463989
1353.0,3.605551275463989
1354.0,3.605551275463989
1355.0,3.605551275463989
1356.0,3.605551275463989
1357.0,3.605551275463989
1358.0,3.605551275463989
1359.0,3.605551275463989
1360.0,3.605551275463989
1361.0,3.605551275463989
1362.0,3.605551275463989
1363.0,3.605551275463989
1364.0,3.605551275463989
1365.0,3.605551275463989
1366.0,3.605551275463989
1367.0,3.605551275463989
1368.0,3.605551275463989
1369.0,3.605551275463989
1370.0,3.605551275463989
1371.0,3.605551275463989
1372.0,3.605551275463989
1373.0,3.605551275463989
1374.0,3.605551275463989
1375.0,3.605551275463989
1376.0,3.605551275463989
1377.0,3.605551275463989
1378.0,3.605551275463989
1379.0,3.605551275463989
1380.0,3.605551275463989
1381.0,3.605551275463989
1382.0,3.605551275463989
1383.0,3.605551275463989
1384.0,3.605551275463989
1385.0,3.605551275463989
1386.0,3.605551275463989
1387.0,3.605551275463989
1388.0,3.605551275463989
1389.0,3.605551275463989
1390.0,3.605551275463989
1391.0,3.605551275463989
1392.0,3.605551275463989
1393.0,3.605551275463989
1394.0,3.605551275463989
1395.0,3.605551275463989
1396.0,3.605551275463989
1397.0,3.605551275463989
1398.0,3.605551275463989
1399.0,3.605551275463989
1400.0,3.605551275463989
1401.0,3.605551275463989
1402.0,3.605551275463989
1403.0,3.605551275463989
1404.0,3.605551275463989
1405.0,3.605551275463989
1406.0,3.605551275463989
1407.0,3.605551275463989
1408.0,3.605551275463989
1409.0,3.605551275463989
1410.0,3.605551275463989
1411.0,3.605551275463989
1412.0,3.605551275463989
1413.0,3.605551275463989
1414.0,3.605551275463989
1415.0,3.605551275463989
1416.0,3.605551275463989
1417.0,3.605551275463989
1418.0,3.605551275463989
1419.0,3.605551275463989
1420.0,3.605551275463989
1421.0,3.605551275463989
1422.0,3.605551275463989
1423.0,3.605551275463989
1424.0,3.605551275463989
1425.0,3.605551275463989
1426.0,3.605551275463989
1427.0,3.605551275463989
1428.0,3.605551275463989
1429.0,3.605551275463989
1430.0,3.605551275463989
1431.0,3.605551275463989
1432.0,3.605551275463989
1433.0,3.605551275463989
1434.0,3.605551275463989
1435.0,3.605551275463989
1436.0,3.4641016151377544
1437.0,3.4641016151377544
1438.0,3.4641016151377544
1439.0,3.4641016151377544
1440.0,3.4641016151377544
1441.0,3.4641016151377544
1442.0,3.4641016151377544
1443.0,3.4641016151377544
1444.0,3.4641016151377544
1445.0,3.4641016151377544
1446.0,3.4641016151377544
1447.0,3.4641016151377544
1448.0,3.4641016151377544
1449.0,3.4641016151377544
1450.0,3.4641016151377544
1451.0,3.4641016151377544
1452.0,3.4641016151377544
1453.0,3.4641016151377544
1454.0,3.4641016151377544
1455.0,3.4641016151377544
1456.0,3.4641016151377544
1457.0,3.4641016151377544
1458.0,3.4641016151377544
1459.0,3.4641016151377544
1460.0,3.4641016151377544
1461.0,3.4641016151377544
1462.0,3.4641016151377544
1463.0,3.4641016151377544
1464.0,3.4641016151377544
1465.0,3.4641016151377544
1466.0,3.4641016151377544
1467.0,3.4641016151377544
1468.0,3.4641016151377544
1469.0,3.4641016151377544
1470.0,3.4641016151377544
1471.0,3.4641016151377544
1472.0,3.4641016151377544
1473.0,3.4641016151377544
1474.0,3.4641016151377544
1475.0,3.4641016151377544
1476.0,3.4641016151377544
1477.0,3.4641016151377544
1478.0,3.1622776601683795
1479.0,3.1622776601683795
1480.0,3.1622776601683795
1481.0,3.1622776601683795
1482.0,3.1622776601683795
1483.0,3.1622776601683795
1484.0,3.1622776601683795
1485.0,3.1622776601683795
1486.0,3.1622776601683795
1487.0,3.1622776601683795
1488.0,3.1622776601683795
1489.0,3.1622776601683795
1490.0,3.1622776601683795
1491.0,3.1622776601683795
1492.0,3.1622776601683795
1493.0,3.1622776601683795
1494.0,3.1622776601683795
1495.0,3.1622776601683795
1496.0,3.1622776601683795
1497.0,3.1622776601683795
1498.0,3.1622776601683795
1499.0,3.1622776601683795
1500.0,3.1622776601683795
1501.0,3.1622776601683795
1502.0,3.1622776601683795
1503.0,3.1622776601683795
1504.0,3.1622776601683795
1505.0,3.1622776601683795
1506.0,3.1622776601683795
1507.0,3.1622776601683795
1508.0,3.1622776601683795
1509.0,3.1622776601683795
1510.0,3.1622776601683795
1511.0,3.1622776601683795
1512.0,3.1622776601683795
1513.0,3.1622776601683795
1514.0,3.1622776601683795
1515.0,3.1622776601683795
1516.0,3.1622776601683795
1517.0,3.1622776601683795
1518.0,3.1622776601683795
1519.0,3.1622776601683795
1520.0,3.1622776601683795
1521.0,3.1622776601683795
1522.0,3.1622776601683795
1523.0,3.1622776601683795
1524.0,3.1622776601683795
1525.0,3.1622776601683795
1526.0,3.1622776601683795
1527.0,3.1622776601683795
1528.0,3.1622776601683795
1529.0,3.1622776601683795
1530.0,3.1622776601683795
1531.0,3.1622776601683795
1532.0,3.1622776601683795
1533.0,3.1622776601683795
1534.0,3.1622776601683795
1535.0,3.1622776601683795
1536.0,3.1622776601683795
1537.0,3.1622776601683795
1538.0,3.1622776601683795
1539.0,3.1622776601683795
1540.0,3.1622776601683795
1541.0,3.1622776601683795
1542.0,3.1622776601683795
1543.0,3.1622776601683795
1544.0,3.1622776601683795
1545.0,3.1622776601683795
1546.0,3.1622776601683795
1547.0,3.1622776601683795
1548.0,3.1622776601683795
1549.0,3.1622776601683795
1550.0,3.1622776601683795
1551.0,3.1622776601683795
1552.0,3.1622776601683795
1553.0,3.1622776601683795
1554.0,3.1622776601683795
1555.0,3.1622776601683795
1556.0,3.1622776601683795
1557.0,3.1622776601683795
1558.0,3.1622776601683795
1559.0,3.1622776601683795
1560.0,3.1622776601683795
1561.0,3.1622776601683795
1562.0,3.1622776601683795
1563.0,3.1622776601683795
1564.0,3.1622776601683795
1565.0,3.1622776601683795
1566.0,3.1622776601683795
1567.0,3.1622776601683795
1568.0,3.1622776601683795
1569.0,3.1622776601683795
1570.0,3.1622776601683795
1571.0,3.1622776601683795
1572.0,3.1622776601683795
1573.0,3.1622776601683795
1574.0,3.1622776601683795
1575.0,3.1622776601683795
1576.0,3.1622776601683795
1577.0,3.1622776601683795
1578.0,3.1622776601683795
1579.0,3.1622776601683795
1580.0,3.1622776601683795
1581.0,3.1622776601683795
1582.0,3.1622776601683795
1583.0,3.1622776601683795
1584.0,3.1622776601683795
1585.0,3.1622776601683795
1586.0,3.1622776601683795
1587.0,3.1622776601683795
1588.0,3.1622776601683795
1589.0,3.1622776601683795
1590.0,3.1622776601683795
1591.0,3.1622776601683795
1592.0,3.1622776601683795
1593.0,3.1622776601683795
1594.0,3.1622776601683795
1595.0,3.1622776601683795
1596.0,3.1622776601683795
1597.0,3.1622776601683795
1598.0,3.1622776601683795
1599.0,3.1622776601683795
1600.0,3.1622776601683795
1601.0,3.1622776601683795
1602.0,3.1622776601683795
1603.0,3.1622776601683795
1604.0,3.1622776601683795
1605.0,3.1622776601683795
1606.0,3.1622776601683795
1607.0,3.1622776601683795
1608.0,3.1622776601683795
1609.0,3.1622776601683795
1610.0,3.1622776601683795
1611.0,3.1622776601683795
1612.0,3.1622776601683795
1613.0,3.1622776601683795
1614.0,3.1622776601683795
1615.0,3.1622776601683795
1616.0,3.1622776601683795
1617.0,3.1622776601683795
1618.0,3.1622776601683795
1619.0,3.1622776601683795
1620.0,3.1622776601683795
1621.0,3.1622776601683795
1622.0,3.1622776601683795
1623.0,3.1622776601683795
1624.0,3.1622776601683795
1625.0,3.1622776601683795
1626.0,3.1622776601683795
1627.0,3.1622776601683795
1628.0,3.1622776601683795
1629.0,3.1622776601683795
1630.0,3.1622776601683795
1631.0,3.1622776601683795
1632.0,3.1622776601683795
1633.0,3.1622776601683795
1634.0,3.1622776601683795
1635.0,3.1622776601683795
1636.0,3.1622776601683795
1637.0,3.1622776601683795
1638.0,3.1622776601683795
1639.0,3.1622776601683795
1640.0,3.1622776601683795
1641.0,3.1622776601683795
1642.0,3.1622776601683795
1643.0,3.1622776601683795
1644.0,3.1622776601683795
1645.0,3.1622776601683795
1646.0,3.1622776601683795
1647.0,3.1622776601683795
1648.0,3.1622776601683795
1649.0,3.1622776601683795
1650.0,3.1622776601683795
1651.0,3.1622776601683795
1652.0,3.1622776601683795
1653.0,3.1622776601683795
1654.0,3.1622776601683795
1655.0,3.1622776601683795
1656.0,3.1622776601683795
1657.0,3.1622776601683795
1658.0,3.1622776601683795
1659.0,3.1622776601683795
1660.0,3.1622776601683795
1661.0,3.1622776601683795
1662.0,3.1622776601683795
1663.0,3.1622776601683795
1664.0,3.1622776601683795
1665.0,3.1622776601683795
1666.0,3.1622776601683795
1667.0,3.1622776601683795
1668.0,3.1622776601683795
1669.0,3.1622776601683795
1670.0,3.1622776601683795
1671.0,3.1622776601683795
1672.0,3.1622776601683795
1673.0,3.1622776601683795
1674.0,3.1622776601683795
1675.0,3.1622776601683795
1676.0,3.1622776601683795
1677.0,3.1622776601683795
1678.0,3.1622776601683795
1679.0,3.1622776601683795
1680.0,3.1622776601683795
1681.0,3.1622776601683795
1682.0,3.1622776601683795
1683.0,3.1622776601683795
1684.0,3.1622776601683795
1685.0,3.1622776601683795
1686.0,3.1622776601683795
1687.0,3.1622776601683795
1688.0,3.1622776601683795
1689.0,3.1622776601683795
1690.0,3.1622776601683795
1691.0,3.1622776601683795
1692.0,3.1622776601683795
1693.0,3.1622776601683795
1694.0,3.1622776601683795
1695.0,3.1622776601683795
1696.0,3.1622776601683795
1697.0,3.1622776601683795
1698.0,3.1622776601683795
1699.0,3.1622776601683795
1700.0,3.1622776601683795
1701.0,3.1622776601683795
1702.0,3.1622776601683795
1703.0,3.1622776601683795
1704.0,3.1622776601683795
1705.0,3.1622776601683795
1706.0,3.1622776601683795
1707.0,3.1622776601683795
1708.0,3.1622776601683795
1709.0,3.1622776601683795
1710.0,3.1622776601683795
1711.0,3.1622776601683795
1712.0,3.1622776601683795
1713.0,3.1622776601683795
1714.0,3.1622776601683795
1715.0,3.1622776601683795
1716.0,3.1622776601683795
1717.0,3.1622776601683795
1718.0,3.1622776601683795
1719.0,3.1622776601683795
1720.0,3.1622776601683795
1721.0,3.1622776601683795
1722.0,3.1622776601683795
1723.0,3.1622776601683795
1724.0,3.1622776601683795
1725.0,3.1622776601683795
1726.0,3.1622776601683795
1727.0,3.1622776601683795
1728.0,3.1622776601683795
1729.0,3.1622776601683795
1730.0,3.1622776601683795
1731.0,3.1622776601683795
1732.0,3.1622776601683795
1733.0,3.1622776601683795
1734.0,3.1622776601683795
1735.0,3.1622776601683795
1736.0,3.1622776601683795
1737.0,3.1622776601683795
1738.0,3.1622776601683795
1739.0,3.1622776601683795
1740.0,3.1622776601683795
1741.0,3.1622776601683795
1742.0,3.1622776601683795
1743.0,3.1622776601683795
1744.0,3.1622776601683795
1745.0,3.1622776601683795
1746.0,3.1622776601683795
1747.0,3.1622776601683795
1748.0,3.1622776601683795
1749.0,3.1622776601683795
1750.0,3.1622776601683795
1751.0,3.1622776601683795
1752.0,3.1622776601683795
1753.0,3.1622776601683795
1754.0,3.1622776601683795
1755.0,3.1622776601683795
1756.0,3.1622776601683795
1757.0,3.1622776601683795
1758.0,3.1622776601683795
1759.0,3.1622776601683795
1760.0,3.1622776601683795
1761.0,3.1622776601683795
1762.0,3.1622776601683795
1763.0,3.1622776601683795
1764.0,3.1622776601683795
1765.0,3.1622776601683795
1766.0,3.1622776601683795
1767.0,3.1622776601683795
1768.0,3.1622776601683795
1769.0,3.1622776601683795
1770.0,3.1622776601683795
1771.0,3.1622776601683795
1772.0,3.1622776601683795
1773.0,3.1622776601683795
1774.0,3.1622776601683795
1775.0,3.1622776601683795
1776.0,3.1622776601683795
1777.0,3.1622776601683795
1778.0,3.1622776601683795
1779.0,3.1622776601683795
1780.0,3.1622776601683795
1781.0,3.1622776601683795
1782.0,3.1622776601683795
1783.0,3.1622776601683795
1784.0,3.1622776601683795
1785.0,3.1622776601683795
1786.0,3.1622776601683795
1787.0,3.1622776601683795
1788.0,3.1622776601683795
1789.0,3.1622776601683795
1790.0,3.1622776601683795
1791.0,3.1622776601683795
1792.0,3.1622776601683795
1793.0,3.1622776601683795
1794.0,3.1622776601683795
1795.0,3.1622776601683795
1796.0,3.1622776601683795
1797.0,3.1622776601683795
1798.0,3.1622776601683795
1799.0,3.1622776601683795
1800.0,3.1622776601683795
1801.0,3.1622776601683795
1802.0,3.1622776601683795
1803.0,3.1622776601683795
1804.0,3.1622776601683795
1805.0,3.1622776601683795
1806.0,3.1622776601683795
1807.0,3.1622776601683795
1808.0,3.1622776601683795
1809.0,3.1622776601683795
1810.0,3.1622776601683795
1811.0,3.1622776601683795
1812.0,3.1622776601683795
1813.0,3.1622776601683795
1814.0,3.1622776601683795
1815.0,3.1622776601683795
1816.0,3.1622776601683795
1817.0,3.1622776601683795
1818.0,3.1622776601683795
1819.0,3.1622776601683795
1820.0,3.1622776601683795
1821.0,3.1622776601683795
1822.0,3.1622776601683795
1823.0,3.1622776601683795
1824.0,3.1622776601683795
1825.0,3.1622776601683795
1826.0,3.1622776601683795
1827.0,3.1622776601683795
1828.0,3.1622776601683795
1829.0,3.1622776601683795
1830.0,3.1622776601683795
1831.0,3.1622776601683795
1832.0,3.1622776601683795
1833.0,3.1622776601683795
1834.0,3.1622776601683795
1835.0,3.1622776601683795
1836.0,3.1622776601683795
1837.0,3.1622776601683795
1838.0,3.1622776601683795
1839.0,3.1622776601683795
1840.0,3.1622776601683795
1841.0,3.1622776601683795
1842.0,3.1622776601683795
1843.0,3.1622776601683795
1844.0,3.1622776601683795
1845.0,3.1622776601683795
1846.0,3.1622776601683795
1847.0,3.1622776601683795
1848.0,3.1622776601683795
1849.0,3.1622776601683795
1850.0,3.1622776601683795
1851.0,3.1622776601683795
1852.0,3.1622776601683795
1853.0,3.1622776601683795
1854.0,3.1622776601683795
1855.0,3.1622776601683795
1856.0,3.1622776601683795
1857.0,3.1622776601683795
1858.0,3.1622776601683795
1859.0,3.1622776601683795
1860.0,3.1622776601683795
1861.0,3.1622776601683795
1862.0,3.1622776601683795
1863.0,3.1622776601683795
1864.0,3.1622776601683795
1865.0,3.1622776601683795
1866.0,3.1622776601683795
1867.0,3.1622776601683795
1868.0,3.1622776601683795
1869.0,3.1622776601683795
1870.0,3.1622776601683795
1871.0,3.1622776601683795
1872.0,3.1622776601683795
1873.0,3.1622776601683795
1874.0,3.1622776601683795
1875.0,3.1622776601683795
1876.0,3.1622776601683795
1877.0,3.1622776601683795
1878.0,3.1622776601683795
1879.0,3.1622776601683795
1880.0,3.1622776601683795
1881.0,3.1622776601683795
1882.0,3.1622776601683795
1883.0,3.1622776601683795
1884.0,3.1622776601683795
1885.0,3.1622776601683795
1886.0,3.1622776601683795
1887.0,3.1622776601683795
1888.0,3.1622776601683795
1889.0,3.1622776601683795
1890.0,3.1622776601683795
1891.0,3.1622776601683795
1892.0,3.1622776601683795
1893.0,3.1622776601683795
1894.0,3.1622776601683795
1895.0,3.1622776601683795
1896.0,3.1622776601683795
1897.0,3.1622776601683795
1898.0,3.1622776601683795
1899.0,3.1622776601683795
1900.0,3.1622776601683795
1901.0,3.1622776601683795
1902.0,3.1622776601683795
1903.0,3.1622776601683795
1904.0,3.1622776601683795
1905.0,3.1622776601683795
1906.0,3.1622776601683795
1907.0,3.1622776601683795
1908.0,3.1622776601683795
1909.0,3.1622776601683795
1910.0,3.1622776601683795
1911.0,3.1622776601683795
1912.0,3.1622776601683795
1913.0,3.1622776601683795
1914.0,3.1622776601683795
1915.0,3.1622776601683795
1916.0,3.1622776601683795
1917.0,3.1622776601683795
1918.0,3.1622776601683795
1919.0,3.1622776601683795
1920.0,3.1622776601683795
1921.0,3.1622776601683795
1922.0,3.1622776601683795
1923.0,3.1622776601683795
1924.0,3.1622776601683795
1925.0,3.1622776601683795
1926.0,3.1622776601683795
1927.0,3.1622776601683795
1928.0,3.1622776601683795
1929.0,3.1622776601683795
1930.0,3.1622776601683795
1931.0,3.1622776601683795
1932.0,3.1622776601683795
1933.0,3.1622776601683795
1934.0,3.1622776601683795
1935.0,3.1622776601683795
1936.0,3.1622776601683795
1937.0,3.1622776601683795
1938.0,3.1622776601683795
1939.0,3.1622776601683795
1940.0,3.1622776601683795
1941.0,3.1622776601683795
1942.0,3.1622776601683795
1943.0,3.1622776601683795
1944.0,3.1622776601683795
1945.0,3.1622776601683795
1946.0,3.1622776601683795
1947.0,3.1622776601683795
1948.0,3.1622776601683795
1949.0,3.1622776601683795
1950.0,3.1622776601683795
1951.0,3.1622776601683795
1952.0,3.1622776601683795
1953.0,3.1622776601683795
1954.0,3.1622776601683795
1955.0,3.1622776601683795
1956.0,3.1622776601683795
1957.0,3.1622776601683795
1958.0,3.1622776601683795
1959.0,3.1622776601683795
1960.0,3.1622776601683795
1961.0,3.1622776601683795
1962.0,3.1622776601683795
1963.0,3.1622776601683795
1964.0,3.1622776601683795
1965.0,3.1622776601683795
1966.0,3.1622776601683795
1967.0,3.1622776601683795
1968.0,3.1622776601683795
1969.0,3.1622776601683795
1970.0,3.1622776601683795
1971.0,3.1622776601683795
1972.0,3.1622776601683795
1973.0,3.1622776601683795
1974.0,3.1622776601683795
1975.0,3.1622776601683795
1976.0,3.1622776601683795
1977.0,3.1622776601683795
1978.0,3.1622776601683795
1979.0,3.1622776601683795
1980.0,3.1622776601683795
1981.0,3.1622776601683795
1982.0,3.1622776601683795
1983.0,3.1622776601683795
1984.0,3.1622776601683795
1985.0,3.1622776601683795
1986.0,3.1622776601683795
1987.0,3.1622776601683795
1988.0,3.1622776601683795
1989.0,3.1622776601683795
1990.0,3.1622776601683795
1991.0,3.1622776601683795
1992.0,3.1622776601683795
1993.0,3.1622776601683795
1994.0,3.1622776601683795
1995.0,3.1622776601683795
1996.0,3.1622776601683795
1997.0,3.1622776601683795
1998.0,3.1622776601683795
1999.0,3.1622776601683795
2000.0,3.1622776601683795
2001.0,3.1622776601683795
