Iteration,Fitness
2.0,56.95612346359257
3.0,56.95612346359257
4.0,53.225933528685054
5.0,32.7566787083184
6.0,32.7566787083184
7.0,32.7566787083184
8.0,32.7566787083184
9.0,28.844410203711913
10.0,27.055498516937366
11.0,27.055498516937366
12.0,27.055498516937366
13.0,27.055498516937366
14.0,27.055498516937366
15.0,26.77685567799177
16.0,26.77685567799177
17.0,25.45584412271571
18.0,25.45584412271571
19.0,18.2208671582886
20.0,18.2208671582886
21.0,16.911534525287763
22.0,16.911534525287763
23.0,16.911534525287763
24.0,16.911534525287763
25.0,16.911534525287763
26.0,16.911534525287763
27.0,16.911534525287763
28.0,16.911534525287763
29.0,16.911534525287763
30.0,16.911534525287763
31.0,16.911534525287763
32.0,16.911534525287763
33.0,16.881943016134134
34.0,16.881943016134134
35.0,12.288205727444508
36.0,12.288205727444508
37.0,12.288205727444508
38.0,12.288205727444508
39.0,12.288205727444508
40.0,12.288205727444508
41.0,12.288205727444508
42.0,12.288205727444508
43.0,12.288205727444508
44.0,12.288205727444508
45.0,12.288205727444508
46.0,12.288205727444508
47.0,12.288205727444508
48.0,12.288205727444508
49.0,12.288205727444508
50.0,12.288205727444508
51.0,12.288205727444508
52.0,12.288205727444508
53.0,12.288205727444508
54.0,11.313708498984761
55.0,11.313708498984761
56.0,11.313708498984761
57.0,11.313708498984761
58.0,11.313708498984761
59.0,11.313708498984761
60.0,11.313708498984761
61.0,11.313708498984761
62.0,11.313708498984761
63.0,11.313708498984761
64.0,11.313708498984761
65.0,11.313708498984761
66.0,11.313708498984761
67.0,11.313708498984761
68.0,11.313708498984761
69.0,11.313708498984761
70.0,11.313708498984761
71.0,11.313708498984761
72.0,11.313708498984761
73.0,11.313708498984761
74.0,11.313708498984761
75.0,11.313708498984761
76.0,11.313708498984761
77.0,11.313708498984761
78.0,11.313708498984761
79.0,11.313708498984761
80.0,11.313708498984761
81.0,11.313708498984761
82.0,11.313708498984761
83.0,11.313708498984761
84.0,11.313708498984761
85.0,11.313708498984761
86.0,11.313708498984761
87.0,11.313708498984761
88.0,11.313708498984761
89.0,11.313708498984761
90.0,7.615773105863909
91.0,7.615773105863909
92.0,7.615773105863909
93.0,7.615773105863909
94.0,7.615773105863909
95.0,7.615773105863909
96.0,7.615773105863909
97.0,7.615773105863909
98.0,7.615773105863909
99.0,7.615773105863909
100.0,7.615773105863909
101.0,7.615773105863909
102.0,7.615773105863909
103.0,7.615773105863909
104.0,7.615773105863909
105.0,7.615773105863909
106.0,7.615773105863909
107.0,7.615773105863909
108.0,7.615773105863909
109.0,7.615773105863909
110.0,7.615773105863909
111.0,7.615773105863909
112.0,7.615773105863909
113.0,7.615773105863909
114.0,7.615773105863909
115.0,7.615773105863909
116.0,7.615773105863909
117.0,7.615773105863909
118.0,7.615773105863909
119.0,7.615773105863909
120.0,7.615773105863909
121.0,7.615773105863909
122.0,7.615773105863909
123.0,7.615773105863909
124.0,7.615773105863909
125.0,7.615773105863909
126.0,7.615773105863909
127.0,7.615773105863909
128.0,7.615773105863909
129.0,7.615773105863909
130.0,7.615773105863909
131.0,7.615773105863909
132.0,7.615773105863909
133.0,7.615773105863909
134.0,7.615773105863909
135.0,7.615773105863909
136.0,7.615773105863909
137.0,7.615773105863909
138.0,7.615773105863909
139.0,7.615773105863909
140.0,7.615773105863909
141.0,7.615773105863909
142.0,7.615773105863909
143.0,7.615773105863909
144.0,7.615773105863909
145.0,7.615773105863909
146.0,7.615773105863909
147.0,7.615773105863909
148.0,7.615773105863909
149.0,7.615773105863909
150.0,7.615773105863909
151.0,7.615773105863909
152.0,7.615773105863909
153.0,7.615773105863909
154.0,7.615773105863909
155.0,7.615773105863909
156.0,7.615773105863909
157.0,7.615773105863909
158.0,7.615773105863909
159.0,7.615773105863909
160.0,7.615773105863909
161.0,7.615773105863909
162.0,7.615773105863909
163.0,7.615773105863909
164.0,7.615773105863909
165.0,7.615773105863909
166.0,7.615773105863909
167.0,7.615773105863909
168.0,7.615773105863909
169.0,7.615773105863909
170.0,7.615773105863909
171.0,7.615773105863909
172.0,7.615773105863909
173.0,7.615773105863909
174.0,7.615773105863909
175.0,7.615773105863909
176.0,7.615773105863909
177.0,7.615773105863909
178.0,7.615773105863909
179.0,7.615773105863909
180.0,7.615773105863909
181.0,7.615773105863909
182.0,7.615773105863909
183.0,7.615773105863909
184.0,7.615773105863909
185.0,7.615773105863909
186.0,7.615773105863909
187.0,7.615773105863909
188.0,7.615773105863909
189.0,7.615773105863909
190.0,7.615773105863909
191.0,7.615773105863909
192.0,7.615773105863909
193.0,7.615773105863909
194.0,7.615773105863909
195.0,7.615773105863909
196.0,7.615773105863909
197.0,7.615773105863909
198.0,7.615773105863909
199.0,7.615773105863909
200.0,7.615773105863909
201.0,7.615773105863909
202.0,7.615773105863909
203.0,7.615773105863909
204.0,7.615773105863909
205.0,7.615773105863909
206.0,7.615773105863909
207.0,7.615773105863909
208.0,7.615773105863909
209.0,7.615773105863909
210.0,7.615773105863909
211.0,7.615773105863909
212.0,7.615773105863909
213.0,7.615773105863909
214.0,7.615773105863909
215.0,7.615773105863909
216.0,7.615773105863909
217.0,7.3484692283495345
218.0,7.3484692283495345
219.0,7.3484692283495345
220.0,7.3484692283495345
221.0,7.3484692283495345
222.0,7.3484692283495345
223.0,7.3484692283495345
224.0,7.3484692283495345
225.0,7.3484692283495345
226.0,7.3484692283495345
227.0,7.3484692283495345
228.0,7.3484692283495345
229.0,7.3484692283495345
230.0,7.3484692283495345
231.0,7.3484692283495345
232.0,7.3484692283495345
233.0,7.3484692283495345
234.0,7.3484692283495345
235.0,7.3484692283495345
236.0,7.3484692283495345
237.0,7.3484692283495345
238.0,7.3484692283495345
239.0,7.3484692283495345
240.0,7.3484692283495345
241.0,7.3484692283495345
242.0,7.3484692283495345
243.0,7.3484692283495345
244.0,7.3484692283495345
245.0,7.3484692283495345
246.0,7.3484692283495345
247.0,7.3484692283495345
248.0,7.3484692283495345
249.0,7.3484692283495345
250.0,7.3484692283495345
251.0,7.3484692283495345
252.0,7.3484692283495345
253.0,7.3484692283495345
254.0,7.3484692283495345
255.0,7.3484692283495345
256.0,7.3484692283495345
257.0,7.3484692283495345
258.0,7.3484692283495345
259.0,7.0710678118654755
260.0,7.0710678118654755
261.0,7.0710678118654755
262.0,7.0710678118654755
263.0,7.0710678118654755
264.0,7.0710678118654755
265.0,7.0710678118654755
266.0,7.0710678118654755
267.0,7.0710678118654755
268.0,7.0710678118654755
269.0,6.708203932499369
270.0,6.708203932499369
271.0,6.708203932499369
272.0,6.708203932499369
273.0,6.708203932499369
274.0,6.708203932499369
275.0,6.708203932499369
276.0,6.708203932499369
277.0,6.708203932499369
278.0,6.708203932499369
279.0,6.708203932499369
280.0,6.708203932499369
281.0,6.708203932499369
282.0,6.708203932499369
283.0,6.708203932499369
284.0,6.708203932499369
285.0,6.708203932499369
286.0,6.708203932499369
287.0,6.708203932499369
288.0,6.708203932499369
289.0,6.708203932499369
290.0,6.708203932499369
291.0,6.708203932499369
292.0,6.708203932499369
293.0,6.708203932499369
294.0,6.708203932499369
295.0,6.708203932499369
296.0,6.708203932499369
297.0,6.708203932499369
298.0,6.708203932499369
299.0,6.708203932499369
300.0,6.708203932499369
301.0,6.708203932499369
302.0,6.708203932499369
303.0,6.708203932499369
304.0,6.708203932499369
305.0,6.244997998398398
306.0,6.244997998398398
307.0,6.244997998398398
308.0,6.244997998398398
309.0,6.244997998398398
310.0,6.244997998398398
311.0,6.244997998398398
312.0,6.244997998398398
313.0,6.244997998398398
314.0,6.244997998398398
315.0,6.244997998398398
316.0,6.244997998398398
317.0,6.244997998398398
318.0,6.244997998398398
319.0,6.244997998398398
320.0,6.244997998398398
321.0,6.244997998398398
322.0,6.244997998398398
323.0,6.244997998398398
324.0,6.244997998398398
325.0,6.244997998398398
326.0,6.244997998398398
327.0,6.244997998398398
328.0,6.244997998398398
329.0,6.244997998398398
330.0,6.244997998398398
331.0,6.244997998398398
332.0,6.244997998398398
333.0,6.244997998398398
334.0,6.244997998398398
335.0,6.244997998398398
336.0,6.244997998398398
337.0,6.244997998398398
338.0,6.244997998398398
339.0,6.244997998398398
340.0,6.244997998398398
341.0,6.244997998398398
342.0,6.244997998398398
343.0,6.244997998398398
344.0,6.244997998398398
345.0,6.244997998398398
346.0,6.244997998398398
347.0,6.244997998398398
348.0,6.244997998398398
349.0,6.244997998398398
350.0,6.244997998398398
351.0,6.244997998398398
352.0,6.244997998398398
353.0,6.244997998398398
354.0,6.244997998398398
355.0,6.244997998398398
356.0,6.244997998398398
357.0,6.244997998398398
358.0,6.244997998398398
359.0,6.244997998398398
360.0,6.244997998398398
361.0,6.244997998398398
362.0,6.244997998398398
363.0,6.244997998398398
364.0,6.244997998398398
365.0,6.244997998398398
366.0,6.244997998398398
367.0,6.244997998398398
368.0,6.244997998398398
369.0,6.244997998398398
370.0,6.244997998398398
371.0,6.244997998398398
372.0,6.244997998398398
373.0,6.244997998398398
374.0,6.244997998398398
375.0,6.244997998398398
376.0,6.244997998398398
377.0,6.244997998398398
378.0,6.244997998398398
379.0,6.244997998398398
380.0,6.244997998398398
381.0,6.244997998398398
382.0,6.244997998398398
383.0,6.244997998398398
384.0,6.244997998398398
385.0,6.244997998398398
386.0,6.244997998398398
387.0,6.244997998398398
388.0,6.244997998398398
389.0,6.244997998398398
390.0,6.244997998398398
391.0,6.244997998398398
392.0,6.244997998398398
393.0,6.244997998398398
394.0,6.244997998398398
395.0,6.244997998398398
396.0,6.244997998398398
397.0,6.244997998398398
398.0,6.244997998398398
399.0,6.244997998398398
400.0,6.244997998398398
401.0,6.244997998398398
402.0,6.244997998398398
403.0,6.244997998398398
404.0,6.244997998398398
405.0,6.244997998398398
406.0,6.244997998398398
407.0,6.244997998398398
408.0,6.244997998398398
409.0,6.244997998398398
410.0,6.244997998398398
411.0,6.244997998398398
412.0,6.244997998398398
413.0,6.244997998398398
414.0,6.244997998398398
415.0,6.244997998398398
416.0,6.244997998398398
417.0,6.244997998398398
418.0,6.244997998398398
419.0,6.244997998398398
420.0,6.244997998398398
421.0,6.244997998398398
422.0,6.244997998398398
423.0,6.244997998398398
424.0,6.244997998398398
425.0,6.244997998398398
426.0,6.244997998398398
427.0,6.244997998398398
428.0,6.244997998398398
429.0,6.244997998398398
430.0,6.244997998398398
431.0,6.244997998398398
432.0,6.244997998398398
433.0,5.830951894845301
434.0,5.830951894845301
435.0,5.830951894845301
436.0,5.830951894845301
437.0,5.830951894845301
438.0,5.830951894845301
439.0,5.830951894845301
440.0,5.830951894845301
441.0,5.830951894845301
442.0,5.830951894845301
443.0,5.830951894845301
444.0,5.830951894845301
445.0,5.830951894845301
446.0,5.830951894845301
447.0,5.830951894845301
448.0,5.830951894845301
449.0,5.830951894845301
450.0,5.830951894845301
451.0,5.830951894845301
452.0,5.830951894845301
453.0,5.830951894845301
454.0,4.47213595499958
455.0,4.47213595499958
456.0,4.47213595499958
457.0,4.47213595499958
458.0,4.47213595499958
459.0,4.47213595499958
460.0,4.47213595499958
461.0,4.47213595499958
462.0,4.47213595499958
463.0,4.47213595499958
464.0,4.47213595499958
465.0,4.47213595499958
466.0,4.47213595499958
467.0,4.47213595499958
468.0,4.47213595499958
469.0,4.47213595499958
470.0,4.47213595499958
471.0,4.47213595499958
472.0,4.47213595499958
473.0,4.47213595499958
474.0,4.47213595499958
475.0,4.47213595499958
476.0,4.47213595499958
477.0,4.47213595499958
478.0,4.47213595499958
479.0,4.47213595499958
480.0,4.47213595499958
481.0,4.47213595499958
482.0,4.47213595499958
483.0,4.47213595499958
484.0,4.47213595499958
485.0,4.47213595499958
486.0,4.47213595499958
487.0,4.47213595499958
488.0,4.47213595499958
489.0,4.47213595499958
490.0,4.47213595499958
491.0,4.47213595499958
492.0,4.47213595499958
493.0,4.47213595499958
494.0,4.47213595499958
495.0,4.47213595499958
496.0,4.47213595499958
497.0,4.47213595499958
498.0,4.47213595499958
499.0,4.47213595499958
500.0,4.47213595499958
501.0,4.47213595499958
502.0,4.47213595499958
503.0,4.47213595499958
504.0,4.47213595499958
505.0,4.47213595499958
506.0,4.47213595499958
507.0,4.47213595499958
508.0,4.47213595499958
509.0,4.47213595499958
510.0,4.47213595499958
511.0,4.47213595499958
512.0,4.47213595499958
513.0,4.47213595499958
514.0,4.47213595499958
515.0,4.47213595499958
516.0,4.47213595499958
517.0,4.47213595499958
518.0,4.47213595499958
519.0,4.47213595499958
520.0,4.47213595499958
521.0,4.47213595499958
522.0,4.47213595499958
523.0,4.47213595499958
524.0,4.47213595499958
525.0,4.47213595499958
526.0,4.47213595499958
527.0,4.47213595499958
528.0,4.47213595499958
529.0,4.47213595499958
530.0,4.47213595499958
531.0,4.47213595499958
532.0,4.47213595499958
533.0,4.47213595499958
534.0,4.47213595499958
535.0,4.47213595499958
536.0,4.47213595499958
537.0,4.47213595499958
538.0,4.47213595499958
539.0,4.47213595499958
540.0,4.47213595499958
541.0,4.47213595499958
542.0,4.47213595499958
543.0,4.47213595499958
544.0,4.47213595499958
545.0,4.47213595499958
546.0,4.47213595499958
547.0,4.47213595499958
548.0,4.47213595499958
549.0,4.47213595499958
550.0,4.47213595499958
551.0,4.47213595499958
552.0,4.47213595499958
553.0,4.47213595499958
554.0,4.47213595499958
555.0,4.47213595499958
556.0,4.47213595499958
557.0,4.47213595499958
558.0,4.47213595499958
559.0,4.47213595499958
560.0,4.47213595499958
561.0,4.47213595499958
562.0,4.47213595499958
563.0,4.47213595499958
564.0,4.47213595499958
565.0,4.47213595499958
566.0,4.47213595499958
567.0,4.47213595499958
568.0,4.47213595499958
569.0,4.47213595499958
570.0,4.47213595499958
571.0,4.47213595499958
572.0,4.47213595499958
573.0,4.47213595499958
574.0,4.47213595499958
575.0,4.47213595499958
576.0,4.47213595499958
577.0,4.47213595499958
578.0,4.47213595499958
579.0,4.47213595499958
580.0,4.47213595499958
581.0,4.47213595499958
582.0,4.47213595499958
583.0,4.47213595499958
584.0,4.47213595499958
585.0,4.47213595499958
586.0,4.47213595499958
587.0,4.47213595499958
588.0,4.47213595499958
589.0,4.47213595499958
590.0,4.47213595499958
591.0,4.47213595499958
592.0,4.47213595499958
593.0,4.47213595499958
594.0,4.47213595499958
595.0,4.47213595499958
596.0,4.47213595499958
597.0,4.47213595499958
598.0,4.47213595499958
599.0,4.47213595499958
600.0,4.47213595499958
601.0,4.47213595499958
602.0,4.47213595499958
603.0,4.47213595499958
604.0,4.47213595499958
605.0,4.47213595499958
606.0,4.47213595499958
607.0,4.47213595499958
608.0,4.47213595499958
609.0,4.47213595499958
610.0,4.47213595499958
611.0,4.47213595499958
612.0,4.47213595499958
613.0,4.47213595499958
614.0,4.47213595499958
615.0,4.47213595499958
616.0,4.47213595499958
617.0,4.47213595499958
618.0,4.47213595499958
619.0,4.47213595499958
620.0,4.47213595499958
621.0,4.47213595499958
622.0,4.47213595499958
623.0,4.47213595499958
624.0,4.47213595499958
625.0,4.47213595499958
626.0,4.47213595499958
627.0,4.47213595499958
628.0,4.47213595499958
629.0,4.47213595499958
630.0,4.47213595499958
631.0,4.47213595499958
632.0,4.47213595499958
633.0,4.47213595499958
634.0,4.47213595499958
635.0,4.47213595499958
636.0,4.47213595499958
637.0,4.47213595499958
638.0,4.47213595499958
639.0,4.47213595499958
640.0,4.47213595499958
641.0,4.47213595499958
642.0,4.47213595499958
643.0,4.47213595499958
644.0,4.47213595499958
645.0,4.47213595499958
646.0,4.47213595499958
647.0,4.47213595499958
648.0,4.47213595499958
649.0,4.47213595499958
650.0,4.47213595499958
651.0,4.47213595499958
652.0,4.47213595499958
653.0,4.47213595499958
654.0,4.47213595499958
655.0,4.47213595499958
656.0,4.47213595499958
657.0,4.47213595499958
658.0,4.47213595499958
659.0,4.47213595499958
660.0,4.47213595499958
661.0,4.47213595499958
662.0,4.47213595499958
663.0,4.47213595499958
664.0,4.47213595499958
665.0,4.47213595499958
666.0,4.47213595499958
667.0,4.47213595499958
668.0,4.47213595499958
669.0,4.47213595499958
670.0,4.47213595499958
671.0,4.47213595499958
672.0,4.47213595499958
673.0,4.47213595499958
674.0,4.47213595499958
675.0,4.47213595499958
676.0,4.47213595499958
677.0,4.47213595499958
678.0,4.47213595499958
679.0,4.47213595499958
680.0,4.47213595499958
681.0,4.47213595499958
682.0,4.47213595499958
683.0,4.47213595499958
684.0,4.47213595499958
685.0,4.47213595499958
686.0,4.47213595499958
687.0,4.47213595499958
688.0,4.47213595499958
689.0,4.47213595499958
690.0,4.47213595499958
691.0,4.47213595499958
692.0,4.47213595499958
693.0,4.47213595499958
694.0,4.47213595499958
695.0,4.47213595499958
696.0,4.47213595499958
697.0,4.47213595499958
698.0,4.47213595499958
699.0,4.47213595499958
700.0,4.47213595499958
701.0,4.47213595499958
702.0,4.47213595499958
703.0,4.47213595499958
704.0,4.47213595499958
705.0,4.47213595499958
706.0,4.47213595499958
707.0,4.47213595499958
708.0,4.47213595499958
709.0,4.47213595499958
710.0,4.47213595499958
711.0,4.47213595499958
712.0,4.47213595499958
713.0,4.47213595499958
714.0,4.47213595499958
715.0,4.47213595499958
716.0,4.47213595499958
717.0,4.47213595499958
718.0,4.47213595499958
719.0,4.47213595499958
720.0,4.47213595499958
721.0,4.47213595499958
722.0,4.47213595499958
723.0,4.47213595499958
724.0,4.47213595499958
725.0,4.47213595499958
726.0,4.47213595499958
727.0,4.47213595499958
728.0,4.47213595499958
729.0,4.47213595499958
730.0,4.47213595499958
731.0,4.47213595499958
732.0,4.47213595499958
733.0,4.47213595499958
734.0,4.47213595499958
735.0,4.47213595499958
736.0,4.47213595499958
737.0,4.47213595499958
738.0,4.47213595499958
739.0,4.47213595499958
740.0,4.47213595499958
741.0,4.47213595499958
742.0,4.47213595499958
743.0,4.47213595499958
744.0,4.47213595499958
745.0,4.47213595499958
746.0,4.47213595499958
747.0,4.47213595499958
748.0,4.47213595499958
749.0,4.47213595499958
750.0,4.47213595499958
751.0,4.47213595499958
752.0,4.47213595499958
753.0,4.47213595499958
754.0,4.47213595499958
755.0,4.47213595499958
756.0,4.47213595499958
757.0,4.47213595499958
758.0,4.47213595499958
759.0,4.47213595499958
760.0,4.47213595499958
761.0,4.47213595499958
762.0,4.47213595499958
763.0,4.47213595499958
764.0,4.47213595499958
765.0,4.47213595499958
766.0,4.47213595499958
767.0,4.47213595499958
768.0,4.47213595499958
769.0,4.47213595499958
770.0,4.47213595499958
771.0,4.47213595499958
772.0,4.47213595499958
773.0,4.47213595499958
774.0,4.47213595499958
775.0,4.47213595499958
776.0,4.47213595499958
777.0,4.47213595499958
778.0,4.47213595499958
779.0,4.47213595499958
780.0,4.47213595499958
781.0,4.47213595499958
782.0,4.47213595499958
783.0,4.47213595499958
784.0,4.47213595499958
785.0,4.47213595499958
786.0,4.47213595499958
787.0,4.47213595499958
788.0,4.47213595499958
789.0,4.47213595499958
790.0,4.47213595499958
791.0,4.47213595499958
792.0,4.47213595499958
793.0,4.47213595499958
794.0,4.47213595499958
795.0,4.47213595499958
796.0,4.47213595499958
797.0,4.47213595499958
798.0,4.47213595499958
799.0,4.47213595499958
800.0,4.47213595499958
801.0,4.47213595499958
802.0,4.47213595499958
803.0,4.47213595499958
804.0,4.47213595499958
805.0,4.47213595499958
806.0,4.47213595499958
807.0,4.47213595499958
808.0,4.47213595499958
809.0,4.47213595499958
810.0,4.47213595499958
811.0,4.47213595499958
812.0,4.47213595499958
813.0,4.47213595499958
814.0,4.47213595499958
815.0,4.47213595499958
816.0,4.47213595499958
817.0,4.47213595499958
818.0,4.47213595499958
819.0,4.47213595499958
820.0,4.47213595499958
821.0,4.47213595499958
822.0,4.47213595499958
823.0,4.47213595499958
824.0,4.47213595499958
825.0,4.47213595499958
826.0,4.47213595499958
827.0,4.47213595499958
828.0,4.47213595499958
829.0,4.47213595499958
830.0,4.47213595499958
831.0,4.47213595499958
832.0,4.47213595499958
833.0,4.47213595499958
834.0,4.47213595499958
835.0,4.47213595499958
836.0,4.47213595499958
837.0,4.47213595499958
838.0,4.47213595499958
839.0,4.47213595499958
840.0,4.47213595499958
841.0,4.47213595499958
842.0,4.47213595499958
843.0,4.47213595499958
844.0,4.47213595499958
845.0,4.47213595499958
846.0,4.47213595499958
847.0,4.47213595499958
848.0,4.47213595499958
849.0,4.47213595499958
850.0,4.47213595499958
851.0,4.47213595499958
852.0,4.47213595499958
853.0,4.47213595499958
854.0,4.47213595499958
855.0,4.47213595499958
856.0,4.47213595499958
857.0,4.47213595499958
858.0,4.47213595499958
859.0,4.47213595499958
860.0,4.47213595499958
861.0,4.47213595499958
862.0,4.47213595499958
863.0,4.47213595499958
864.0,4.47213595499958
865.0,4.47213595499958
866.0,4.47213595499958
867.0,4.47213595499958
868.0,4.47213595499958
869.0,4.47213595499958
870.0,4.47213595499958
871.0,4.47213595499958
872.0,4.47213595499958
873.0,4.47213595499958
874.0,4.47213595499958
875.0,4.47213595499958
876.0,4.47213595499958
877.0,4.47213595499958
878.0,4.47213595499958
879.0,4.47213595499958
880.0,4.47213595499958
881.0,4.47213595499958
882.0,4.47213595499958
883.0,4.47213595499958
884.0,4.47213595499958
885.0,4.47213595499958
886.0,4.47213595499958
887.0,4.47213595499958
888.0,4.47213595499958
889.0,4.47213595499958
890.0,4.47213595499958
891.0,4.47213595499958
892.0,4.47213595499958
893.0,4.47213595499958
894.0,4.47213595499958
895.0,4.47213595499958
896.0,4.47213595499958
897.0,4.47213595499958
898.0,4.47213595499958
899.0,4.47213595499958
900.0,4.47213595499958
901.0,4.47213595499958
902.0,4.47213595499958
903.0,4.47213595499958
904.0,4.47213595499958
905.0,4.47213595499958
906.0,4.47213595499958
907.0,4.47213595499958
908.0,4.47213595499958
909.0,4.47213595499958
910.0,4.47213595499958
911.0,4.47213595499958
912.0,4.47213595499958
913.0,4.47213595499958
914.0,4.47213595499958
915.0,4.47213595499958
916.0,4.47213595499958
917.0,4.47213595499958
918.0,4.47213595499958
919.0,4.47213595499958
920.0,4.47213595499958
921.0,4.47213595499958
922.0,4.47213595499958
923.0,4.47213595499958
924.0,4.47213595499958
925.0,4.47213595499958
926.0,4.47213595499958
927.0,4.47213595499958
928.0,4.47213595499958
929.0,4.47213595499958
930.0,4.47213595499958
931.0,4.47213595499958
932.0,4.47213595499958
933.0,4.47213595499958
934.0,4.47213595499958
935.0,4.47213595499958
936.0,4.47213595499958
937.0,4.47213595499958
938.0,4.47213595499958
939.0,4.47213595499958
940.0,4.47213595499958
941.0,4.47213595499958
942.0,4.47213595499958
943.0,4.47213595499958
944.0,4.47213595499958
945.0,4.47213595499958
946.0,4.47213595499958
947.0,4.47213595499958
948.0,4.47213595499958
949.0,4.47213595499958
950.0,4.47213595499958
951.0,4.47213595499958
952.0,4.47213595499958
953.0,4.47213595499958
954.0,4.47213595499958
955.0,4.47213595499958
956.0,4.47213595499958
957.0,4.47213595499958
958.0,4.47213595499958
959.0,4.47213595499958
960.0,4.47213595499958
961.0,4.47213595499958
962.0,4.47213595499958
963.0,4.47213595499958
964.0,4.47213595499958
965.0,4.47213595499958
966.0,4.47213595499958
967.0,4.47213595499958
968.0,4.47213595499958
969.0,4.47213595499958
970.0,4.47213595499958
971.0,4.47213595499958
972.0,4.47213595499958
973.0,4.47213595499958
974.0,4.47213595499958
975.0,4.47213595499958
976.0,4.47213595499958
977.0,4.47213595499958
978.0,4.47213595499958
979.0,4.47213595499958
980.0,4.47213595499958
981.0,4.47213595499958
982.0,4.47213595499958
983.0,4.47213595499958
984.0,4.47213595499958
985.0,4.47213595499958
986.0,4.47213595499958
987.0,4.47213595499958
988.0,4.47213595499958
989.0,4.47213595499958
990.0,4.47213595499958
991.0,4.47213595499958
992.0,4.47213595499958
993.0,4.47213595499958
994.0,4.47213595499958
995.0,4.47213595499958
996.0,4.47213595499958
997.0,4.47213595499958
998.0,4.47213595499958
999.0,4.47213595499958
1000.0,4.47213595499958
1001.0,4.47213595499958
1002.0,4.47213595499958
1003.0,4.47213595499958
1004.0,4.47213595499958
1005.0,4.47213595499958
1006.0,4.47213595499958
1007.0,4.47213595499958
1008.0,4.47213595499958
1009.0,4.47213595499958
1010.0,4.47213595499958
1011.0,4.47213595499958
1012.0,4.47213595499958
1013.0,4.47213595499958
1014.0,4.47213595499958
1015.0,4.47213595499958
1016.0,4.47213595499958
1017.0,4.47213595499958
1018.0,4.47213595499958
1019.0,4.47213595499958
1020.0,4.47213595499958
1021.0,4.47213595499958
1022.0,4.47213595499958
1023.0,4.47213595499958
1024.0,4.47213595499958
1025.0,4.47213595499958
1026.0,4.47213595499958
1027.0,4.47213595499958
1028.0,4.47213595499958
1029.0,4.47213595499958
1030.0,4.47213595499958
1031.0,4.47213595499958
1032.0,4.47213595499958
1033.0,4.47213595499958
1034.0,4.47213595499958
1035.0,4.47213595499958
1036.0,4.47213595499958
1037.0,4.47213595499958
1038.0,4.47213595499958
1039.0,4.47213595499958
1040.0,4.47213595499958
1041.0,4.47213595499958
1042.0,4.47213595499958
1043.0,4.47213595499958
1044.0,4.47213595499958
1045.0,4.47213595499958
1046.0,4.47213595499958
1047.0,4.47213595499958
1048.0,4.47213595499958
1049.0,4.47213595499958
1050.0,4.47213595499958
1051.0,4.47213595499958
1052.0,4.47213595499958
1053.0,4.47213595499958
1054.0,4.47213595499958
1055.0,4.47213595499958
1056.0,4.47213595499958
1057.0,4.47213595499958
1058.0,4.47213595499958
1059.0,4.47213595499958
1060.0,4.47213595499958
1061.0,4.47213595499958
1062.0,4.47213595499958
1063.0,4.47213595499958
1064.0,4.47213595499958
1065.0,4.47213595499958
1066.0,4.47213595499958
1067.0,4.47213595499958
1068.0,4.47213595499958
1069.0,4.47213595499958
1070.0,4.47213595499958
1071.0,4.47213595499958
1072.0,4.47213595499958
1073.0,4.47213595499958
1074.0,4.47213595499958
1075.0,4.47213595499958
1076.0,4.47213595499958
1077.0,4.47213595499958
1078.0,4.47213595499958
1079.0,4.47213595499958
1080.0,4.47213595499958
1081.0,4.47213595499958
1082.0,4.47213595499958
1083.0,4.47213595499958
1084.0,4.47213595499958
1085.0,4.47213595499958
1086.0,4.47213595499958
1087.0,4.47213595499958
1088.0,4.47213595499958
1089.0,4.47213595499958
1090.0,4.47213595499958
1091.0,4.47213595499958
1092.0,4.47213595499958
1093.0,4.47213595499958
1094.0,4.47213595499958
1095.0,4.47213595499958
1096.0,4.47213595499958
1097.0,4.47213595499958
1098.0,4.47213595499958
1099.0,4.47213595499958
1100.0,4.47213595499958
1101.0,4.47213595499958
1102.0,4.47213595499958
1103.0,4.47213595499958
1104.0,4.47213595499958
1105.0,4.47213595499958
1106.0,4.47213595499958
1107.0,4.47213595499958
1108.0,4.47213595499958
1109.0,4.47213595499958
1110.0,4.47213595499958
1111.0,4.47213595499958
1112.0,4.47213595499958
1113.0,4.47213595499958
1114.0,4.47213595499958
1115.0,4.47213595499958
1116.0,4.47213595499958
1117.0,4.47213595499958
1118.0,4.47213595499958
1119.0,4.47213595499958
1120.0,4.47213595499958
1121.0,4.47213595499958
1122.0,4.47213595499958
1123.0,4.47213595499958
1124.0,4.47213595499958
1125.0,4.47213595499958
1126.0,4.47213595499958
1127.0,4.47213595499958
1128.0,4.47213595499958
1129.0,4.47213595499958
1130.0,4.47213595499958
1131.0,4.47213595499958
1132.0,4.47213595499958
1133.0,4.47213595499958
1134.0,4.47213595499958
1135.0,4.47213595499958
1136.0,4.47213595499958
1137.0,4.47213595499958
1138.0,4.47213595499958
1139.0,4.47213595499958
1140.0,4.47213595499958
1141.0,4.47213595499958
1142.0,4.47213595499958
1143.0,4.47213595499958
1144.0,4.47213595499958
1145.0,4.47213595499958
1146.0,4.47213595499958
1147.0,4.47213595499958
1148.0,4.47213595499958
1149.0,4.47213595499958
1150.0,4.47213595499958
1151.0,4.47213595499958
1152.0,4.47213595499958
1153.0,4.47213595499958
1154.0,4.47213595499958
1155.0,4.47213595499958
1156.0,4.47213595499958
1157.0,4.47213595499958
1158.0,4.47213595499958
1159.0,4.47213595499958
1160.0,4.47213595499958
1161.0,4.47213595499958
1162.0,4.47213595499958
1163.0,4.47213595499958
1164.0,4.47213595499958
1165.0,4.47213595499958
1166.0,4.47213595499958
1167.0,4.47213595499958
1168.0,4.47213595499958
1169.0,4.47213595499958
1170.0,4.47213595499958
1171.0,4.47213595499958
1172.0,4.47213595499958
1173.0,4.47213595499958
1174.0,4.47213595499958
1175.0,4.47213595499958
1176.0,4.47213595499958
1177.0,4.47213595499958
1178.0,4.47213595499958
1179.0,4.47213595499958
1180.0,4.47213595499958
1181.0,4.47213595499958
1182.0,4.47213595499958
1183.0,4.47213595499958
1184.0,4.47213595499958
1185.0,4.47213595499958
1186.0,4.47213595499958
1187.0,4.47213595499958
1188.0,4.47213595499958
1189.0,4.47213595499958
1190.0,4.47213595499958
1191.0,4.47213595499958
1192.0,4.47213595499958
1193.0,4.47213595499958
1194.0,4.47213595499958
1195.0,4.47213595499958
1196.0,4.47213595499958
1197.0,4.47213595499958
1198.0,4.47213595499958
1199.0,4.47213595499958
1200.0,4.47213595499958
1201.0,4.47213595499958
1202.0,4.47213595499958
1203.0,4.47213595499958
1204.0,4.47213595499958
1205.0,4.47213595499958
1206.0,4.47213595499958
1207.0,4.47213595499958
1208.0,4.47213595499958
1209.0,4.47213595499958
1210.0,4.47213595499958
1211.0,4.47213595499958
1212.0,4.47213595499958
1213.0,4.47213595499958
1214.0,4.47213595499958
1215.0,4.47213595499958
1216.0,4.47213595499958
1217.0,4.47213595499958
1218.0,4.47213595499958
1219.0,4.47213595499958
1220.0,4.47213595499958
1221.0,4.47213595499958
1222.0,4.47213595499958
1223.0,4.47213595499958
1224.0,4.47213595499958
1225.0,4.47213595499958
1226.0,4.47213595499958
1227.0,4.47213595499958
1228.0,4.47213595499958
1229.0,4.47213595499958
1230.0,4.47213595499958
1231.0,4.47213595499958
1232.0,4.47213595499958
1233.0,4.47213595499958
1234.0,4.47213595499958
1235.0,4.47213595499958
1236.0,4.47213595499958
1237.0,4.47213595499958
1238.0,4.47213595499958
1239.0,4.47213595499958
1240.0,4.47213595499958
1241.0,4.47213595499958
1242.0,4.47213595499958
1243.0,4.47213595499958
1244.0,4.47213595499958
1245.0,4.47213595499958
1246.0,4.47213595499958
1247.0,4.47213595499958
1248.0,4.47213595499958
1249.0,4.47213595499958
1250.0,4.47213595499958
1251.0,4.47213595499958
1252.0,4.47213595499958
1253.0,4.47213595499958
1254.0,4.47213595499958
1255.0,4.47213595499958
1256.0,4.47213595499958
1257.0,4.47213595499958
1258.0,4.47213595499958
1259.0,4.47213595499958
1260.0,4.47213595499958
1261.0,4.47213595499958
1262.0,4.47213595499958
1263.0,4.47213595499958
1264.0,4.47213595499958
1265.0,4.47213595499958
1266.0,4.47213595499958
1267.0,4.47213595499958
1268.0,4.47213595499958
1269.0,4.47213595499958
1270.0,4.47213595499958
1271.0,4.47213595499958
1272.0,4.47213595499958
1273.0,4.47213595499958
1274.0,4.47213595499958
1275.0,4.47213595499958
1276.0,4.47213595499958
1277.0,4.47213595499958
1278.0,4.47213595499958
1279.0,4.47213595499958
1280.0,4.47213595499958
1281.0,4.47213595499958
1282.0,4.47213595499958
1283.0,4.47213595499958
1284.0,4.47213595499958
1285.0,4.47213595499958
1286.0,4.47213595499958
1287.0,4.47213595499958
1288.0,4.47213595499958
1289.0,4.47213595499958
1290.0,4.47213595499958
1291.0,4.47213595499958
1292.0,4.47213595499958
1293.0,4.47213595499958
1294.0,4.47213595499958
1295.0,4.47213595499958
1296.0,4.47213595499958
1297.0,4.47213595499958
1298.0,4.47213595499958
1299.0,4.47213595499958
1300.0,4.47213595499958
1301.0,4.47213595499958
1302.0,4.47213595499958
1303.0,4.47213595499958
1304.0,4.47213595499958
1305.0,4.47213595499958
1306.0,4.47213595499958
1307.0,4.47213595499958
1308.0,4.47213595499958
1309.0,4.47213595499958
1310.0,4.47213595499958
1311.0,4.47213595499958
1312.0,4.47213595499958
1313.0,4.47213595499958
1314.0,4.47213595499958
1315.0,4.47213595499958
1316.0,4.47213595499958
1317.0,4.47213595499958
1318.0,4.47213595499958
1319.0,4.47213595499958
1320.0,4.47213595499958
1321.0,4.47213595499958
1322.0,4.47213595499958
1323.0,4.47213595499958
1324.0,4.47213595499958
1325.0,4.47213595499958
1326.0,4.47213595499958
1327.0,4.47213595499958
1328.0,4.47213595499958
1329.0,4.47213595499958
1330.0,4.47213595499958
1331.0,4.47213595499958
1332.0,4.47213595499958
1333.0,4.47213595499958
1334.0,4.47213595499958
1335.0,4.47213595499958
1336.0,4.47213595499958
1337.0,4.47213595499958
1338.0,4.47213595499958
1339.0,4.47213595499958
1340.0,4.47213595499958
1341.0,4.47213595499958
1342.0,4.47213595499958
1343.0,4.47213595499958
1344.0,4.47213595499958
1345.0,4.47213595499958
1346.0,4.47213595499958
1347.0,4.47213595499958
1348.0,4.47213595499958
1349.0,4.47213595499958
1350.0,4.47213595499958
1351.0,4.47213595499958
1352.0,4.47213595499958
1353.0,4.47213595499958
1354.0,4.47213595499958
1355.0,4.47213595499958
1356.0,4.47213595499958
1357.0,4.47213595499958
1358.0,4.47213595499958
1359.0,4.47213595499958
1360.0,4.47213595499958
1361.0,4.47213595499958
1362.0,4.47213595499958
1363.0,4.47213595499958
1364.0,4.47213595499958
1365.0,4.47213595499958
1366.0,4.47213595499958
1367.0,4.47213595499958
1368.0,4.47213595499958
1369.0,4.47213595499958
1370.0,4.47213595499958
1371.0,4.47213595499958
1372.0,4.47213595499958
1373.0,4.47213595499958
1374.0,4.47213595499958
1375.0,4.47213595499958
1376.0,4.47213595499958
1377.0,4.47213595499958
1378.0,4.47213595499958
1379.0,4.47213595499958
1380.0,4.47213595499958
1381.0,4.47213595499958
1382.0,4.47213595499958
1383.0,4.47213595499958
1384.0,4.47213595499958
1385.0,4.47213595499958
1386.0,4.47213595499958
1387.0,4.47213595499958
1388.0,4.47213595499958
1389.0,4.47213595499958
1390.0,4.47213595499958
1391.0,4.47213595499958
1392.0,4.47213595499958
1393.0,4.47213595499958
1394.0,4.47213595499958
1395.0,4.47213595499958
1396.0,4.47213595499958
1397.0,4.47213595499958
1398.0,4.47213595499958
1399.0,4.47213595499958
1400.0,4.47213595499958
1401.0,4.47213595499958
1402.0,4.47213595499958
1403.0,4.47213595499958
1404.0,4.47213595499958
1405.0,4.47213595499958
1406.0,4.47213595499958
1407.0,4.47213595499958
1408.0,4.47213595499958
1409.0,4.47213595499958
1410.0,4.47213595499958
1411.0,4.47213595499958
1412.0,4.47213595499958
1413.0,4.47213595499958
1414.0,4.47213595499958
1415.0,4.47213595499958
1416.0,4.47213595499958
1417.0,4.47213595499958
1418.0,4.47213595499958
1419.0,4.47213595499958
1420.0,4.47213595499958
1421.0,4.47213595499958
1422.0,4.47213595499958
1423.0,4.47213595499958
1424.0,4.47213595499958
1425.0,4.47213595499958
1426.0,4.47213595499958
1427.0,4.47213595499958
1428.0,4.47213595499958
1429.0,4.47213595499958
1430.0,4.47213595499958
1431.0,4.47213595499958
1432.0,4.47213595499958
1433.0,4.47213595499958
1434.0,4.47213595499958
1435.0,4.47213595499958
1436.0,4.47213595499958
1437.0,4.47213595499958
1438.0,4.47213595499958
1439.0,4.47213595499958
1440.0,4.47213595499958
1441.0,4.47213595499958
1442.0,4.47213595499958
1443.0,4.47213595499958
1444.0,4.47213595499958
1445.0,4.47213595499958
1446.0,4.47213595499958
1447.0,4.47213595499958
1448.0,4.47213595499958
1449.0,4.47213595499958
1450.0,4.47213595499958
1451.0,4.47213595499958
1452.0,4.47213595499958
1453.0,4.47213595499958
1454.0,4.47213595499958
1455.0,4.47213595499958
1456.0,4.47213595499958
1457.0,4.47213595499958
1458.0,4.47213595499958
1459.0,4.47213595499958
1460.0,4.47213595499958
1461.0,4.47213595499958
1462.0,4.47213595499958
1463.0,4.47213595499958
1464.0,4.47213595499958
1465.0,4.47213595499958
1466.0,4.47213595499958
1467.0,4.47213595499958
1468.0,4.47213595499958
1469.0,4.47213595499958
1470.0,4.47213595499958
1471.0,4.47213595499958
1472.0,4.47213595499958
1473.0,4.47213595499958
1474.0,4.47213595499958
1475.0,4.47213595499958
1476.0,4.47213595499958
1477.0,4.47213595499958
1478.0,4.47213595499958
1479.0,4.47213595499958
1480.0,4.47213595499958
1481.0,4.47213595499958
1482.0,4.47213595499958
1483.0,4.47213595499958
1484.0,4.47213595499958
1485.0,4.47213595499958
1486.0,4.47213595499958
1487.0,4.47213595499958
1488.0,4.47213595499958
1489.0,4.47213595499958
1490.0,4.47213595499958
1491.0,4.47213595499958
1492.0,4.47213595499958
1493.0,4.47213595499958
1494.0,4.47213595499958
1495.0,4.47213595499958
1496.0,4.47213595499958
1497.0,4.47213595499958
1498.0,4.47213595499958
1499.0,4.47213595499958
1500.0,4.47213595499958
1501.0,4.47213595499958
1502.0,4.47213595499958
1503.0,4.47213595499958
1504.0,4.47213595499958
1505.0,4.47213595499958
1506.0,4.47213595499958
1507.0,4.47213595499958
1508.0,4.47213595499958
1509.0,4.47213595499958
1510.0,4.47213595499958
1511.0,4.47213595499958
1512.0,4.47213595499958
1513.0,4.47213595499958
1514.0,4.358898943540674
1515.0,4.358898943540674
1516.0,4.358898943540674
1517.0,4.358898943540674
1518.0,4.358898943540674
1519.0,4.358898943540674
1520.0,4.358898943540674
1521.0,4.358898943540674
1522.0,4.358898943540674
1523.0,4.358898943540674
1524.0,4.358898943540674
1525.0,4.358898943540674
1526.0,4.358898943540674
1527.0,4.358898943540674
1528.0,4.358898943540674
1529.0,4.358898943540674
1530.0,4.358898943540674
1531.0,4.358898943540674
1532.0,4.358898943540674
1533.0,4.358898943540674
1534.0,4.358898943540674
1535.0,4.358898943540674
1536.0,4.358898943540674
1537.0,4.358898943540674
1538.0,4.358898943540674
1539.0,4.358898943540674
1540.0,4.358898943540674
1541.0,4.358898943540674
1542.0,4.358898943540674
1543.0,4.358898943540674
1544.0,4.358898943540674
1545.0,4.358898943540674
1546.0,4.358898943540674
1547.0,4.358898943540674
1548.0,4.358898943540674
1549.0,4.358898943540674
1550.0,4.358898943540674
1551.0,4.358898943540674
1552.0,4.358898943540674
1553.0,4.358898943540674
1554.0,4.358898943540674
1555.0,4.358898943540674
1556.0,4.358898943540674
1557.0,4.358898943540674
1558.0,4.358898943540674
1559.0,4.358898943540674
1560.0,4.358898943540674
1561.0,4.358898943540674
1562.0,4.358898943540674
1563.0,4.358898943540674
1564.0,4.358898943540674
1565.0,4.358898943540674
1566.0,4.358898943540674
1567.0,4.358898943540674
1568.0,4.358898943540674
1569.0,4.358898943540674
1570.0,4.358898943540674
1571.0,4.358898943540674
1572.0,4.358898943540674
1573.0,4.358898943540674
1574.0,4.358898943540674
1575.0,4.358898943540674
1576.0,4.358898943540674
1577.0,4.358898943540674
1578.0,4.358898943540674
1579.0,4.358898943540674
1580.0,4.358898943540674
1581.0,3.7416573867739413
1582.0,3.7416573867739413
1583.0,3.7416573867739413
1584.0,3.7416573867739413
1585.0,3.7416573867739413
1586.0,3.7416573867739413
1587.0,3.7416573867739413
1588.0,3.7416573867739413
1589.0,3.7416573867739413
1590.0,3.7416573867739413
1591.0,3.7416573867739413
1592.0,3.7416573867739413
1593.0,3.7416573867739413
1594.0,3.7416573867739413
1595.0,3.7416573867739413
1596.0,3.7416573867739413
1597.0,3.7416573867739413
1598.0,3.7416573867739413
1599.0,3.7416573867739413
1600.0,3.7416573867739413
1601.0,3.7416573867739413
1602.0,3.7416573867739413
1603.0,3.7416573867739413
1604.0,3.7416573867739413
1605.0,3.7416573867739413
1606.0,3.7416573867739413
1607.0,3.7416573867739413
1608.0,3.7416573867739413
1609.0,3.7416573867739413
1610.0,3.7416573867739413
1611.0,3.7416573867739413
1612.0,3.7416573867739413
1613.0,3.7416573867739413
1614.0,3.7416573867739413
1615.0,3.7416573867739413
1616.0,3.7416573867739413
1617.0,3.7416573867739413
1618.0,3.7416573867739413
1619.0,3.7416573867739413
1620.0,3.7416573867739413
1621.0,3.7416573867739413
1622.0,3.7416573867739413
1623.0,3.7416573867739413
1624.0,3.7416573867739413
1625.0,3.7416573867739413
1626.0,3.7416573867739413
1627.0,3.7416573867739413
1628.0,3.7416573867739413
1629.0,3.7416573867739413
1630.0,3.7416573867739413
1631.0,3.7416573867739413
1632.0,3.7416573867739413
1633.0,3.7416573867739413
1634.0,3.7416573867739413
1635.0,3.7416573867739413
1636.0,3.7416573867739413
1637.0,3.7416573867739413
1638.0,3.7416573867739413
1639.0,3.7416573867739413
1640.0,3.7416573867739413
1641.0,3.7416573867739413
1642.0,3.7416573867739413
1643.0,3.7416573867739413
1644.0,3.7416573867739413
1645.0,3.7416573867739413
1646.0,3.7416573867739413
1647.0,3.7416573867739413
1648.0,3.7416573867739413
1649.0,3.7416573867739413
1650.0,3.7416573867739413
1651.0,3.7416573867739413
1652.0,3.7416573867739413
1653.0,3.7416573867739413
1654.0,3.7416573867739413
1655.0,3.7416573867739413
1656.0,3.7416573867739413
1657.0,3.7416573867739413
1658.0,3.7416573867739413
1659.0,3.7416573867739413
1660.0,3.7416573867739413
1661.0,3.7416573867739413
1662.0,3.7416573867739413
1663.0,3.7416573867739413
1664.0,3.7416573867739413
1665.0,3.7416573867739413
1666.0,3.7416573867739413
1667.0,3.7416573867739413
1668.0,3.7416573867739413
1669.0,3.7416573867739413
1670.0,3.7416573867739413
1671.0,3.7416573867739413
1672.0,3.7416573867739413
1673.0,3.7416573867739413
1674.0,3.7416573867739413
1675.0,3.7416573867739413
1676.0,3.7416573867739413
1677.0,3.7416573867739413
1678.0,3.7416573867739413
1679.0,3.7416573867739413
1680.0,3.7416573867739413
1681.0,3.7416573867739413
1682.0,3.7416573867739413
1683.0,3.7416573867739413
1684.0,3.7416573867739413
1685.0,3.7416573867739413
1686.0,3.7416573867739413
1687.0,3.7416573867739413
1688.0,3.7416573867739413
1689.0,3.7416573867739413
1690.0,3.7416573867739413
1691.0,3.7416573867739413
1692.0,3.7416573867739413
1693.0,3.7416573867739413
1694.0,3.7416573867739413
1695.0,3.7416573867739413
1696.0,3.7416573867739413
1697.0,3.7416573867739413
1698.0,3.7416573867739413
1699.0,3.7416573867739413
1700.0,3.7416573867739413
1701.0,3.7416573867739413
1702.0,3.7416573867739413
1703.0,3.7416573867739413
1704.0,3.7416573867739413
1705.0,3.7416573867739413
1706.0,3.7416573867739413
1707.0,3.7416573867739413
1708.0,3.7416573867739413
1709.0,3.7416573867739413
1710.0,3.7416573867739413
1711.0,3.7416573867739413
1712.0,3.7416573867739413
1713.0,3.7416573867739413
1714.0,3.7416573867739413
1715.0,3.7416573867739413
1716.0,3.7416573867739413
1717.0,3.7416573867739413
1718.0,3.7416573867739413
1719.0,3.7416573867739413
1720.0,3.7416573867739413
1721.0,3.7416573867739413
1722.0,3.7416573867739413
1723.0,3.7416573867739413
1724.0,3.7416573867739413
1725.0,3.7416573867739413
1726.0,3.7416573867739413
1727.0,3.7416573867739413
1728.0,3.7416573867739413
1729.0,3.7416573867739413
1730.0,3.7416573867739413
1731.0,3.7416573867739413
1732.0,3.7416573867739413
1733.0,3.7416573867739413
1734.0,3.7416573867739413
1735.0,3.7416573867739413
1736.0,3.7416573867739413
1737.0,3.7416573867739413
1738.0,3.7416573867739413
1739.0,3.7416573867739413
1740.0,3.7416573867739413
1741.0,3.7416573867739413
1742.0,3.7416573867739413
1743.0,3.7416573867739413
1744.0,3.7416573867739413
1745.0,3.7416573867739413
1746.0,3.7416573867739413
1747.0,3.7416573867739413
1748.0,3.7416573867739413
1749.0,3.7416573867739413
1750.0,3.7416573867739413
1751.0,3.7416573867739413
1752.0,3.7416573867739413
1753.0,3.7416573867739413
1754.0,3.7416573867739413
1755.0,3.7416573867739413
1756.0,3.7416573867739413
1757.0,3.7416573867739413
1758.0,3.7416573867739413
1759.0,3.7416573867739413
1760.0,3.7416573867739413
1761.0,3.7416573867739413
1762.0,3.7416573867739413
1763.0,3.7416573867739413
1764.0,3.7416573867739413
1765.0,3.7416573867739413
1766.0,3.7416573867739413
1767.0,3.7416573867739413
1768.0,3.7416573867739413
1769.0,3.7416573867739413
1770.0,3.7416573867739413
1771.0,3.7416573867739413
1772.0,3.7416573867739413
1773.0,3.7416573867739413
1774.0,3.7416573867739413
1775.0,3.7416573867739413
1776.0,3.7416573867739413
1777.0,3.7416573867739413
1778.0,3.7416573867739413
1779.0,3.7416573867739413
1780.0,3.7416573867739413
1781.0,3.7416573867739413
1782.0,3.7416573867739413
1783.0,3.7416573867739413
1784.0,3.7416573867739413
1785.0,3.7416573867739413
1786.0,3.7416573867739413
1787.0,3.7416573867739413
1788.0,3.7416573867739413
1789.0,3.7416573867739413
1790.0,3.7416573867739413
1791.0,3.7416573867739413
1792.0,3.7416573867739413
1793.0,3.7416573867739413
1794.0,3.7416573867739413
1795.0,3.7416573867739413
1796.0,3.7416573867739413
1797.0,3.7416573867739413
1798.0,3.7416573867739413
1799.0,3.7416573867739413
1800.0,3.7416573867739413
1801.0,3.7416573867739413
1802.0,3.7416573867739413
1803.0,3.7416573867739413
1804.0,3.7416573867739413
1805.0,3.7416573867739413
1806.0,3.7416573867739413
1807.0,3.7416573867739413
1808.0,3.7416573867739413
1809.0,3.7416573867739413
1810.0,3.7416573867739413
1811.0,3.7416573867739413
1812.0,3.7416573867739413
1813.0,3.7416573867739413
1814.0,3.7416573867739413
1815.0,3.7416573867739413
1816.0,3.7416573867739413
1817.0,3.7416573867739413
1818.0,3.7416573867739413
1819.0,3.7416573867739413
1820.0,3.7416573867739413
1821.0,3.7416573867739413
1822.0,3.7416573867739413
1823.0,3.7416573867739413
1824.0,3.7416573867739413
1825.0,3.7416573867739413
1826.0,3.7416573867739413
1827.0,3.7416573867739413
1828.0,3.7416573867739413
1829.0,3.7416573867739413
1830.0,3.7416573867739413
1831.0,3.7416573867739413
1832.0,3.7416573867739413
1833.0,3.7416573867739413
1834.0,3.7416573867739413
1835.0,3.7416573867739413
1836.0,3.7416573867739413
1837.0,3.7416573867739413
1838.0,3.7416573867739413
1839.0,3.7416573867739413
1840.0,3.7416573867739413
1841.0,3.7416573867739413
1842.0,3.7416573867739413
1843.0,3.7416573867739413
1844.0,3.7416573867739413
1845.0,3.7416573867739413
1846.0,3.7416573867739413
1847.0,3.7416573867739413
1848.0,3.7416573867739413
1849.0,3.7416573867739413
1850.0,3.7416573867739413
1851.0,3.7416573867739413
1852.0,3.7416573867739413
1853.0,3.7416573867739413
1854.0,3.7416573867739413
1855.0,3.7416573867739413
1856.0,3.7416573867739413
1857.0,3.7416573867739413
1858.0,3.7416573867739413
1859.0,3.7416573867739413
1860.0,3.7416573867739413
1861.0,3.7416573867739413
1862.0,3.7416573867739413
1863.0,3.7416573867739413
1864.0,3.7416573867739413
1865.0,3.7416573867739413
1866.0,3.7416573867739413
1867.0,3.7416573867739413
1868.0,3.7416573867739413
1869.0,3.7416573867739413
1870.0,3.7416573867739413
1871.0,3.7416573867739413
1872.0,3.7416573867739413
1873.0,3.7416573867739413
1874.0,3.7416573867739413
1875.0,3.7416573867739413
1876.0,3.7416573867739413
1877.0,3.7416573867739413
1878.0,3.7416573867739413
1879.0,3.7416573867739413
1880.0,3.7416573867739413
1881.0,3.7416573867739413
1882.0,3.7416573867739413
1883.0,3.7416573867739413
1884.0,3.7416573867739413
1885.0,3.7416573867739413
1886.0,3.7416573867739413
1887.0,3.7416573867739413
1888.0,3.7416573867739413
1889.0,3.7416573867739413
1890.0,3.7416573867739413
1891.0,3.7416573867739413
1892.0,3.7416573867739413
1893.0,3.7416573867739413
1894.0,3.7416573867739413
1895.0,3.7416573867739413
1896.0,3.7416573867739413
1897.0,3.7416573867739413
1898.0,3.7416573867739413
1899.0,3.7416573867739413
1900.0,3.7416573867739413
1901.0,3.7416573867739413
1902.0,3.7416573867739413
1903.0,3.7416573867739413
1904.0,3.7416573867739413
1905.0,3.7416573867739413
1906.0,3.7416573867739413
1907.0,3.605551275463989
1908.0,3.605551275463989
1909.0,3.605551275463989
1910.0,3.605551275463989
1911.0,3.605551275463989
1912.0,3.605551275463989
1913.0,3.605551275463989
1914.0,3.605551275463989
1915.0,3.605551275463989
1916.0,3.605551275463989
1917.0,3.605551275463989
1918.0,3.605551275463989
1919.0,3.605551275463989
1920.0,3.605551275463989
1921.0,3.605551275463989
1922.0,3.605551275463989
1923.0,3.605551275463989
1924.0,3.605551275463989
1925.0,3.605551275463989
1926.0,3.605551275463989
1927.0,3.605551275463989
1928.0,3.605551275463989
1929.0,3.605551275463989
1930.0,3.605551275463989
1931.0,3.605551275463989
1932.0,3.605551275463989
1933.0,3.605551275463989
1934.0,3.605551275463989
1935.0,3.605551275463989
1936.0,3.605551275463989
1937.0,3.605551275463989
1938.0,3.605551275463989
1939.0,3.605551275463989
1940.0,3.605551275463989
1941.0,3.605551275463989
1942.0,3.605551275463989
1943.0,3.605551275463989
1944.0,3.605551275463989
1945.0,3.605551275463989
1946.0,3.605551275463989
1947.0,3.605551275463989
1948.0,3.605551275463989
1949.0,3.605551275463989
1950.0,3.605551275463989
1951.0,3.605551275463989
1952.0,3.605551275463989
1953.0,3.605551275463989
1954.0,3.605551275463989
1955.0,3.605551275463989
1956.0,3.605551275463989
1957.0,3.605551275463989
1958.0,3.605551275463989
1959.0,3.605551275463989
1960.0,3.605551275463989
1961.0,3.605551275463989
1962.0,3.605551275463989
1963.0,3.605551275463989
1964.0,3.605551275463989
1965.0,3.605551275463989
1966.0,3.605551275463989
1967.0,3.605551275463989
1968.0,3.605551275463989
1969.0,3.605551275463989
1970.0,3.605551275463989
1971.0,3.605551275463989
1972.0,3.605551275463989
1973.0,3.605551275463989
1974.0,3.605551275463989
1975.0,3.605551275463989
1976.0,3.605551275463989
1977.0,3.605551275463989
1978.0,3.605551275463989
1979.0,3.605551275463989
1980.0,3.605551275463989
1981.0,3.605551275463989
1982.0,3.605551275463989
1983.0,3.605551275463989
1984.0,3.605551275463989
1985.0,3.605551275463989
1986.0,3.605551275463989
1987.0,3.605551275463989
1988.0,3.605551275463989
1989.0,3.605551275463989
1990.0,3.605551275463989
1991.0,3.605551275463989
1992.0,3.605551275463989
1993.0,3.605551275463989
1994.0,3.605551275463989
1995.0,3.605551275463989
1996.0,3.605551275463989
1997.0,3.605551275463989
1998.0,3.605551275463989
1999.0,3.605551275463989
2000.0,3.605551275463989
2001.0,3.605551275463989
