0.00042009979159687833
0.0003438601109513683
0.00031822581835701887
0.00030771540202212915
0.00025929470550431217
0.00025416680649487035
0.00024723047928449564
0.00021262779767710092
0.00020928562447130106
0.00020259764532557054
0.0001970857900387483
0.00016239418953815387
0.00015873769440151228
0.00015672725774290423
0.00015637519442480077
0.0001534045151935036
0.00015265581189620136
0.000134035910814389
0.0001337216983003375
0.00013322677311499521
0.00013034177200572385
0.00011155434447788591
0.00011079149492361071
9.70554119695076e-05
9.685201212989461e-05
9.370703904041394e-05
9.331850728730322e-05
9.05642934309148e-05
6.436519303560073e-05
6.423582511476702e-05
6.411417731320272e-05
6.395259786871326e-05
6.390149389705593e-05
6.370880081479595e-05
6.358414367341596e-05
6.350804075557643e-05
6.350140543863434e-05
5.7730383327815634e-05
5.7459285991550896e-05
5.735545482212798e-05
5.71756172815752e-05
5.621027775091647e-05
5.6207257718208576e-05
5.580826448066063e-05
5.578128535818467e-05
5.572157662980977e-05
5.572157662980977e-05
5.5705376205438854e-05
5.565935429493801e-05
5.564873047032841e-05
5.564310631003266e-05
5.558906729124773e-05
5.558906729124773e-05
5.557908488840016e-05
5.557908488840016e-05
5.557503363083852e-05
5.557503363083852e-05
5.557503363083852e-05
5.5569838903350374e-05
5.556308774596656e-05
5.555804841752486e-05
5.555804841752486e-05
5.555804841752486e-05
5.553811434678361e-05
5.553152487828299e-05
5.553152487828299e-05
5.553152487828299e-05
5.548852004136381e-05
5.548852004136381e-05
5.548852004136381e-05
5.5486326350924966e-05
5.5486326350924966e-05
5.5486326350924966e-05
5.5486326350924966e-05
5.5486326350924966e-05
5.5486326350924966e-05
5.5486326350924966e-05
5.5486326350924966e-05
5.5486326350924966e-05
5.5482090109398453e-05
5.547586884555886e-05
5.547586884555886e-05
5.547586884555886e-05
5.5474932814865896e-05
5.5474932814865896e-05
5.5474932814865896e-05
5.5474932814865896e-05
5.5474932814865896e-05
5.5474932814865896e-05
5.5474932814865896e-05
5.5455402184482065e-05
5.5455402184482065e-05
5.5455402184482065e-05
5.5455402184482065e-05
5.5455402184482065e-05
5.5455402184482065e-05
5.5455402184482065e-05
5.5455402184482065e-05
5.5455402184482065e-05
5.5455402184482065e-05
5.5455402184482065e-05
5.5455402184482065e-05
5.5455402184482065e-05
5.5455402184482065e-05
5.5455402184482065e-05
5.5455402184482065e-05
5.5455402184482065e-05
5.5455402184482065e-05
5.5455402184482065e-05
5.5455402184482065e-05
5.5455402184482065e-05
5.5455402184482065e-05
5.5455402184482065e-05
5.5455402184482065e-05
5.5455402184482065e-05
5.5455402184482065e-05
5.5455402184482065e-05
5.5455402184482065e-05
5.5455402184482065e-05
5.5445764080069244e-05
5.5445764080069244e-05
5.5445764080069244e-05
5.5445764080069244e-05
5.5445764080069244e-05
5.5445764080069244e-05
5.5445764080069244e-05
5.544181033709319e-05
5.544181033709319e-05
5.544181033709319e-05
5.544181033709319e-05
5.544113323280013e-05
