0.0004447305920589127
0.0004255048778725982
0.00039840896168738185
0.0003658341609164894
0.0003565555811379006
0.0003520379501820929
0.00032602257690673357
0.00032412037746461225
0.00031722590723685403
0.0002981684621696902
0.00029608414837167276
0.0002854813027273974
0.00025804024960694944
0.00025780833736125747
0.00025705442559077437
0.00020882384822398328
0.00020714177269588388
0.00019402183743950793
0.00019251529630852506
0.00015671507093145844
0.00015602567157088534
0.00015318640866948257
0.00015267338004591933
0.00013408002353949494
0.00013357763467982455
0.00013311820007561864
0.0001329388712891131
0.00013278375111763777
0.00013249284777713867
0.00012875077823285678
0.00012711830130708907
0.00012643550032070993
0.00012110496159371856
0.00011889189196011492
0.00011780303394806923
0.00011651278027554375
0.00011469859639779812
0.00011251136807961409
0.00011100380473917948
0.00011064474922341102
0.00011010009156789197
0.00010990984955844419
9.898453780348583e-05
9.102526427749376e-05
8.945639714771313e-05
8.887416619601943e-05
8.874826868386242e-05
6.47548732408098e-05
6.398239506747922e-05
6.390770221052983e-05
6.388863768669797e-05
6.383739778228089e-05
6.379023350156872e-05
6.373838864930182e-05
6.367167927575906e-05
6.364405950375062e-05
6.362862576717502e-05
6.359720790737404e-05
6.357971047865847e-05
5.729312721149463e-05
5.729312721149463e-05
5.63432516264145e-05
5.632339257603647e-05
5.631197349988533e-05
5.629909872671426e-05
5.5855626566221676e-05
5.581396568976955e-05
5.575982428384988e-05
5.573134891730881e-05
5.573134891730881e-05
5.573134891730881e-05
5.572275745219383e-05
5.570115667863018e-05
5.570115667863018e-05
5.5682598146629706e-05
5.5682598146629706e-05
5.5682598146629706e-05
5.5682598146629706e-05
5.5682598146629706e-05
5.5682598146629706e-05
5.5678852331184694e-05
5.5678852331184694e-05
5.567431856270552e-05
5.5652698007453474e-05
5.5652698007453474e-05
5.5652698007453474e-05
5.5652698007453474e-05
5.5652698007453474e-05
5.565055295239375e-05
5.564653805025325e-05
5.564122620777093e-05
5.564122620777093e-05
5.5641196280014545e-05
5.5641196280014545e-05
5.5641196280014545e-05
5.5641196280014545e-05
5.5641196280014545e-05
5.5641196280014545e-05
5.5641196280014545e-05
5.5641196280014545e-05
5.5641196280014545e-05
5.5641196280014545e-05
5.5641196280014545e-05
5.5641196280014545e-05
5.5641196280014545e-05
5.5640198335478875e-05
5.5637280711823885e-05
5.56363266816703e-05
5.56363266816703e-05
5.56363266816703e-05
5.5628539158106944e-05
5.5628539158106944e-05
5.5572346502042055e-05
5.5534579299877044e-05
5.5534579299877044e-05
5.5515983524860146e-05
5.551453888500903e-05
5.551453888500903e-05
5.551453888500903e-05
5.551453888500903e-05
5.550925711907957e-05
5.550925711907957e-05
5.550925711907957e-05
5.550925711907957e-05
5.550925711907957e-05
5.550925711907957e-05
5.550925711907957e-05
5.549228555620592e-05
5.547723484695887e-05
5.547723484695887e-05
5.544181033709319e-05
5.544181033709319e-05
5.544181033709319e-05
5.544181033709319e-05
5.544181033709319e-05
5.544181033709319e-05
5.544181033709319e-05
5.544181033709319e-05
5.544181033709319e-05
5.544181033709319e-05
5.544181033709319e-05
5.544181033709319e-05
5.544181033709319e-05
5.544181033709319e-05
5.544181033709319e-05
5.544181033709319e-05
5.544181033709319e-05
5.544181033709319e-05
5.544181033709319e-05
5.544181033709319e-05
5.544181033709319e-05
5.544181033709319e-05
5.544181033709319e-05
5.544181033709319e-05
5.544181033709319e-05
5.544181033709319e-05
5.544181033709319e-05
5.544181033709319e-05
5.544181033709319e-05
5.544181033709319e-05
5.544181033709319e-05
5.544181033709319e-05
5.544181033709319e-05
5.544181033709319e-05
5.544181033709319e-05
5.544181033709319e-05
5.544181033709319e-05
5.544181033709319e-05
5.544181033709319e-05
5.544181033709319e-05
5.544181033709319e-05
5.544181033709319e-05
5.544181033709319e-05
5.544181033709319e-05
5.544181033709319e-05
5.544181033709319e-05
5.544181033709319e-05
5.544181033709319e-05
5.544181033709319e-05
5.544181033709319e-05
5.544113323280013e-05
5.544113323280013e-05
5.544113323280013e-05
5.544113323280013e-05
5.544113323280013e-05
5.544113323280013e-05
5.544113323280013e-05
5.544113323280013e-05
5.544113323280013e-05
5.544113323280013e-05
5.544113323280013e-05
5.544113323280013e-05
5.544113323280013e-05
5.544113323280013e-05
5.544113323280013e-05
5.544113323280013e-05
5.544113323280013e-05
5.544113323280013e-05
5.544113323280013e-05
5.544113323280013e-05
5.544113323280013e-05
5.544113323280013e-05
5.544113323280013e-05
5.544113323280013e-05
5.544113323280013e-05
5.544113323280013e-05
5.544113323280013e-05
5.544113323280013e-05
5.544113323280013e-05
5.544113323280013e-05
5.544113323280013e-05
5.544113323280013e-05
5.544113323280013e-05
5.544113323280013e-05
5.544113323280013e-05
5.544113323280013e-05
5.544113323280013e-05
5.544113323280013e-05
5.544113323280013e-05
5.544113323280013e-05
5.544113323280013e-05
5.544113323280013e-05
5.544113323280013e-05
5.544113323280013e-05
5.544113323280013e-05
5.544113323280013e-05
5.544113323280013e-05
5.544113323280013e-05
5.544113323280013e-05
5.544113323280013e-05
5.544113323280013e-05
5.544113323280013e-05
5.544113323280013e-05
5.544113323280013e-05
5.544113323280013e-05
5.544113323280013e-05
5.544113323280013e-05
5.544113323280013e-05
5.544113323280013e-05
5.544113323280013e-05
5.544113323280013e-05
5.544113323280013e-05
5.544113323280013e-05
5.544113323280013e-05
5.544113323280013e-05
5.544113323280013e-05
5.544113323280013e-05
5.544113323280013e-05
5.544113323280013e-05
5.544113323280013e-05
5.544113323280013e-05
5.544113323280013e-05
5.544113323280013e-05
5.544113323280013e-05
5.544113323280013e-05
5.544113323280013e-05
5.544113323280013e-05
5.544113323280013e-05
5.544113323280013e-05
5.544113323280013e-05
5.544113323280013e-05
5.544113323280013e-05
5.544113323280013e-05
5.544113323280013e-05
5.544113323280013e-05
5.544113323280013e-05
5.544113323280013e-05
5.544113323280013e-05
5.544113323280013e-05
5.544113323280013e-05
5.544113323280013e-05
5.544113323280013e-05
5.544113323280013e-05
5.544113323280013e-05
5.544113323280013e-05
5.544113323280013e-05
5.544113323280013e-05
5.544113323280013e-05
5.544113323280013e-05
5.544113323280013e-05
5.544113323280013e-05
5.544113323280013e-05
5.544113323280013e-05
5.544113323280013e-05
5.544113323280013e-05
5.544113323280013e-05
5.544113323280013e-05
5.544113323280013e-05
5.544113323280013e-05
5.544113323280013e-05
5.544113323280013e-05
5.544113323280013e-05
5.544113323280013e-05
5.544113323280013e-05
5.544113323280013e-05
5.544113323280013e-05
5.544113323280013e-05
5.544113323280013e-05
5.544113323280013e-05
5.544113323280013e-05
5.544113323280013e-05
5.544113323280013e-05
5.544113323280013e-05
5.544113323280013e-05
5.544113323280013e-05
5.544113323280013e-05
5.544113323280013e-05
5.544113323280013e-05
5.544113323280013e-05
5.544113323280013e-05
5.544113323280013e-05
5.544113323280013e-05
5.544113323280013e-05
5.544113323280013e-05
5.544113323280013e-05
5.544113323280013e-05
5.544113323280013e-05
5.544113323280013e-05
5.544113323280013e-05
5.544113323280013e-05
5.544113323280013e-05
5.544113323280013e-05
5.544113323280013e-05
5.544113323280013e-05
5.544113323280013e-05
5.544113323280013e-05
5.544113323280013e-05
5.544113323280013e-05
5.544113323280013e-05
5.544113323280013e-05
5.544113323280013e-05
