0.0003461367351784774
0.0003420413468794511
0.0003307830128794038
0.0003194670675316218
0.00030790145284999363
0.00025315228841351343
0.0002467966526951926
0.0002397930151577843
0.00022225034745970682
0.0002158046417849466
0.0001765920786301888
0.00017130306956582723
0.00016617632064430473
0.00016239096538781303
0.0001583794069126183
0.0001575328350552835
0.00015469490357826552
0.0001542001606193914
0.00015294955381074684
0.0001370839012913713
0.0001355307086169799
0.0001343061583527677
0.00013401769436068863
0.00013369101010239832
0.0001335660376493579
0.00013338272885677355
0.00013314013570035104
0.00013298315424774743
0.00013283741694253517
0.00013249465078340891
0.0001323374705695277
0.00013223844693476311
0.00013215893036792097
0.00013201027297483523
0.0001319540953018391
0.00012609346124596002
0.00012465759532790527
0.00012172884187909939
0.00012092789225834229
0.000118246968308046
0.00011669270057091374
0.00011526777706361291
0.00011465530419720584
0.00011260375829782398
0.00011216335319778934
0.00011109360585096799
0.00011055077293789829
0.0001101805051481954
0.00010987954455495147
9.914337260731742e-05
9.647022814780341e-05
9.62885924924842e-05
9.322839904013784e-05
9.309275177243167e-05
9.031803563650477e-05
8.881276281926925e-05
8.868361079257364e-05
8.855209188762024e-05
6.393262356015769e-05
6.382100763174945e-05
5.797989107579474e-05
5.7965322598402545e-05
5.664945023349971e-05
5.657540866467466e-05
5.599377889708979e-05
5.5986413148172685e-05
5.593048121844644e-05
5.584005410224377e-05
5.580324462035436e-05
5.575537846357436e-05
5.569803465234575e-05
5.563117056238131e-05
5.5581939578315875e-05
5.557606564964728e-05
5.557606564964728e-05
5.557222986762136e-05
5.555490896267224e-05
5.555490896267224e-05
5.553916577775422e-05
5.553916577775422e-05
5.553916577775422e-05
5.553916577775422e-05
5.553916577775422e-05
5.553916577775422e-05
5.553916577775422e-05
5.553841042530924e-05
5.553369969273947e-05
5.5532692891615174e-05
5.5532692891615174e-05
5.55303357078277e-05
5.5525808345318275e-05
5.5525808345318275e-05
5.54920616052177e-05
5.548391726274736e-05
5.548391726274736e-05
5.5449508796576394e-05
5.5449508796576394e-05
5.5449508796576394e-05
5.5449508796576394e-05
5.5449508796576394e-05
5.5449508796576394e-05
5.5449508796576394e-05
5.5449508796576394e-05
5.5449508796576394e-05
5.5449508796576394e-05
5.5449508796576394e-05
5.5449508796576394e-05
5.5449508796576394e-05
5.5449508796576394e-05
5.5449508796576394e-05
5.5449508796576394e-05
5.5449508796576394e-05
5.5449508796576394e-05
5.5449508796576394e-05
5.5449508796576394e-05
5.5449508796576394e-05
5.5449508796576394e-05
5.5449508796576394e-05
5.5449508796576394e-05
5.5449508796576394e-05
5.5449508796576394e-05
5.5449508796576394e-05
5.5449508796576394e-05
5.5449508796576394e-05
5.5449508796576394e-05
5.5449508796576394e-05
5.5449508796576394e-05
5.5449508796576394e-05
5.5449508796576394e-05
5.5449508796576394e-05
5.5449508796576394e-05
5.5449508796576394e-05
5.5449508796576394e-05
5.5449508796576394e-05
5.5449508796576394e-05
5.5449508796576394e-05
5.5449508796576394e-05
5.5449508796576394e-05
5.5449508796576394e-05
5.5449508796576394e-05
5.5449508796576394e-05
5.5449508796576394e-05
5.5449508796576394e-05
5.5449508796576394e-05
5.5449508796576394e-05
5.5449508796576394e-05
5.5449508796576394e-05
5.5449508796576394e-05
5.5449508796576394e-05
5.5449508796576394e-05
5.5449508796576394e-05
5.5449508796576394e-05
5.5449508796576394e-05
5.5449508796576394e-05
5.5449508796576394e-05
5.5449508796576394e-05
5.5449508796576394e-05
5.5449508796576394e-05
5.5449508796576394e-05
5.5449508796576394e-05
5.5449508796576394e-05
5.5449508796576394e-05
5.5449508796576394e-05
5.5449508796576394e-05
5.5449508796576394e-05
5.5449508796576394e-05
5.5449508796576394e-05
5.5449508796576394e-05
5.5449508796576394e-05
5.5449508796576394e-05
5.5449508796576394e-05
5.5449508796576394e-05
5.5449508796576394e-05
5.5449508796576394e-05
5.5449508796576394e-05
5.5449508796576394e-05
5.5449508796576394e-05
5.5449508796576394e-05
5.5449508796576394e-05
5.5449508796576394e-05
5.5449508796576394e-05
5.5449508796576394e-05
5.5449508796576394e-05
5.5449508796576394e-05
5.5449508796576394e-05
5.5449508796576394e-05
5.5449508796576394e-05
5.5449508796576394e-05
5.5449508796576394e-05
5.5449508796576394e-05
5.5449508796576394e-05
5.5449508796576394e-05
5.5449508796576394e-05
5.5449508796576394e-05
5.5449508796576394e-05
5.5449508796576394e-05
5.5449508796576394e-05
5.5449508796576394e-05
5.5449508796576394e-05
5.5449508796576394e-05
5.5449508796576394e-05
5.5449508796576394e-05
5.5449508796576394e-05
5.5449508796576394e-05
5.5449508796576394e-05
5.5449508796576394e-05
5.5449508796576394e-05
5.5449508796576394e-05
5.5449508796576394e-05
5.5445764080069244e-05
5.5445764080069244e-05
5.5445764080069244e-05
5.5445764080069244e-05
5.5445764080069244e-05
5.5445764080069244e-05
5.5445764080069244e-05
5.5445764080069244e-05
5.5445764080069244e-05
5.5445764080069244e-05
5.5445764080069244e-05
5.5445764080069244e-05
5.5445764080069244e-05
5.5445764080069244e-05
5.544113323280013e-05
5.544113323280013e-05
5.544113323280013e-05
5.544113323280013e-05
5.544113323280013e-05
5.544113323280013e-05
5.544113323280013e-05
5.544113323280013e-05
5.544113323280013e-05
5.544113323280013e-05
5.544113323280013e-05
5.544113323280013e-05
5.544113323280013e-05
5.544113323280013e-05
5.544113323280013e-05
5.544113323280013e-05
5.544113323280013e-05
5.544113323280013e-05
5.544113323280013e-05
5.544113323280013e-05
5.544113323280013e-05
5.544113323280013e-05
5.544113323280013e-05
5.544113323280013e-05
5.544113323280013e-05
5.544113323280013e-05
5.544113323280013e-05
5.544113323280013e-05
5.544113323280013e-05
5.544113323280013e-05
5.544113323280013e-05
5.544113323280013e-05
5.544113323280013e-05
5.544113323280013e-05
5.544113323280013e-05
5.544113323280013e-05
5.544113323280013e-05
5.544113323280013e-05
5.544113323280013e-05
5.544113323280013e-05
5.544113323280013e-05
5.544113323280013e-05
5.544113323280013e-05
5.544113323280013e-05
5.544113323280013e-05
5.544113323280013e-05
5.544113323280013e-05
5.544113323280013e-05
5.544113323280013e-05
5.544113323280013e-05
5.544113323280013e-05
5.544113323280013e-05
5.544113323280013e-05
5.544113323280013e-05
5.544113323280013e-05
5.544113323280013e-05
5.544113323280013e-05
5.544113323280013e-05
5.544113323280013e-05
5.544113323280013e-05
5.544113323280013e-05
5.544113323280013e-05
5.544113323280013e-05
5.544113323280013e-05
5.544113323280013e-05
5.544113323280013e-05
5.544113323280013e-05
5.544113323280013e-05
5.544113323280013e-05
5.544113323280013e-05
5.544113323280013e-05
5.544113323280013e-05
5.544113323280013e-05
5.544113323280013e-05
5.544113323280013e-05
5.544113323280013e-05
5.544113323280013e-05
5.544113323280013e-05
5.544113323280013e-05
5.544113323280013e-05
5.544113323280013e-05
5.544113323280013e-05
5.544113323280013e-05
5.544113323280013e-05
5.544113323280013e-05
5.544113323280013e-05
5.544113323280013e-05
5.544113323280013e-05
5.544113323280013e-05
5.544113323280013e-05
5.544113323280013e-05
5.544113323280013e-05
5.544113323280013e-05
5.544113323280013e-05
5.544113323280013e-05
5.544113323280013e-05
5.544113323280013e-05
5.544113323280013e-05
5.544113323280013e-05
5.544113323280013e-05
5.544113323280013e-05
5.544113323280013e-05
5.544113323280013e-05
5.544113323280013e-05
5.544113323280013e-05
5.544113323280013e-05
5.544113323280013e-05
5.544113323280013e-05
5.544113323280013e-05
5.544113323280013e-05
5.544113323280013e-05
5.544113323280013e-05
5.544113323280013e-05
5.544113323280013e-05
5.544113323280013e-05
5.544113323280013e-05
5.544113323280013e-05
5.544113323280013e-05
5.544113323280013e-05
5.544113323280013e-05
5.544113323280013e-05
5.544113323280013e-05
5.544113323280013e-05
5.544113323280013e-05
5.544113323280013e-05
5.544113323280013e-05
5.544113323280013e-05
5.544113323280013e-05
5.544113323280013e-05
5.544113323280013e-05
5.544113323280013e-05
5.544113323280013e-05
5.544113323280013e-05
5.544113323280013e-05
5.544113323280013e-05
5.544113323280013e-05
5.544113323280013e-05
5.544113323280013e-05
5.544113323280013e-05
5.544113323280013e-05
5.544113323280013e-05
5.544113323280013e-05
5.544113323280013e-05
5.544113323280013e-05
5.544113323280013e-05
5.544113323280013e-05
5.544113323280013e-05
5.544113323280013e-05
5.544113323280013e-05
5.544113323280013e-05
5.544113323280013e-05
