0.0004029775034328016
0.00037766027010222296
0.00036142652141931997
0.0003416263065211852
0.0003384824230445884
0.00032867021199941887
0.0003250482469165247
0.000299492751610702
0.00028968792603875073
0.00028118606186001185
0.000274353417775069
0.00026719932808598544
0.00025947327381173075
0.00023866457595079674
0.00023712933172477762
0.00022290545305067474
0.0002172900025442911
0.00021593866435759237
0.00021043428644711645
0.00020903335582107848
0.00020826764542806445
0.00020778810966507353
0.00015886093577412906
0.00015848232291222297
0.0001550210894976668
0.0001519664615906398
0.0001386719389590215
0.00013644227633972456
0.0001357555706051917
0.0001336784603588693
0.00013331695686887924
0.000132791229648746
0.000132207377461917
0.0001305675227272728
0.0001290840812984779
0.00011718698929119981
0.00011711726648464973
0.00011608517777601114
0.00011582085552135905
0.00011225016611829211
0.00011083541979455493
0.00011061821839379639
0.00011052731000097496
0.0001103071148659405
0.00011020480663761555
0.00010999064296990992
9.880839767397024e-05
9.777196963786602e-05
9.524970769233443e-05
9.356236193001146e-05
9.290038674883632e-05
9.280655663186211e-05
9.00696721271322e-05
9.002368403529035e-05
8.993381986956382e-05
6.403228652017167e-05
6.396212737744776e-05
6.391166210927137e-05
5.6585220703275426e-05
5.6495330721450436e-05
5.6447372092070504e-05
5.642010014470219e-05
5.640002862024185e-05
5.636969653084747e-05
5.629562686420279e-05
5.59708111967011e-05
5.592046322655998e-05
5.589650373495377e-05
5.585430677071786e-05
5.5840663494777736e-05
5.582348133425271e-05
5.5799034277678934e-05
5.5799034277678934e-05
5.579259981032509e-05
5.579259981032509e-05
5.579259981032509e-05
5.5767312181050985e-05
5.5767312181050985e-05
5.5736915543176736e-05
5.572794502879078e-05
5.572370924460537e-05
5.572370924460537e-05
5.572370924460537e-05
5.572370924460537e-05
5.571944781317105e-05
5.571944781317105e-05
5.571748624997454e-05
5.571748624997454e-05
5.571748624997454e-05
5.5679931090543296e-05
5.5631562848912887e-05
5.5631562848912887e-05
5.5631562848912887e-05
5.5631562848912887e-05
5.5631562848912887e-05
5.5631562848912887e-05
5.5631562848912887e-05
5.5631562848912887e-05
5.5631562848912887e-05
5.5631562848912887e-05
5.5631562848912887e-05
5.5631562848912887e-05
5.5631562848912887e-05
5.5631562848912887e-05
5.5631562848912887e-05
5.5631562848912887e-05
5.5631562848912887e-05
5.5631562848912887e-05
5.5631562848912887e-05
5.5631562848912887e-05
5.5631562848912887e-05
5.5631562848912887e-05
5.5631562848912887e-05
5.5631562848912887e-05
5.5631562848912887e-05
5.5631562848912887e-05
5.5631562848912887e-05
5.5631562848912887e-05
5.5631562848912887e-05
5.5631562848912887e-05
5.5631562848912887e-05
5.5631562848912887e-05
5.5631562848912887e-05
5.5631562848912887e-05
5.5631562848912887e-05
5.5631562848912887e-05
5.5631562848912887e-05
5.5631562848912887e-05
5.5631562848912887e-05
5.5631562848912887e-05
5.5631562848912887e-05
5.5631562848912887e-05
5.5631562848912887e-05
5.5631562848912887e-05
5.5631562848912887e-05
5.5631562848912887e-05
5.5631562848912887e-05
5.5631562848912887e-05
5.5631562848912887e-05
5.5631562848912887e-05
5.5631562848912887e-05
5.5631562848912887e-05
5.5631562848912887e-05
5.5631562848912887e-05
5.5631562848912887e-05
5.5631562848912887e-05
5.5631562848912887e-05
5.5631562848912887e-05
5.5631562848912887e-05
5.5631562848912887e-05
5.5631562848912887e-05
5.5631562848912887e-05
5.5631562848912887e-05
5.5631562848912887e-05
5.5631562848912887e-05
5.5631562848912887e-05
5.5631562848912887e-05
5.5631562848912887e-05
5.5631562848912887e-05
5.5631562848912887e-05
5.5631562848912887e-05
5.5631562848912887e-05
5.5631562848912887e-05
5.5631562848912887e-05
5.5631562848912887e-05
5.5631562848912887e-05
5.5631562848912887e-05
5.5631562848912887e-05
5.5631562848912887e-05
5.5631562848912887e-05
5.5631562848912887e-05
5.5631562848912887e-05
5.5631562848912887e-05
5.5631562848912887e-05
5.5631562848912887e-05
5.5631562848912887e-05
5.5631562848912887e-05
5.5631562848912887e-05
5.5631562848912887e-05
5.5631562848912887e-05
5.5631562848912887e-05
5.5631562848912887e-05
5.5631562848912887e-05
5.5631562848912887e-05
5.5631562848912887e-05
5.5631562848912887e-05
5.5631562848912887e-05
5.5631562848912887e-05
5.5631562848912887e-05
5.5631562848912887e-05
5.5631562848912887e-05
5.5631562848912887e-05
5.5631562848912887e-05
5.5631562848912887e-05
5.5631562848912887e-05
5.5631562848912887e-05
5.5631562848912887e-05
5.5631562848912887e-05
5.5631562848912887e-05
5.5631562848912887e-05
5.5631562848912887e-05
5.5631562848912887e-05
5.5631562848912887e-05
5.5631562848912887e-05
5.5631562848912887e-05
5.5631562848912887e-05
5.5631562848912887e-05
5.5631562848912887e-05
5.5631562848912887e-05
5.5631562848912887e-05
5.5631562848912887e-05
5.5631562848912887e-05
5.5631562848912887e-05
5.5631562848912887e-05
5.5631562848912887e-05
5.5631562848912887e-05
5.5631562848912887e-05
5.5631562848912887e-05
5.5631562848912887e-05
5.5631562848912887e-05
5.5631562848912887e-05
5.5631562848912887e-05
5.5631562848912887e-05
5.5631562848912887e-05
5.5631562848912887e-05
5.5631562848912887e-05
5.5631562848912887e-05
5.5631562848912887e-05
5.5631562848912887e-05
5.5631562848912887e-05
5.5631562848912887e-05
5.5631562848912887e-05
5.5631562848912887e-05
5.5631562848912887e-05
5.5631562848912887e-05
5.5631562848912887e-05
5.5631562848912887e-05
5.5631562848912887e-05
5.5631562848912887e-05
5.5631562848912887e-05
5.5631562848912887e-05
