0.0004111945589211479
0.00038812572471505046
0.0003789625888946994
0.00037094609494126767
0.00036194644066349526
0.0003464764062000677
0.0002905484989067449
0.0002871830649239111
0.00027693148550443164
0.000276267197231458
0.0002581904504874399
0.0002577601977782009
0.00023791257464421812
0.00023059853867160276
0.00022158813835710352
0.00021546652587205934
0.00020878268159350768
0.00020800524462411847
0.00020775801603288837
0.00020401168858721
0.000203868563747865
0.00019936326252230116
0.00019872836585685776
0.00015853182842358288
0.00015491315218185326
0.0001547510818561489
0.00014723386432315561
0.00014408955927973312
0.00014398455293190807
0.00014080608801955304
0.00014058702931497752
0.00013813891010754718
0.00013779472909747508
0.00013495281436854526
0.00013472889684559695
0.0001330450346495626
0.00013283863035243776
0.00013257758192608172
0.00012161835304945238
0.00012108597185581133
0.00012094753886178723
0.0001206330204497373
0.00012056421300219579
0.00012047563508152296
0.00012036470718089166
0.0001203500191935172
0.00012033416808024208
0.00012031873439154817
0.00011580710376256837
0.00011573153346085305
0.00011572117227078489
0.00011468240925441735
0.00011440985182519329
0.00011083950710561291
0.00011052157545216188
9.988459312937992e-05
9.947800457523692e-05
9.66345485306304e-05
9.191583323672193e-05
6.554588785815714e-05
6.449521402260416e-05
6.251488563357699e-05
5.8089112691826484e-05
5.6958938230283943e-05
5.686095242660299e-05
5.677831422522615e-05
5.635026663966232e-05
5.631166866623974e-05
5.626226015311042e-05
5.6213018887533734e-05
5.618726054349923e-05
5.615583933646465e-05
5.61321382985884e-05
5.610204734226975e-05
5.6096233632267286e-05
5.607624771590399e-05
5.606937423270462e-05
5.606094981020339e-05
5.601818258913113e-05
5.600550907443529e-05
5.60007065411294e-05
5.598487522013329e-05
5.598487522013329e-05
5.582133653099264e-05
5.576390958047424e-05
5.5758397702964396e-05
5.574302184830772e-05
5.57327832860013e-05
5.5678265033585144e-05
5.5678265033585144e-05
5.5678265033585144e-05
5.566655101394585e-05
5.566655101394585e-05
5.566655101394585e-05
5.566655101394585e-05
5.566655101394585e-05
5.566655101394585e-05
5.566655101394585e-05
5.566655101394585e-05
5.565973128817844e-05
5.564407888261196e-05
5.564407888261196e-05
5.564407888261196e-05
5.564407888261196e-05
5.563896656225798e-05
5.563896656225798e-05
5.563896656225798e-05
5.563896656225798e-05
5.563896656225798e-05
5.563896656225798e-05
5.563896656225798e-05
5.563835034211393e-05
5.563835034211393e-05
5.563835034211393e-05
5.563835034211393e-05
5.563835034211393e-05
5.563835034211393e-05
5.563835034211393e-05
5.563835034211393e-05
5.563835034211393e-05
5.563835034211393e-05
5.563835034211393e-05
5.563835034211393e-05
5.563772044766956e-05
5.563772044766956e-05
5.563772044766956e-05
5.5637060386511176e-05
5.5631562848912887e-05
5.5631562848912887e-05
5.5631562848912887e-05
5.5631562848912887e-05
5.5631562848912887e-05
5.5631562848912887e-05
5.5631562848912887e-05
5.5631562848912887e-05
5.5631562848912887e-05
5.5631562848912887e-05
5.5631562848912887e-05
5.5631562848912887e-05
5.5631562848912887e-05
5.5631562848912887e-05
5.5631562848912887e-05
5.5631562848912887e-05
5.5631562848912887e-05
5.5631562848912887e-05
5.5631562848912887e-05
5.5631562848912887e-05
5.5631562848912887e-05
5.5631562848912887e-05
5.5631562848912887e-05
5.5631562848912887e-05
5.5631562848912887e-05
5.5631562848912887e-05
5.5631562848912887e-05
5.5631562848912887e-05
5.5631562848912887e-05
5.5631562848912887e-05
5.5631562848912887e-05
5.5631562848912887e-05
5.5631562848912887e-05
5.5631562848912887e-05
5.5631562848912887e-05
5.5631562848912887e-05
5.5631562848912887e-05
5.5631562848912887e-05
5.5631562848912887e-05
5.5631562848912887e-05
5.5631562848912887e-05
5.5631562848912887e-05
5.5631562848912887e-05
5.5631562848912887e-05
5.5631562848912887e-05
5.5631562848912887e-05
5.5631562848912887e-05
5.5631562848912887e-05
5.5631562848912887e-05
5.5631562848912887e-05
5.5631562848912887e-05
5.5631562848912887e-05
5.5631562848912887e-05
5.5631562848912887e-05
5.5631562848912887e-05
5.5631562848912887e-05
5.5631562848912887e-05
5.5631562848912887e-05
5.5631562848912887e-05
5.5631562848912887e-05
5.5631562848912887e-05
5.5631562848912887e-05
5.5631562848912887e-05
5.5631562848912887e-05
5.5631562848912887e-05
5.5631562848912887e-05
5.5631562848912887e-05
5.5631562848912887e-05
5.5631562848912887e-05
5.5631562848912887e-05
5.5631562848912887e-05
5.5631562848912887e-05
5.5631562848912887e-05
5.5631562848912887e-05
5.5631562848912887e-05
5.5631562848912887e-05
5.5631562848912887e-05
5.5631562848912887e-05
5.5631562848912887e-05
5.5631562848912887e-05
5.5631562848912887e-05
5.5631562848912887e-05
5.5631562848912887e-05
5.5631562848912887e-05
5.5631562848912887e-05
5.5631562848912887e-05
5.5631562848912887e-05
5.5631562848912887e-05
5.5631562848912887e-05
5.5631562848912887e-05
5.5631562848912887e-05
5.5631562848912887e-05
5.5631562848912887e-05
5.5631562848912887e-05
5.5631562848912887e-05
5.5631562848912887e-05
5.5631562848912887e-05
5.5631562848912887e-05
5.5631562848912887e-05
5.5631562848912887e-05
5.5631562848912887e-05
5.5631562848912887e-05
5.5631562848912887e-05
5.5631562848912887e-05
5.5631562848912887e-05
5.5631562848912887e-05
5.5631562848912887e-05
5.5631562848912887e-05
5.5631562848912887e-05
5.5631562848912887e-05
5.5631562848912887e-05
5.5631562848912887e-05
5.5631562848912887e-05
5.5631562848912887e-05
5.5631562848912887e-05
5.5631562848912887e-05
5.5631562848912887e-05
5.5631562848912887e-05
5.5631562848912887e-05
5.5631562848912887e-05
5.5631562848912887e-05
5.5631562848912887e-05
5.5631562848912887e-05
5.5631562848912887e-05
5.5631562848912887e-05
5.5631562848912887e-05
5.5631562848912887e-05
5.5631562848912887e-05
5.5631562848912887e-05
5.5631562848912887e-05
5.5631562848912887e-05
5.5631562848912887e-05
5.5631562848912887e-05
5.5631562848912887e-05
5.5631562848912887e-05
5.5631562848912887e-05
5.5631562848912887e-05
5.5631562848912887e-05
5.5631562848912887e-05
5.5631562848912887e-05
5.5631562848912887e-05
5.5631562848912887e-05
5.5631562848912887e-05
5.5631562848912887e-05
5.5631562848912887e-05
5.5631562848912887e-05
5.5631562848912887e-05
5.5631562848912887e-05
5.5631562848912887e-05
5.5631562848912887e-05
5.5631562848912887e-05
