0.0003221829591999024
0.00031090666892287137
0.00028109871734177
0.00027113604408509837
0.00026511644262879074
0.00026272118575449403
0.0002574371690953274
0.0002498445044549385
0.00024145499551082958
0.00023699009355463232
0.0002294388043887294
0.00022279985624506967
0.00022064711963842404
0.0002152430141480364
0.00020747673289162172
0.00020286797914355106
0.00020269631320649434
0.00020228836494428682
0.00019839681924092647
0.0001979405996866463
0.00016181341328677768
0.00016046653914733868
0.00015782115239394189
0.0001564540572039434
0.00015367937166691325
0.00015152349081095143
0.0001512542362703568
0.00015030582710327985
0.00014993553867529734
0.00014974277524370107
0.0001495036595243009
0.00013910123870805228
0.0001370686454122835
0.00013420164742370468
0.00013403250008727467
0.00013388703117047442
0.00013371631036777142
0.0001318679892972343
0.00010027570336039201
9.724558053623221e-05
9.604235738869717e-05
9.36015384628287e-05
9.289519393496593e-05
9.031376853131675e-05
9.016603292111447e-05
8.852443761365647e-05
8.850307039217358e-05
8.845620944629049e-05
7.78233258196808e-05
6.369611085405914e-05
6.364986652309008e-05
6.355760277702997e-05
5.722804751333447e-05
5.7150155308031294e-05
5.6226439282863584e-05
5.6211979529766524e-05
5.616224193871714e-05
5.571033670753805e-05
5.5661057417210426e-05
5.562106411560462e-05
5.562106411560462e-05
5.561554490280833e-05
5.561275146573539e-05
5.558304346659271e-05
5.558189593461287e-05
5.557456339121063e-05
5.5542619688928865e-05
5.5542619688928865e-05
5.553114650830856e-05
5.553114650830856e-05
5.5527250253360215e-05
5.5525318228332663e-05
5.552434626000406e-05
5.552434626000406e-05
5.550149468934492e-05
5.550149468934492e-05
5.550149468934492e-05
5.550149468934492e-05
5.549740907101156e-05
5.5495560090888826e-05
5.5495560090888826e-05
5.5495560090888826e-05
5.5490440237024636e-05
5.5490440237024636e-05
5.5490440237024636e-05
5.5490440237024636e-05
5.547750099669885e-05
5.547750099669885e-05
5.547531411734858e-05
5.547218144867404e-05
5.546941609164232e-05
5.546941609164232e-05
5.546941609164232e-05
5.546941609164232e-05
5.546941609164232e-05
5.546941609164232e-05
5.546941609164232e-05
5.546941609164232e-05
5.546941609164232e-05
5.546941609164232e-05
5.546941609164232e-05
5.5462656508207964e-05
5.5462656508207964e-05
5.5462656508207964e-05
5.5462656508207964e-05
5.5462656508207964e-05
5.5445764080069244e-05
5.5445764080069244e-05
5.5445764080069244e-05
5.5445764080069244e-05
5.5445764080069244e-05
5.5445764080069244e-05
5.5445764080069244e-05
5.5445764080069244e-05
5.5445764080069244e-05
5.5445764080069244e-05
5.544113323280013e-05
5.544113323280013e-05
5.544113323280013e-05
5.544113323280013e-05
5.544113323280013e-05
5.544113323280013e-05
5.544113323280013e-05
5.544113323280013e-05
5.544113323280013e-05
5.544113323280013e-05
5.544113323280013e-05
5.544113323280013e-05
5.544113323280013e-05
5.544113323280013e-05
5.544113323280013e-05
5.544113323280013e-05
5.544113323280013e-05
5.544113323280013e-05
5.544113323280013e-05
5.544113323280013e-05
5.544113323280013e-05
5.544113323280013e-05
5.544113323280013e-05
5.544113323280013e-05
5.544113323280013e-05
5.544113323280013e-05
5.544113323280013e-05
5.544113323280013e-05
5.544113323280013e-05
5.544113323280013e-05
5.544113323280013e-05
5.544113323280013e-05
5.544113323280013e-05
5.544113323280013e-05
5.544113323280013e-05
5.544113323280013e-05
5.544113323280013e-05
5.544113323280013e-05
5.544113323280013e-05
5.544113323280013e-05
5.544113323280013e-05
5.544113323280013e-05
5.544113323280013e-05
5.544113323280013e-05
5.544113323280013e-05
5.544113323280013e-05
5.544113323280013e-05
5.544113323280013e-05
5.544113323280013e-05
5.544113323280013e-05
5.544113323280013e-05
5.544113323280013e-05
5.544113323280013e-05
5.544113323280013e-05
5.544113323280013e-05
5.544113323280013e-05
5.544113323280013e-05
5.544113323280013e-05
5.544113323280013e-05
5.544113323280013e-05
5.544113323280013e-05
5.544113323280013e-05
5.544113323280013e-05
5.544113323280013e-05
5.544113323280013e-05
5.544113323280013e-05
5.544113323280013e-05
5.544113323280013e-05
5.544113323280013e-05
5.544113323280013e-05
5.544113323280013e-05
5.544113323280013e-05
5.544113323280013e-05
5.544113323280013e-05
5.544113323280013e-05
5.544113323280013e-05
5.544113323280013e-05
5.544113323280013e-05
5.544113323280013e-05
5.544113323280013e-05
5.544113323280013e-05
5.544113323280013e-05
5.544113323280013e-05
5.544113323280013e-05
5.544113323280013e-05
5.544113323280013e-05
5.544113323280013e-05
5.544113323280013e-05
5.544113323280013e-05
5.544113323280013e-05
5.544113323280013e-05
5.544113323280013e-05
5.544113323280013e-05
5.544113323280013e-05
5.544113323280013e-05
5.544113323280013e-05
5.544113323280013e-05
5.544113323280013e-05
5.544113323280013e-05
5.544113323280013e-05
5.544113323280013e-05
5.544113323280013e-05
5.544113323280013e-05
5.544113323280013e-05
5.544113323280013e-05
5.544113323280013e-05
5.544113323280013e-05
5.544113323280013e-05
5.544113323280013e-05
5.544113323280013e-05
5.544113323280013e-05
5.544113323280013e-05
5.544113323280013e-05
5.544113323280013e-05
5.544113323280013e-05
5.544113323280013e-05
5.544113323280013e-05
5.544113323280013e-05
5.544113323280013e-05
5.544113323280013e-05
5.544113323280013e-05
5.544113323280013e-05
5.544113323280013e-05
5.544113323280013e-05
5.544113323280013e-05
5.544113323280013e-05
5.544113323280013e-05
5.544113323280013e-05
5.544113323280013e-05
5.544113323280013e-05
5.544113323280013e-05
5.544113323280013e-05
5.544113323280013e-05
5.544113323280013e-05
5.544113323280013e-05
5.544113323280013e-05
5.544113323280013e-05
5.544113323280013e-05
5.544113323280013e-05
5.544113323280013e-05
5.544113323280013e-05
5.544113323280013e-05
5.544113323280013e-05
5.544113323280013e-05
5.544113323280013e-05
5.544113323280013e-05
5.544113323280013e-05
5.544113323280013e-05
5.544113323280013e-05
5.544113323280013e-05
5.544113323280013e-05
