0.0004271418255895944
0.0003997099097611032
0.0003949485231094219
0.00039310096629291224
0.00039228071122141917
0.000386321459295307
0.0003668785558460868
0.0003267305039686431
0.00029098323705881304
0.0002627647740610804
0.0002566665330663255
0.00024945121090427796
0.00024119070827173495
0.00023337268562407946
0.0002265463898703206
0.0002251446139803386
0.00021903361158176596
0.00021215133441188433
0.00021132747228394427
0.00021030125118507454
0.00020969761180149063
0.00020894093647746335
0.00020842649508267492
0.00020803479899196868
0.00020786196714636234
0.00020661536366291174
0.00020635571313538885
0.00020631587510115172
0.0002062775054343958
0.0002059666268166306
0.00020564020431606221
0.00020194374385675443
0.00019783709792799739
0.0001973306914904324
0.000160726738366412
0.00015907874252865585
0.0001547678219905285
0.0001529830170372365
0.0001390532198986578
0.00013536045505636022
0.00013404558887332947
0.00012654008498332237
0.0001248981950625311
0.0001225579293726221
0.0001208088261356332
0.00011649277606979654
0.00011616613324684929
0.00011556083316124502
0.00011483144727816409
0.00011466987277746939
0.00011326080215010523
0.00011316877795109375
0.00011287276341406695
0.00011132092324484198
0.00011077582665071391
0.00010966515090009724
0.00010956822322297573
9.937431786336862e-05
9.398649506732747e-05
9.370311360193493e-05
9.143791829283866e-05
9.030251997730507e-05
9.019699252020928e-05
9.0135332604281e-05
8.912630127181491e-05
6.491437124256586e-05
6.40148516978321e-05
6.388547370941817e-05
6.38276298733962e-05
6.377986251551038e-05
6.360345567269597e-05
6.355442443271985e-05
6.350257484790238e-05
6.345538530088546e-05
6.345011161512622e-05
6.341173404783932e-05
6.328250555602353e-05
6.32393623615937e-05
5.695690169159941e-05
5.695179386271953e-05
5.60123724787198e-05
5.5981342509581805e-05
5.5959262304289384e-05
5.5941147609803285e-05
5.593161276949148e-05
5.593161276949148e-05
5.58024801917345e-05
5.5515955149191984e-05
5.550456169513404e-05
5.550226077121129e-05
5.550218334258708e-05
5.5498952906682004e-05
5.5498952906682004e-05
5.5498952906682004e-05
5.547340731919442e-05
5.547340731919442e-05
5.547340731919442e-05
5.547340731919442e-05
5.547340731919442e-05
5.547340731919442e-05
5.547340731919442e-05
5.547340731919442e-05
5.547340731919442e-05
5.547340731919442e-05
5.547340731919442e-05
5.547340731919442e-05
5.547340731919442e-05
5.547340731919442e-05
5.547340731919442e-05
5.547340731919442e-05
5.547340731919442e-05
5.547340731919442e-05
5.547340731919442e-05
5.547340731919442e-05
5.547340731919442e-05
5.547340731919442e-05
5.547340731919442e-05
5.547340731919442e-05
5.547340731919442e-05
5.547340731919442e-05
5.547340731919442e-05
5.547340731919442e-05
5.547340731919442e-05
5.547340731919442e-05
5.547340731919442e-05
5.547340731919442e-05
5.547340731919442e-05
5.547340731919442e-05
5.547340731919442e-05
5.547340731919442e-05
5.547340731919442e-05
5.547340731919442e-05
5.547340731919442e-05
5.547340731919442e-05
5.547340731919442e-05
5.547340731919442e-05
5.547340731919442e-05
5.547340731919442e-05
5.547340731919442e-05
5.547340731919442e-05
5.547340731919442e-05
5.547340731919442e-05
5.547340731919442e-05
5.547340731919442e-05
5.547340731919442e-05
5.547340731919442e-05
5.547340731919442e-05
5.547340731919442e-05
5.547340731919442e-05
5.547340731919442e-05
5.547340731919442e-05
5.547340731919442e-05
5.547340731919442e-05
5.547340731919442e-05
5.547340731919442e-05
5.547340731919442e-05
5.547340731919442e-05
5.547340731919442e-05
5.547340731919442e-05
5.547340731919442e-05
5.547340731919442e-05
5.547340731919442e-05
5.547340731919442e-05
5.547340731919442e-05
5.547340731919442e-05
5.547340731919442e-05
5.547340731919442e-05
5.547340731919442e-05
5.547340731919442e-05
5.547340731919442e-05
5.547340731919442e-05
5.547340731919442e-05
5.547340731919442e-05
5.547340731919442e-05
5.547340731919442e-05
5.547340731919442e-05
5.547340731919442e-05
5.547340731919442e-05
5.547340731919442e-05
5.547340731919442e-05
5.547340731919442e-05
5.547340731919442e-05
5.547340731919442e-05
5.547340731919442e-05
5.547340731919442e-05
5.547340731919442e-05
5.547340731919442e-05
5.547340731919442e-05
5.547340731919442e-05
5.547340731919442e-05
5.547340731919442e-05
5.547340731919442e-05
5.547340731919442e-05
5.547340731919442e-05
5.547340731919442e-05
5.547340731919442e-05
5.547340731919442e-05
5.547340731919442e-05
5.547340731919442e-05
5.547340731919442e-05
5.547340731919442e-05
5.547340731919442e-05
5.547340731919442e-05
5.547340731919442e-05
5.547340731919442e-05
5.547340731919442e-05
5.547340731919442e-05
5.547340731919442e-05
5.547340731919442e-05
5.547340731919442e-05
5.547340731919442e-05
5.547340731919442e-05
5.547340731919442e-05
5.547340731919442e-05
5.547340731919442e-05
5.547340731919442e-05
5.547340731919442e-05
5.547340731919442e-05
5.547340731919442e-05
5.547340731919442e-05
5.547340731919442e-05
5.547340731919442e-05
5.547340731919442e-05
5.547340731919442e-05
5.547340731919442e-05
5.547340731919442e-05
5.547340731919442e-05
5.547340731919442e-05
5.547340731919442e-05
5.547340731919442e-05
5.547340731919442e-05
5.547340731919442e-05
5.547340731919442e-05
5.547340731919442e-05
5.547340731919442e-05
5.547340731919442e-05
5.547340731919442e-05
5.547340731919442e-05
5.547340731919442e-05
5.547340731919442e-05
5.547340731919442e-05
5.547340731919442e-05
5.547340731919442e-05
5.547340731919442e-05
5.547340731919442e-05
