0.0003953500746650773
0.0003928476836509761
0.0003911492221564859
0.00038905315691646587
0.00034023781311996005
0.0003328757691199523
0.0003223480119192506
0.00032061186158842257
0.00031911484318806696
0.0003175795765729334
0.0003173962900810905
0.00031073367416836815
0.00025616388719227565
0.0002080922285244546
0.00020408291252435576
0.00020313959531580102
0.0001999746294366749
0.00019895958271584367
0.000197281491866478
0.000157675094855103
0.00015705968613425326
0.00015113272781447647
0.00015081798878004875
0.00014284194465364632
0.00014255252134977428
0.0001422917748717023
0.00013972755899847752
0.0001380292938724048
0.00013775640503511954
0.00013734008103786973
0.00013552276279767486
0.00013287037230126061
0.00013267378688756908
0.00012077214852998913
0.00012057220021039184
0.00012043720700418183
0.00011785680497720256
0.00011774394313839526
0.00011681557266044603
0.00011578745263568292
0.0001149111488695823
0.00011436936534712967
0.00011295928519342362
0.00011106269621186111
0.00011102205493270965
0.00010969357546199459
9.887415669594177e-05
9.852378558570926e-05
9.615310521624083e-05
9.61325807039312e-05
9.310623465736186e-05
9.023299704223912e-05
8.95496587302637e-05
8.894096064735544e-05
8.883415684122325e-05
6.45517520833809e-05
6.402426762885167e-05
6.39694222492082e-05
6.381106375309169e-05
6.373146608826696e-05
6.35780826688391e-05
6.200781352852176e-05
6.139190765545585e-05
5.751221521968802e-05
5.741216639355711e-05
5.736205111578413e-05
5.643953300105228e-05
5.633524460912062e-05
5.5931533542055186e-05
5.591851659499515e-05
5.589363371385342e-05
5.5861146657139164e-05
5.5828361372954437e-05
5.582295100870764e-05
5.581663674823374e-05
5.57943338006944e-05
5.5764406547400335e-05
5.575138859112179e-05
5.575138859112179e-05
5.5730655880236024e-05
5.5730655880236024e-05
5.5729575475831276e-05
5.5720431116780094e-05
5.570532813827383e-05
5.569447939757631e-05
5.569223901036321e-05
5.567674662717197e-05
5.567674662717197e-05
5.564250470883036e-05
5.564250470883036e-05
5.564250470883036e-05
5.564250470883036e-05
5.564188352409779e-05
5.564188352409779e-05
5.564188352409779e-05
5.563973291559475e-05
5.563973291559475e-05
5.563973291559475e-05
5.563973291559475e-05
5.563973291559475e-05
5.563973291559475e-05
5.563973291559475e-05
5.563973291559475e-05
5.563973291559475e-05
5.563973291559475e-05
5.563973291559475e-05
5.563973291559475e-05
5.563973291559475e-05
5.5639701794237944e-05
5.5639701794237944e-05
5.5639701794237944e-05
5.5639701794237944e-05
5.5639701794237944e-05
5.5639701794237944e-05
5.5639701794237944e-05
5.5639701794237944e-05
5.5639701794237944e-05
5.5639701794237944e-05
5.5639701794237944e-05
5.5639701794237944e-05
5.5639701794237944e-05
5.5639701794237944e-05
5.5639701794237944e-05
5.5639701794237944e-05
5.563772044766956e-05
5.563772044766956e-05
5.563772044766956e-05
5.563772044766956e-05
5.563772044766956e-05
5.563772044766956e-05
5.563772044766956e-05
5.563772044766956e-05
5.563772044766956e-05
5.563772044766956e-05
5.563772044766956e-05
5.563772044766956e-05
5.563772044766956e-05
5.563772044766956e-05
5.563607870669296e-05
5.563607870669296e-05
5.563607870669296e-05
5.563607870669296e-05
5.563607870669296e-05
5.563607870669296e-05
5.563607870669296e-05
5.563607870669296e-05
5.563607870669296e-05
5.563607870669296e-05
5.563607870669296e-05
5.563516860504706e-05
5.563516860504706e-05
5.5617547500125416e-05
5.561660341007548e-05
5.561660341007548e-05
5.561660341007548e-05
5.561660341007548e-05
5.5569145747094335e-05
5.5569145747094335e-05
5.5569145747094335e-05
5.5569145747094335e-05
5.55411687678088e-05
5.55411687678088e-05
5.552492534336871e-05
5.551902742847595e-05
5.551902742847595e-05
5.551902742847595e-05
5.551902742847595e-05
5.547668036901424e-05
5.5474938094391655e-05
5.547079657187955e-05
5.545086038188449e-05
5.545086038188449e-05
5.545086038188449e-05
5.545086038188449e-05
5.545086038188449e-05
5.545086038188449e-05
5.545086038188449e-05
5.545086038188449e-05
5.545086038188449e-05
5.545086038188449e-05
5.545086038188449e-05
5.545086038188449e-05
5.544113323280013e-05
5.544113323280013e-05
5.544113323280013e-05
5.544113323280013e-05
5.544113323280013e-05
5.544113323280013e-05
5.544113323280013e-05
5.544113323280013e-05
5.544113323280013e-05
5.544113323280013e-05
5.544113323280013e-05
5.544113323280013e-05
5.544113323280013e-05
5.544113323280013e-05
5.544113323280013e-05
5.544113323280013e-05
5.544113323280013e-05
5.544113323280013e-05
5.544113323280013e-05
5.544113323280013e-05
5.544113323280013e-05
5.544113323280013e-05
5.544113323280013e-05
5.544113323280013e-05
5.544113323280013e-05
5.544113323280013e-05
5.544113323280013e-05
5.544113323280013e-05
5.544113323280013e-05
5.544113323280013e-05
5.544113323280013e-05
5.544113323280013e-05
5.544113323280013e-05
5.544113323280013e-05
5.544113323280013e-05
5.544113323280013e-05
5.544113323280013e-05
5.544113323280013e-05
5.544113323280013e-05
5.544113323280013e-05
5.544113323280013e-05
5.544113323280013e-05
5.544113323280013e-05
5.544113323280013e-05
5.544113323280013e-05
5.544113323280013e-05
5.544113323280013e-05
5.544113323280013e-05
5.544113323280013e-05
5.544113323280013e-05
5.544113323280013e-05
5.544113323280013e-05
5.544113323280013e-05
5.544113323280013e-05
5.544113323280013e-05
5.544113323280013e-05
5.544113323280013e-05
5.544113323280013e-05
5.544113323280013e-05
5.544113323280013e-05
5.544113323280013e-05
5.544113323280013e-05
5.544113323280013e-05
5.544113323280013e-05
5.544113323280013e-05
5.544113323280013e-05
5.544113323280013e-05
5.544113323280013e-05
5.544113323280013e-05
5.544113323280013e-05
5.544113323280013e-05
5.544113323280013e-05
5.544113323280013e-05
5.544113323280013e-05
5.544113323280013e-05
5.544113323280013e-05
5.544113323280013e-05
5.544113323280013e-05
5.544113323280013e-05
5.544113323280013e-05
5.544113323280013e-05
5.544113323280013e-05
5.544113323280013e-05
5.544113323280013e-05
5.544113323280013e-05
5.544113323280013e-05
5.544113323280013e-05
5.544113323280013e-05
5.544113323280013e-05
5.544113323280013e-05
5.544113323280013e-05
5.544113323280013e-05
5.544113323280013e-05
5.544113323280013e-05
5.544113323280013e-05
5.544113323280013e-05
5.544113323280013e-05
5.544113323280013e-05
5.544113323280013e-05
5.544113323280013e-05
5.544113323280013e-05
5.544113323280013e-05
5.544113323280013e-05
5.544113323280013e-05
5.544113323280013e-05
5.544113323280013e-05
5.544113323280013e-05
5.544113323280013e-05
5.544113323280013e-05
5.544113323280013e-05
5.544113323280013e-05
5.544113323280013e-05
5.544113323280013e-05
5.544113323280013e-05
5.544113323280013e-05
5.544113323280013e-05
5.544113323280013e-05
5.544113323280013e-05
5.544113323280013e-05
5.544113323280013e-05
5.544113323280013e-05
5.544113323280013e-05
5.544113323280013e-05
5.544113323280013e-05
5.544113323280013e-05
5.544113323280013e-05
5.544113323280013e-05
5.544113323280013e-05
5.544113323280013e-05
5.544113323280013e-05
5.544113323280013e-05
5.544113323280013e-05
5.544113323280013e-05
5.544113323280013e-05
5.544113323280013e-05
5.544113323280013e-05
5.544113323280013e-05
5.544113323280013e-05
5.544113323280013e-05
5.544113323280013e-05
5.544113323280013e-05
5.544113323280013e-05
5.544113323280013e-05
5.544113323280013e-05
5.544113323280013e-05
5.544113323280013e-05
5.544113323280013e-05
5.544113323280013e-05
5.544113323280013e-05
5.544113323280013e-05
5.544113323280013e-05
