0.00044868940504504877
0.00040953591852360905
0.0004028528490055223
0.0003962992901648974
0.00039295903879574674
0.00039072016326597
0.00038870500473283726
0.00038675432634991774
0.0003854688981047081
0.0003848281671314362
0.00038464044460198414
0.00037741000248234176
0.00036635656055192365
0.0003578882960312997
0.0003512547595026865
0.00033037687463062396
0.00032063899524892775
0.000295288211505327
0.0002225568480181797
0.0002168572822419086
0.0001607083200044265
0.0001557527205589198
0.00015383118071203477
0.0001521753550100048
0.00015143670440046406
0.00015111591198816934
0.00015085957563705214
0.00015069106480306816
0.00015053510152590501
0.00015041551221020244
0.00015012136881996805
0.00015006179886361027
0.0001499213611792646
0.00014986049861509266
0.0001497622139424905
0.00014595733203416226
0.00014273782020510345
0.0001399808496491227
0.00013815210553502896
0.00013496459831014658
0.00013448307156762256
0.00013433968705923506
0.00013193773456412407
0.00013182571475161005
0.00013138933212400255
0.00010142718108493771
9.869438355238325e-05
9.850643157873085e-05
9.846262026768401e-05
9.639870061627774e-05
9.343135755144359e-05
9.251328212086756e-05
9.10238782216947e-05
8.915337028491801e-05
8.895848262442988e-05
8.878373784812733e-05
8.861545117006462e-05
6.392096953855687e-05
6.268474435404873e-05
6.199671089737326e-05
6.189135771655247e-05
6.132275973696407e-05
5.734514882533899e-05
5.726315343096784e-05
5.7238483903421534e-05
5.7203527396654954e-05
5.624466714343164e-05
5.623550623967639e-05
5.5753476217488586e-05
5.5727730610314466e-05
5.571928804197016e-05
5.570445775016588e-05
5.570445775016588e-05
5.5677873384404094e-05
5.5664590550799764e-05
5.566416004732594e-05
5.5623212198619074e-05
5.559848512915898e-05
5.559848512915898e-05
5.559114976513773e-05
5.559045337125367e-05
5.558421843361743e-05
5.55830365274615e-05
5.55698841377917e-05
5.55698841377917e-05
5.555336033242461e-05
5.55355814293106e-05
5.55355814293106e-05
5.55355814293106e-05
5.55355814293106e-05
5.55355814293106e-05
5.5533922886916775e-05
5.5523266326626785e-05
5.5523266326626785e-05
5.5523266326626785e-05
5.5523266326626785e-05
5.5523266326626785e-05
5.5523266326626785e-05
5.551916268512948e-05
5.5517810830939626e-05
5.5517810830939626e-05
5.55097073032294e-05
5.549953972261376e-05
5.549483368829439e-05
5.549483368829439e-05
5.54604252360489e-05
5.54604252360489e-05
5.54604252360489e-05
5.54604252360489e-05
5.54604252360489e-05
5.544852477522618e-05
5.544181033709319e-05
5.544181033709319e-05
5.544181033709319e-05
5.544181033709319e-05
5.544181033709319e-05
5.544181033709319e-05
5.544181033709319e-05
5.544181033709319e-05
5.544181033709319e-05
5.544181033709319e-05
5.544181033709319e-05
5.544181033709319e-05
5.544181033709319e-05
5.544181033709319e-05
5.544113323280013e-05
5.544113323280013e-05
5.544113323280013e-05
5.544113323280013e-05
5.544113323280013e-05
5.544113323280013e-05
5.544113323280013e-05
5.544113323280013e-05
5.544113323280013e-05
5.544113323280013e-05
5.544113323280013e-05
5.544113323280013e-05
5.544113323280013e-05
5.544113323280013e-05
5.544113323280013e-05
5.544113323280013e-05
5.544113323280013e-05
5.544113323280013e-05
5.544113323280013e-05
5.544113323280013e-05
5.544113323280013e-05
5.544113323280013e-05
5.544113323280013e-05
5.544113323280013e-05
5.544113323280013e-05
5.544113323280013e-05
5.544113323280013e-05
5.544113323280013e-05
5.544113323280013e-05
5.544113323280013e-05
5.544113323280013e-05
5.544113323280013e-05
5.544113323280013e-05
5.544113323280013e-05
5.544113323280013e-05
5.544113323280013e-05
5.544113323280013e-05
5.544113323280013e-05
5.544113323280013e-05
5.544113323280013e-05
5.544113323280013e-05
5.544113323280013e-05
5.544113323280013e-05
5.544113323280013e-05
5.544113323280013e-05
5.544113323280013e-05
5.544113323280013e-05
5.544113323280013e-05
5.544113323280013e-05
5.544113323280013e-05
5.544113323280013e-05
5.544113323280013e-05
5.544113323280013e-05
5.544113323280013e-05
5.544113323280013e-05
5.544113323280013e-05
5.544113323280013e-05
5.544113323280013e-05
5.544113323280013e-05
5.544113323280013e-05
5.544113323280013e-05
5.544113323280013e-05
5.544113323280013e-05
5.544113323280013e-05
5.544113323280013e-05
5.544113323280013e-05
5.544113323280013e-05
5.544113323280013e-05
5.544113323280013e-05
5.544113323280013e-05
5.544113323280013e-05
5.544113323280013e-05
5.544113323280013e-05
5.544113323280013e-05
5.544113323280013e-05
5.544113323280013e-05
5.544113323280013e-05
5.544113323280013e-05
5.544113323280013e-05
5.544113323280013e-05
5.544113323280013e-05
5.544113323280013e-05
5.544113323280013e-05
5.544113323280013e-05
5.544113323280013e-05
5.544113323280013e-05
5.544113323280013e-05
5.544113323280013e-05
5.544113323280013e-05
5.544113323280013e-05
5.544113323280013e-05
5.544113323280013e-05
5.544113323280013e-05
5.544113323280013e-05
5.544113323280013e-05
5.544113323280013e-05
5.544113323280013e-05
5.544113323280013e-05
5.544113323280013e-05
5.544113323280013e-05
5.544113323280013e-05
5.544113323280013e-05
5.544113323280013e-05
5.544113323280013e-05
5.544113323280013e-05
5.544113323280013e-05
5.544113323280013e-05
5.544113323280013e-05
5.544113323280013e-05
5.544113323280013e-05
5.544113323280013e-05
5.544113323280013e-05
5.544113323280013e-05
5.544113323280013e-05
5.544113323280013e-05
5.544113323280013e-05
5.544113323280013e-05
5.544113323280013e-05
5.544113323280013e-05
5.544113323280013e-05
5.544113323280013e-05
5.544113323280013e-05
5.544113323280013e-05
5.544113323280013e-05
5.544113323280013e-05
5.544113323280013e-05
5.544113323280013e-05
5.544113323280013e-05
5.544113323280013e-05
5.544113323280013e-05
5.544113323280013e-05
5.544113323280013e-05
5.544113323280013e-05
5.544113323280013e-05
5.544113323280013e-05
5.544113323280013e-05
5.544113323280013e-05
5.544113323280013e-05
5.544113323280013e-05
5.544113323280013e-05
5.544113323280013e-05
5.544113323280013e-05
5.544113323280013e-05
5.544113323280013e-05
5.544113323280013e-05
5.544113323280013e-05
5.544113323280013e-05
5.544113323280013e-05
5.544113323280013e-05
5.544113323280013e-05
5.544113323280013e-05
