0.00046051575212361723
0.0004311555558516307
0.00032694127405334477
0.0003048849969772857
0.0002894530103029385
0.00025839724788511727
0.00022494966103820126
0.00021883830131121898
0.00021785378086415454
0.00021674062028463674
0.00020178595844334377
0.00019367358031757798
0.00019263911913983904
0.00019146295419045104
0.00019052705447428943
0.0001855217212473135
0.00017800526221437704
0.00016408296745288114
0.00016138896136428857
0.0001549790004194184
0.00014798793631894163
0.00014727259437560429
0.00014458615991691368
0.00014336286281778783
0.00013997471257353868
0.00013941301675665074
0.0001370197264963011
0.0001349089674682555
0.00013444909292570348
0.00013206606362157239
0.00013181270414604226
0.00013155611907605803
9.900630873833067e-05
9.634768609297927e-05
9.622537023858841e-05
9.290809957892696e-05
9.271702815544531e-05
9.042571587480353e-05
8.99679841877739e-05
6.414872343106392e-05
6.411940452048837e-05
6.386255224632815e-05
6.367300138789005e-05
6.36000835129604e-05
6.354712679306551e-05
6.350504506979788e-05
6.347542047279472e-05
6.344688956379708e-05
6.343057746984616e-05
5.712971006947456e-05
5.71077094590791e-05
5.660552971489603e-05
5.647237952449168e-05
5.625925787381806e-05
5.6148815371646806e-05
5.6131865997576636e-05
5.6115710859508804e-05
5.610432344602093e-05
5.567395473188999e-05
5.566357944402961e-05
5.565165247442804e-05
5.565165247442804e-05
5.565165247442804e-05
5.565165247442804e-05
5.557286148618862e-05
5.557286148618862e-05
5.557286148618862e-05
5.557286148618862e-05
5.557286148618862e-05
5.557286148618862e-05
5.557286148618862e-05
5.557272571845418e-05
5.557272571845418e-05
5.556737299579696e-05
5.556737299579696e-05
5.556737299579696e-05
5.556737299579696e-05
5.556305677534557e-05
5.556305677534557e-05
5.556305677534557e-05
5.556305677534557e-05
5.555902092395323e-05
5.5558834279062784e-05
5.5558834279062784e-05
5.5558834279062784e-05
5.5558834279062784e-05
5.5558834279062784e-05
5.5558834279062784e-05
5.5558834279062784e-05
5.555680827017297e-05
5.5518738062958846e-05
5.5518738062958846e-05
5.5470445760041545e-05
5.5470445760041545e-05
5.5470445760041545e-05
5.5470445760041545e-05
5.5470445760041545e-05
5.5470445760041545e-05
5.5470445760041545e-05
5.5470445760041545e-05
5.5470445760041545e-05
5.5470445760041545e-05
5.5470445760041545e-05
5.5470445760041545e-05
5.5470445760041545e-05
5.5470445760041545e-05
5.5470445760041545e-05
5.5470445760041545e-05
5.5470445760041545e-05
5.5470445760041545e-05
5.5470445760041545e-05
5.5470445760041545e-05
5.5470445760041545e-05
5.5470445760041545e-05
5.5470445760041545e-05
5.5470445760041545e-05
5.5470445760041545e-05
5.5470445760041545e-05
5.5470445760041545e-05
5.5470445760041545e-05
5.5470445760041545e-05
5.5470445760041545e-05
5.5470445760041545e-05
5.5470445760041545e-05
5.5470445760041545e-05
5.5470445760041545e-05
5.5470445760041545e-05
5.5470445760041545e-05
5.5470445760041545e-05
5.5470445760041545e-05
5.5470445760041545e-05
5.5470445760041545e-05
5.5470445760041545e-05
5.5470445760041545e-05
5.5470445760041545e-05
5.5470445760041545e-05
5.5470445760041545e-05
5.5470445760041545e-05
5.5470445760041545e-05
5.5470445760041545e-05
5.5470445760041545e-05
5.5470445760041545e-05
5.5470445760041545e-05
5.5470445760041545e-05
5.5470445760041545e-05
5.5470445760041545e-05
5.5470445760041545e-05
5.5470445760041545e-05
5.5470445760041545e-05
5.5470445760041545e-05
5.5470445760041545e-05
5.5470445760041545e-05
5.5470445760041545e-05
5.5470445760041545e-05
5.5470445760041545e-05
5.5470445760041545e-05
5.5470445760041545e-05
5.5470445760041545e-05
5.5470445760041545e-05
5.5470445760041545e-05
5.5470445760041545e-05
5.5470445760041545e-05
5.5470445760041545e-05
5.5470445760041545e-05
5.5470445760041545e-05
5.5470445760041545e-05
5.5470445760041545e-05
5.5470445760041545e-05
5.5470445760041545e-05
5.5470445760041545e-05
5.5470445760041545e-05
5.5470445760041545e-05
5.5470445760041545e-05
5.5470445760041545e-05
5.5470445760041545e-05
5.5470445760041545e-05
5.5470445760041545e-05
5.5470445760041545e-05
5.5470445760041545e-05
5.5470445760041545e-05
5.5470445760041545e-05
5.5470445760041545e-05
5.5470445760041545e-05
5.5470445760041545e-05
5.5470445760041545e-05
5.5470445760041545e-05
5.5470445760041545e-05
5.5470445760041545e-05
5.5470445760041545e-05
5.5470445760041545e-05
5.5470445760041545e-05
5.5470445760041545e-05
5.5470445760041545e-05
5.5470445760041545e-05
5.5470445760041545e-05
5.5470445760041545e-05
5.5470445760041545e-05
5.5470445760041545e-05
5.5470445760041545e-05
5.5470445760041545e-05
5.5470445760041545e-05
5.5470445760041545e-05
5.5470445760041545e-05
5.5470445760041545e-05
5.5470445760041545e-05
5.5470445760041545e-05
5.5470445760041545e-05
5.5470445760041545e-05
5.5470445760041545e-05
5.5470445760041545e-05
5.5470445760041545e-05
5.5470445760041545e-05
5.5470445760041545e-05
5.5470445760041545e-05
5.5470445760041545e-05
5.5470445760041545e-05
5.5470445760041545e-05
5.5470445760041545e-05
5.5470445760041545e-05
5.5470445760041545e-05
5.5470445760041545e-05
5.5470445760041545e-05
5.5470445760041545e-05
5.5470445760041545e-05
5.5470445760041545e-05
5.5470445760041545e-05
5.5470445760041545e-05
5.5470445760041545e-05
5.5470445760041545e-05
5.5470445760041545e-05
5.5470445760041545e-05
5.5470445760041545e-05
5.5470445760041545e-05
5.5470445760041545e-05
5.5470445760041545e-05
5.5470445760041545e-05
5.5470445760041545e-05
5.5470445760041545e-05
5.5470445760041545e-05
5.5470445760041545e-05
5.5470445760041545e-05
5.5470445760041545e-05
5.5470445760041545e-05
