0.000344967745271876
0.000330715850409418
0.000324282865446884
0.0003133493518678082
0.00031143351841442923
0.00028666606961601666
0.0002677219298100125
0.00025323631696914565
0.0002142000802821128
0.000208320529984748
0.0002016968510471825
0.00019818859057115518
0.00019668263914955752
0.00015767265392733394
0.00015646970995789747
0.00015567949048921493
0.00015511492896363646
0.00015234959132430566
0.00015205358326567786
0.00014107660328818817
0.0001386297950084384
0.00013855997282276805
0.00013830313401451923
0.00013536340545966356
0.00013304992863730293
0.00013283782843559886
0.00013257509757712648
0.0001325507267205209
0.00012136165424173576
0.00012104991233342434
0.00012094316374040952
0.0001208654635839459
0.00012078828218837073
0.00012071900148350925
0.00012053371412157838
0.00012048583320748708
0.00012037830444202873
0.00012035247293494708
0.00011985802756541815
0.00011821240203725615
0.00011799731406802884
0.00011599764260055241
0.00011529711658608614
0.00011471135689327776
0.00011123846533825761
0.00011123636443503223
0.00011007023951995644
0.00010999962820398654
0.00010982777956936497
9.859610302986813e-05
9.854628495790676e-05
9.632321019524641e-05
9.315287822905109e-05
9.221567315752294e-05
9.051576281135489e-05
8.917213099661986e-05
8.885655887207347e-05
8.874639619365852e-05
6.775253358385643e-05
6.41155350582929e-05
6.399964112201475e-05
6.384635222855552e-05
6.381992430346292e-05
6.364637676786587e-05
6.361263005822253e-05
5.804240861251871e-05
5.736436418718688e-05
5.6417678154120396e-05
5.634328721318565e-05
5.58800843146762e-05
5.5807509476873656e-05
5.580321084408447e-05
5.579251385106575e-05
5.576058788921425e-05
5.575782318298802e-05
5.574639236182073e-05
5.574639236182073e-05
5.574639236182073e-05
5.5726909759876565e-05
5.5709084383700214e-05
5.570566471463817e-05
5.570566471463817e-05
5.570566471463817e-05
5.570335900554085e-05
5.569940407248754e-05
5.569940407248754e-05
5.5696728113345634e-05
5.5696728113345634e-05
5.5696728113345634e-05
5.5688140139785585e-05
5.568602139659697e-05
5.568602139659697e-05
5.568602139659697e-05
5.568602139659697e-05
5.568602139659697e-05
5.568602139659697e-05
5.5684295139998166e-05
5.5684295139998166e-05
5.5684295139998166e-05
5.5684295139998166e-05
5.567202892890729e-05
5.567202892890729e-05
5.567202892890729e-05
5.567202892890729e-05
5.5670035915747875e-05
5.5670035915747875e-05
5.5650235254698274e-05
5.564957486616943e-05
5.564957486616943e-05
5.563775092868749e-05
5.563775092868749e-05
5.5630291080635324e-05
5.5630204780482415e-05
5.5630204780482415e-05
5.5630204780482415e-05
5.5630204780482415e-05
5.5630204780482415e-05
5.5630204780482415e-05
5.5630204780482415e-05
5.5630204780482415e-05
5.5630204780482415e-05
5.5630204780482415e-05
5.5630204780482415e-05
5.5630204780482415e-05
5.5630204780482415e-05
5.5630204780482415e-05
5.5630204780482415e-05
5.5630204780482415e-05
5.5630204780482415e-05
5.5630204780482415e-05
5.5630204780482415e-05
5.5630204780482415e-05
5.5630204780482415e-05
5.5630204780482415e-05
5.5630204780482415e-05
5.5630204780482415e-05
5.5630204780482415e-05
5.5630204780482415e-05
5.5630204780482415e-05
5.5630204780482415e-05
5.562046715865158e-05
5.562046715865158e-05
5.562046715865158e-05
5.562046715865158e-05
5.562046715865158e-05
5.562046715865158e-05
5.562046715865158e-05
5.562046715865158e-05
5.562046715865158e-05
5.562046715865158e-05
5.562046715865158e-05
5.562046715865158e-05
5.562046715865158e-05
5.562046715865158e-05
5.562046715865158e-05
5.562046715865158e-05
5.562046715865158e-05
5.562046715865158e-05
5.561824315200394e-05
5.561824315200394e-05
5.5581310544933134e-05
5.5576388149216515e-05
5.551032660399892e-05
5.5470776385223603e-05
5.5470776385223603e-05
5.545727957684172e-05
5.545727957684172e-05
5.545727957684172e-05
5.545727957684172e-05
5.545553477126247e-05
5.545553477126247e-05
5.545553477126247e-05
5.545553477126247e-05
5.545553477126247e-05
5.545553477126247e-05
5.545553477126247e-05
5.545553477126247e-05
5.545553477126247e-05
5.544113323280013e-05
5.544113323280013e-05
5.544113323280013e-05
5.544113323280013e-05
5.544113323280013e-05
5.544113323280013e-05
5.544113323280013e-05
5.544113323280013e-05
5.544113323280013e-05
5.544113323280013e-05
5.544113323280013e-05
5.544113323280013e-05
5.544113323280013e-05
5.544113323280013e-05
5.544113323280013e-05
5.544113323280013e-05
5.544113323280013e-05
5.544113323280013e-05
5.544113323280013e-05
5.544113323280013e-05
5.544113323280013e-05
5.544113323280013e-05
5.544113323280013e-05
5.544113323280013e-05
5.544113323280013e-05
5.544113323280013e-05
5.544113323280013e-05
5.544113323280013e-05
5.544113323280013e-05
5.544113323280013e-05
5.544113323280013e-05
5.544113323280013e-05
5.544113323280013e-05
5.544113323280013e-05
5.544113323280013e-05
5.544113323280013e-05
5.544113323280013e-05
5.544113323280013e-05
5.544113323280013e-05
5.544113323280013e-05
5.544113323280013e-05
5.544113323280013e-05
5.544113323280013e-05
5.544113323280013e-05
5.544113323280013e-05
5.544113323280013e-05
5.544113323280013e-05
5.544113323280013e-05
5.544113323280013e-05
5.544113323280013e-05
5.544113323280013e-05
5.544113323280013e-05
5.544113323280013e-05
5.544113323280013e-05
5.544113323280013e-05
5.544113323280013e-05
5.544113323280013e-05
5.544113323280013e-05
5.544113323280013e-05
5.544113323280013e-05
5.544113323280013e-05
5.544113323280013e-05
5.544113323280013e-05
5.544113323280013e-05
5.544113323280013e-05
5.544113323280013e-05
5.544113323280013e-05
5.544113323280013e-05
5.544113323280013e-05
5.544113323280013e-05
5.544113323280013e-05
5.544113323280013e-05
5.544113323280013e-05
5.544113323280013e-05
5.544113323280013e-05
5.544113323280013e-05
5.544113323280013e-05
5.544113323280013e-05
5.544113323280013e-05
5.544113323280013e-05
5.544113323280013e-05
5.544113323280013e-05
5.544113323280013e-05
5.544113323280013e-05
5.544113323280013e-05
5.544113323280013e-05
5.544113323280013e-05
5.544113323280013e-05
5.544113323280013e-05
5.544113323280013e-05
5.544113323280013e-05
5.544113323280013e-05
5.544113323280013e-05
5.544113323280013e-05
5.544113323280013e-05
5.544113323280013e-05
5.544113323280013e-05
5.544113323280013e-05
5.544113323280013e-05
5.544113323280013e-05
5.544113323280013e-05
5.544113323280013e-05
5.544113323280013e-05
5.544113323280013e-05
5.544113323280013e-05
5.544113323280013e-05
5.544113323280013e-05
5.544113323280013e-05
5.544113323280013e-05
5.544113323280013e-05
5.544113323280013e-05
5.544113323280013e-05
5.544113323280013e-05
5.544113323280013e-05
5.544113323280013e-05
5.544113323280013e-05
5.544113323280013e-05
5.544113323280013e-05
5.544113323280013e-05
5.544113323280013e-05
5.544113323280013e-05
5.544113323280013e-05
5.544113323280013e-05
5.544113323280013e-05
5.544113323280013e-05
5.544113323280013e-05
5.544113323280013e-05
5.544113323280013e-05
5.544113323280013e-05
5.544113323280013e-05
5.544113323280013e-05
5.544113323280013e-05
5.544113323280013e-05
5.544113323280013e-05
5.544113323280013e-05
5.544113323280013e-05
5.544113323280013e-05
5.544113323280013e-05
5.544113323280013e-05
5.544113323280013e-05
5.544113323280013e-05
5.544113323280013e-05
5.544113323280013e-05
5.544113323280013e-05
5.544113323280013e-05
5.544113323280013e-05
5.544113323280013e-05
5.544113323280013e-05
5.544113323280013e-05
5.544113323280013e-05
5.544113323280013e-05
