0.00042737966340731284
0.00041487696449676956
0.00037901573511240467
0.0003484849820192214
0.00033554361466810065
0.0002906557555633932
0.00028068188734556526
0.0002740881358185377
0.0002625858852215274
0.0002572065114029797
0.00022626845998198643
0.0002133829203280266
0.00021119306820956927
0.00020987005645298513
0.00016942077096881831
0.0001578839673257225
0.0001570092071926194
0.0001544200648315424
0.00015376778292359514
0.0001529976369470051
0.00014527687514326193
0.00014286173435882263
0.00013588557729201002
0.0001346092030077622
0.00013397953233809645
0.0001334915159388265
0.00013315302352983276
0.0001215485091037928
0.00012110198963742932
0.00012098821708619874
0.00012083724548981184
0.00012062421579705616
0.00012015864167071412
0.00012015334438207453
0.00011875042414282828
0.00011849586066804296
0.00011835121111010022
0.0001136522172189551
0.00011341147683908099
0.00011333957022722443
0.00011316932821065299
0.00011291849756323197
0.0001110372613437562
0.00011044162988309178
0.00011014734576698254
0.00010977576497812243
0.00010970143031500409
9.878483305715276e-05
9.848827566409415e-05
9.577715703546447e-05
8.985232552562826e-05
8.818020726508804e-05
8.810970641828603e-05
6.381472653006487e-05
5.746657393505384e-05
5.671845660620324e-05
5.644770811238277e-05
5.6214430542917765e-05
5.619046738605986e-05
5.6174986895488204e-05
5.5797065565865245e-05
5.5797065565865245e-05
5.577118489438758e-05
5.575796619041808e-05
5.57125746007361e-05
5.570156466189308e-05
5.5694204303823275e-05
5.568322590024442e-05
5.568110314962309e-05
5.5649125642635546e-05
5.563678850304638e-05
5.562703706319126e-05
5.5624757198127355e-05
5.5624757198127355e-05
5.5624757198127355e-05
5.5621027524216794e-05
5.5621027524216794e-05
5.5621027524216794e-05
5.5621027524216794e-05
5.5621027524216794e-05
5.5621027524216794e-05
5.5621027524216794e-05
5.561498417310521e-05
5.561498417310521e-05
5.561498417310521e-05
5.561498417310521e-05
5.561498417310521e-05
5.561498417310521e-05
5.561498417310521e-05
5.561498417310521e-05
5.561498417310521e-05
5.561498417310521e-05
5.561498417310521e-05
5.561498417310521e-05
5.561498417310521e-05
5.561183448568542e-05
5.561183448568542e-05
5.561036086857113e-05
5.561036086857113e-05
5.561036086857113e-05
5.561036086857113e-05
5.561036086857113e-05
5.561036086857113e-05
5.561036086857113e-05
5.561036086857113e-05
5.561036086857113e-05
5.561036086857113e-05
5.561036086857113e-05
5.561036086857113e-05
5.561036086857113e-05
5.561036086857113e-05
5.561036086857113e-05
5.561036086857113e-05
5.561036086857113e-05
5.561036086857113e-05
5.561036086857113e-05
5.561036086857113e-05
5.561036086857113e-05
5.561036086857113e-05
5.561036086857113e-05
5.5605058156924e-05
5.5605058156924e-05
5.5605058156924e-05
5.5605058156924e-05
5.5605058156924e-05
5.5605058156924e-05
5.558812614658776e-05
5.558812614658776e-05
5.558812614658776e-05
5.558812614658776e-05
5.558812614658776e-05
5.558812614658776e-05
5.558812614658776e-05
5.558812614658776e-05
5.558812614658776e-05
5.558812614658776e-05
5.558812614658776e-05
5.558812614658776e-05
5.558812614658776e-05
5.558812614658776e-05
5.558812614658776e-05
5.558812614658776e-05
5.558812614658776e-05
5.558812614658776e-05
5.558812614658776e-05
5.558812614658776e-05
5.558812614658776e-05
5.558812614658776e-05
5.558812614658776e-05
5.558812614658776e-05
5.558812614658776e-05
5.558812614658776e-05
5.558812614658776e-05
5.558812614658776e-05
5.558812614658776e-05
5.558812614658776e-05
5.558812614658776e-05
5.558812614658776e-05
5.558812614658776e-05
5.558812614658776e-05
5.558812614658776e-05
5.558812614658776e-05
5.558812614658776e-05
5.558812614658776e-05
5.558812614658776e-05
5.558812614658776e-05
5.558812614658776e-05
5.558812614658776e-05
5.558812614658776e-05
5.558812614658776e-05
5.558812614658776e-05
5.558812614658776e-05
5.558812614658776e-05
5.558812614658776e-05
5.558812614658776e-05
5.558812614658776e-05
5.558812614658776e-05
5.558812614658776e-05
5.558812614658776e-05
5.558812614658776e-05
5.558812614658776e-05
5.558812614658776e-05
5.558812614658776e-05
5.558812614658776e-05
5.558734680730231e-05
5.558734680730231e-05
5.558734680730231e-05
5.558734680730231e-05
5.558734680730231e-05
5.558734680730231e-05
5.558734680730231e-05
5.558734680730231e-05
5.558734680730231e-05
5.558734680730231e-05
5.558734680730231e-05
5.558734680730231e-05
5.558734680730231e-05
5.558734680730231e-05
5.558734680730231e-05
5.558734680730231e-05
5.558734680730231e-05
5.558734680730231e-05
5.558734680730231e-05
5.558734680730231e-05
5.558734680730231e-05
5.558734680730231e-05
5.558734680730231e-05
5.558734680730231e-05
5.558734680730231e-05
5.558734680730231e-05
5.558734680730231e-05
5.558734680730231e-05
5.558734680730231e-05
5.558734680730231e-05
5.558734680730231e-05
5.558734680730231e-05
5.558734680730231e-05
5.558734680730231e-05
5.558734680730231e-05
5.558734680730231e-05
5.558734680730231e-05
5.558734680730231e-05
5.558734680730231e-05
5.558734680730231e-05
5.558734680730231e-05
5.558734680730231e-05
5.558734680730231e-05
5.558734680730231e-05
5.558734680730231e-05
5.558734680730231e-05
5.558734680730231e-05
5.558734680730231e-05
5.558734680730231e-05
5.558734680730231e-05
5.558734680730231e-05
5.558734680730231e-05
5.558734680730231e-05
5.558734680730231e-05
5.558734680730231e-05
5.558734680730231e-05
5.558734680730231e-05
5.558734680730231e-05
5.558734680730231e-05
5.558734680730231e-05
5.558734680730231e-05
5.558734680730231e-05
5.558734680730231e-05
5.558734680730231e-05
5.558734680730231e-05
5.558734680730231e-05
5.558734680730231e-05
5.558734680730231e-05
5.558734680730231e-05
5.558734680730231e-05
5.558734680730231e-05
5.558734680730231e-05
5.558734680730231e-05
5.558734680730231e-05
5.558734680730231e-05
5.558734680730231e-05
5.558734680730231e-05
5.558734680730231e-05
5.558734680730231e-05
5.558734680730231e-05
5.558734680730231e-05
5.558734680730231e-05
5.558734680730231e-05
5.558734680730231e-05
5.558734680730231e-05
5.558734680730231e-05
5.558734680730231e-05
5.558734680730231e-05
5.558734680730231e-05
5.558734680730231e-05
5.558734680730231e-05
5.558734680730231e-05
5.558734680730231e-05
5.558734680730231e-05
5.558734680730231e-05
5.558734680730231e-05
5.558734680730231e-05
5.558734680730231e-05
5.558734680730231e-05
5.558734680730231e-05
5.558734680730231e-05
5.558734680730231e-05
5.558734680730231e-05
5.558734680730231e-05
5.558734680730231e-05
5.558734680730231e-05
5.558734680730231e-05
5.558734680730231e-05
5.558734680730231e-05
5.558734680730231e-05
5.558734680730231e-05
5.558734680730231e-05
5.558734680730231e-05
5.558734680730231e-05
5.558734680730231e-05
5.558734680730231e-05
5.558734680730231e-05
5.558734680730231e-05
5.558734680730231e-05
5.558734680730231e-05
5.558734680730231e-05
5.558734680730231e-05
5.558734680730231e-05
5.558734680730231e-05
5.558734680730231e-05
5.558734680730231e-05
5.558734680730231e-05
5.558734680730231e-05
5.558734680730231e-05
5.558734680730231e-05
5.558734680730231e-05
5.558734680730231e-05
5.558734680730231e-05
5.558734680730231e-05
5.558734680730231e-05
5.558734680730231e-05
5.558734680730231e-05
5.558734680730231e-05
5.558734680730231e-05
5.558734680730231e-05
5.558734680730231e-05
5.558734680730231e-05
5.558734680730231e-05
5.558734680730231e-05
5.558734680730231e-05
5.558734680730231e-05
5.558734680730231e-05
5.558734680730231e-05
5.558734680730231e-05
5.558734680730231e-05
5.558734680730231e-05
