0.00046098191255155484
0.00044823390898075165
0.0004056804308147027
0.0003903598231704885
0.0003783816615384098
0.0003627695797113602
0.00032036526832972587
0.0003145986196352424
0.00030516856161802306
0.00029355888634313617
0.00027941089753800665
0.0002695497333470307
0.00025909773075526296
0.00025151406018666174
0.00024959560247901023
0.00024398850306261202
0.00021000799503002906
0.00020950526664884113
0.000208731437643621
0.00020821909930263786
0.0002044383153043124
0.00020003207471538394
0.00019926491204029428
0.0001629299759653326
0.0001607204178816417
0.0001574716515993827
0.00014088138077034162
0.00013977233029744624
0.00013857618991980697
0.0001337483019673824
0.00013351071413622792
0.00013282758587282998
0.0001215452391934815
9.978426833450744e-05
9.928124642563161e-05
9.65253962978739e-05
9.074824446137415e-05
9.063862501437722e-05
8.9145292386013e-05
6.441651404863245e-05
6.423001450901138e-05
6.413332929324446e-05
6.400734213305932e-05
6.392347507260062e-05
5.785021167756595e-05
5.7616840275877604e-05
5.664707496171735e-05
5.6567605447586545e-05
5.6159049912366085e-05
5.605952634423397e-05
5.599746616612962e-05
5.598151713316526e-05
5.595128270130054e-05
5.5920582347207274e-05
5.588933943498051e-05
5.5836884977063594e-05
5.5836884977063594e-05
5.582647399743053e-05
5.582647399743053e-05
5.582426207905553e-05
5.5815702146124236e-05
5.581300170135698e-05
5.579997653195072e-05
5.579812673164141e-05
5.5795719083066506e-05
5.5795719083066506e-05
5.578265861594569e-05
5.576560198583449e-05
5.576560198583449e-05
5.5754079324315815e-05
5.5754079324315815e-05
5.574208086839805e-05
5.5720135927201476e-05
5.5717750997454174e-05
5.568650524282117e-05
5.56855882127833e-05
5.5685068948262985e-05
5.56787532553249e-05
5.56787532553249e-05
5.564640003563342e-05
5.564640003563342e-05
5.564640003563342e-05
5.564640003563342e-05
5.563164118528398e-05
5.561969644674871e-05
5.561969644674871e-05
5.561874963490147e-05
5.561874963490147e-05
5.561874963490147e-05
5.561874963490147e-05
5.5584688796960714e-05
5.558239801293706e-05
5.55547396198389e-05
5.55440773738605e-05
5.552707367322328e-05
5.548936377715129e-05
5.548936377715129e-05
5.548936377715129e-05
5.548936377715129e-05
5.548936377715129e-05
5.548297980658555e-05
5.548104812992475e-05
5.547515510697512e-05
5.54700673937951e-05
5.54700673937951e-05
5.5469556133384536e-05
5.5469556133384536e-05
5.5469556133384536e-05
5.5469556133384536e-05
5.5469556133384536e-05
5.5469556133384536e-05
5.5469556133384536e-05
5.5469556133384536e-05
5.545972777705962e-05
5.545972777705962e-05
5.545972777705962e-05
5.545972777705962e-05
5.545972777705962e-05
5.545972777705962e-05
5.545972777705962e-05
5.545972777705962e-05
5.545972777705962e-05
5.545972777705962e-05
5.545972777705962e-05
5.545290496509147e-05
5.545290496509147e-05
5.545290496509147e-05
5.545290496509147e-05
5.545290496509147e-05
5.545290496509147e-05
5.545290496509147e-05
5.545290496509147e-05
5.545290496509147e-05
5.545290496509147e-05
5.545290496509147e-05
5.545290496509147e-05
5.545290496509147e-05
5.545290496509147e-05
5.545290496509147e-05
5.545290496509147e-05
5.545290496509147e-05
5.544689379881153e-05
5.544689379881153e-05
5.544689379881153e-05
5.544689379881153e-05
5.544689379881153e-05
5.544689379881153e-05
5.544689379881153e-05
5.544689379881153e-05
5.544689379881153e-05
5.544181033709319e-05
5.544181033709319e-05
5.544181033709319e-05
5.544181033709319e-05
5.544181033709319e-05
5.544181033709319e-05
5.544181033709319e-05
5.544181033709319e-05
5.544181033709319e-05
5.544181033709319e-05
5.544181033709319e-05
5.544181033709319e-05
5.544181033709319e-05
5.544181033709319e-05
5.544181033709319e-05
5.544181033709319e-05
5.544181033709319e-05
5.544181033709319e-05
5.544181033709319e-05
5.544181033709319e-05
5.544181033709319e-05
5.544181033709319e-05
5.544181033709319e-05
5.544181033709319e-05
5.544181033709319e-05
5.544181033709319e-05
5.544181033709319e-05
5.544181033709319e-05
5.544181033709319e-05
5.544181033709319e-05
5.544181033709319e-05
5.544181033709319e-05
5.544181033709319e-05
5.544181033709319e-05
5.544181033709319e-05
5.544181033709319e-05
5.544181033709319e-05
5.544181033709319e-05
5.544113323280013e-05
5.544113323280013e-05
5.544113323280013e-05
5.544113323280013e-05
5.544113323280013e-05
5.544113323280013e-05
5.544113323280013e-05
5.544113323280013e-05
5.544113323280013e-05
5.544113323280013e-05
5.544113323280013e-05
5.544113323280013e-05
5.544113323280013e-05
5.544113323280013e-05
5.544113323280013e-05
5.544113323280013e-05
5.544113323280013e-05
5.544113323280013e-05
5.544113323280013e-05
5.544113323280013e-05
5.544113323280013e-05
5.544113323280013e-05
5.544113323280013e-05
5.544113323280013e-05
5.544113323280013e-05
5.544113323280013e-05
5.544113323280013e-05
5.544113323280013e-05
5.544113323280013e-05
5.544113323280013e-05
5.544113323280013e-05
5.544113323280013e-05
5.544113323280013e-05
5.544113323280013e-05
5.544113323280013e-05
5.544113323280013e-05
5.544113323280013e-05
5.544113323280013e-05
5.544113323280013e-05
5.544113323280013e-05
5.544113323280013e-05
5.544113323280013e-05
5.544113323280013e-05
5.544113323280013e-05
5.544113323280013e-05
5.544113323280013e-05
5.544113323280013e-05
5.544113323280013e-05
5.544113323280013e-05
5.544113323280013e-05
5.544113323280013e-05
5.544113323280013e-05
5.544113323280013e-05
5.544113323280013e-05
5.544113323280013e-05
5.544113323280013e-05
5.544113323280013e-05
5.544113323280013e-05
5.544113323280013e-05
5.544113323280013e-05
5.544113323280013e-05
5.544113323280013e-05
5.544113323280013e-05
5.544113323280013e-05
5.544113323280013e-05
5.544113323280013e-05
5.544113323280013e-05
5.544113323280013e-05
5.544113323280013e-05
5.544113323280013e-05
5.544113323280013e-05
5.544113323280013e-05
5.544113323280013e-05
5.544113323280013e-05
5.544113323280013e-05
5.544113323280013e-05
5.544113323280013e-05
5.544113323280013e-05
5.544113323280013e-05
5.544113323280013e-05
5.544113323280013e-05
5.544113323280013e-05
5.544113323280013e-05
5.544113323280013e-05
5.544113323280013e-05
5.544113323280013e-05
5.544113323280013e-05
5.544113323280013e-05
5.544113323280013e-05
5.544113323280013e-05
5.544113323280013e-05
5.544113323280013e-05
5.544113323280013e-05
5.544113323280013e-05
5.544113323280013e-05
5.544113323280013e-05
5.544113323280013e-05
5.544113323280013e-05
5.544113323280013e-05
5.544113323280013e-05
5.544113323280013e-05
5.544113323280013e-05
5.544113323280013e-05
5.544113323280013e-05
5.544113323280013e-05
5.544113323280013e-05
5.544113323280013e-05
5.544113323280013e-05
5.544113323280013e-05
5.544113323280013e-05
5.544113323280013e-05
5.544113323280013e-05
5.544113323280013e-05
5.544113323280013e-05
5.544113323280013e-05
5.544113323280013e-05
5.544113323280013e-05
5.544113323280013e-05
5.544113323280013e-05
5.544113323280013e-05
5.544113323280013e-05
5.544113323280013e-05
5.544113323280013e-05
5.544113323280013e-05
5.544113323280013e-05
5.544113323280013e-05
5.544113323280013e-05
5.544113323280013e-05
5.544113323280013e-05
5.544113323280013e-05
5.544113323280013e-05
5.544113323280013e-05
5.544113323280013e-05
5.544113323280013e-05
5.544113323280013e-05
5.544113323280013e-05
5.544113323280013e-05
5.544113323280013e-05
5.544113323280013e-05
5.544113323280013e-05
5.544113323280013e-05
5.544113323280013e-05
5.544113323280013e-05
5.544113323280013e-05
5.544113323280013e-05
5.544113323280013e-05
5.544113323280013e-05
5.544113323280013e-05
5.544113323280013e-05
5.544113323280013e-05
5.544113323280013e-05
