0.00039979970111822305
0.00034169623508773715
0.0003223356810130869
0.00031363736470121657
0.00028518617509200284
0.00027665136016538915
0.00026581461974962034
0.00026261351609382374
0.00025719381167101834
0.0002498883542660827
0.00024077463456806695
0.00021272991906761624
0.00020967444662177025
0.00020931683750018202
0.00020842444088716363
0.00019351209547981162
0.00019318019570650912
0.00015256925130263207
0.0001523856264880133
0.00015211670786873682
0.0001445036462754969
0.00014118358459973366
0.000139115168824993
0.00013626073260808514
0.00013387458779769428
0.00013356356556784886
0.00013067295057737959
0.00013012905927023858
0.0001293130004578174
0.00011095561133429145
9.975359112691523e-05
9.94460370661952e-05
9.686604984691345e-05
9.379929108004584e-05
9.318953663941848e-05
9.167494390510791e-05
9.107897474869636e-05
8.93643564023615e-05
6.466498440622002e-05
6.44578696151324e-05
6.42761992428004e-05
6.421977908966736e-05
6.415656807750394e-05
6.235624147762865e-05
6.170891594739651e-05
6.154911270798169e-05
6.152280825725194e-05
5.8029080244873134e-05
5.752557113489658e-05
5.741172658488873e-05
5.641783260886412e-05
5.63806006785099e-05
5.5971207826500296e-05
5.591935186757626e-05
5.589517017888435e-05
5.5867884970884116e-05
5.5866800835290237e-05
5.579262602147263e-05
5.578789521378942e-05
5.577600776763342e-05
5.577600776763342e-05
5.5773685065914406e-05
5.5749087133430135e-05
5.574694278035936e-05
5.574694278035936e-05
5.574694278035936e-05
5.5720301654591336e-05
5.571260085844157e-05
5.5711683177846986e-05
5.5711683177846986e-05
5.568998556727489e-05
5.568366448647836e-05
5.568211376944063e-05
5.568211376944063e-05
5.567513437456474e-05
5.567394173448375e-05
5.567394173448375e-05
5.566853450896608e-05
5.566853450896608e-05
5.566853450896608e-05
5.566853450896608e-05
5.566853450896608e-05
5.566853450896608e-05
5.566853450896608e-05
5.566350279429556e-05
5.565757792459129e-05
5.565757792459129e-05
5.565068857719434e-05
5.565068857719434e-05
5.560754004483456e-05
5.554052187128482e-05
5.55321522732282e-05
5.5508421448164844e-05
5.549528330775194e-05
5.548083312808695e-05
5.547890127499726e-05
5.547890127499726e-05
5.547669193396552e-05
5.545675800373028e-05
5.545675800373028e-05
5.545675800373028e-05
5.545675800373028e-05
5.545675800373028e-05
5.545675800373028e-05
5.545675800373028e-05
5.545675800373028e-05
5.545675800373028e-05
5.545675800373028e-05
5.545675800373028e-05
5.545675800373028e-05
5.545675800373028e-05
5.545675800373028e-05
5.5445764080069244e-05
5.5445764080069244e-05
5.5445764080069244e-05
5.5445764080069244e-05
5.5445764080069244e-05
5.5445764080069244e-05
5.5445764080069244e-05
5.5445764080069244e-05
5.5445764080069244e-05
5.5445764080069244e-05
5.5445764080069244e-05
5.5445764080069244e-05
5.5445764080069244e-05
5.5445764080069244e-05
5.5445764080069244e-05
5.5445764080069244e-05
5.5445764080069244e-05
5.5445764080069244e-05
5.5445764080069244e-05
5.5445764080069244e-05
5.5445764080069244e-05
5.5445764080069244e-05
5.5445764080069244e-05
5.5445764080069244e-05
5.544181033709319e-05
5.544181033709319e-05
5.544181033709319e-05
5.544113323280013e-05
5.544113323280013e-05
5.544113323280013e-05
5.544113323280013e-05
5.544113323280013e-05
5.544113323280013e-05
5.544113323280013e-05
5.544113323280013e-05
5.544113323280013e-05
5.544113323280013e-05
5.544113323280013e-05
5.544113323280013e-05
5.544113323280013e-05
5.544113323280013e-05
5.544113323280013e-05
5.544113323280013e-05
5.544113323280013e-05
5.544113323280013e-05
5.544113323280013e-05
5.544113323280013e-05
5.544113323280013e-05
5.544113323280013e-05
5.544113323280013e-05
5.544113323280013e-05
5.544113323280013e-05
5.544113323280013e-05
5.544113323280013e-05
5.544113323280013e-05
5.544113323280013e-05
5.544113323280013e-05
5.544113323280013e-05
5.544113323280013e-05
5.544113323280013e-05
5.544113323280013e-05
5.544113323280013e-05
5.544113323280013e-05
5.544113323280013e-05
5.544113323280013e-05
5.544113323280013e-05
5.544113323280013e-05
5.544113323280013e-05
5.544113323280013e-05
5.544113323280013e-05
5.544113323280013e-05
5.544113323280013e-05
5.544113323280013e-05
5.544113323280013e-05
5.544113323280013e-05
5.544113323280013e-05
5.544113323280013e-05
5.544113323280013e-05
5.544113323280013e-05
5.544113323280013e-05
5.544113323280013e-05
5.544113323280013e-05
5.544113323280013e-05
5.544113323280013e-05
5.544113323280013e-05
5.544113323280013e-05
5.544113323280013e-05
5.544113323280013e-05
5.544113323280013e-05
5.544113323280013e-05
5.544113323280013e-05
5.544113323280013e-05
5.544113323280013e-05
5.544113323280013e-05
5.544113323280013e-05
5.544113323280013e-05
5.544113323280013e-05
5.544113323280013e-05
5.544113323280013e-05
5.544113323280013e-05
5.544113323280013e-05
5.544113323280013e-05
5.544113323280013e-05
5.544113323280013e-05
5.544113323280013e-05
5.544113323280013e-05
5.544113323280013e-05
5.544113323280013e-05
5.544113323280013e-05
5.544113323280013e-05
5.544113323280013e-05
5.544113323280013e-05
5.544113323280013e-05
5.544113323280013e-05
5.544113323280013e-05
5.544113323280013e-05
5.544113323280013e-05
5.544113323280013e-05
5.544113323280013e-05
5.544113323280013e-05
5.544113323280013e-05
5.544113323280013e-05
5.544113323280013e-05
5.544113323280013e-05
5.544113323280013e-05
5.544113323280013e-05
5.544113323280013e-05
5.544113323280013e-05
5.544113323280013e-05
5.544113323280013e-05
5.544113323280013e-05
5.544113323280013e-05
5.544113323280013e-05
5.544113323280013e-05
5.544113323280013e-05
5.544113323280013e-05
5.544113323280013e-05
5.544113323280013e-05
5.544113323280013e-05
5.544113323280013e-05
5.544113323280013e-05
5.544113323280013e-05
5.544113323280013e-05
5.544113323280013e-05
5.544113323280013e-05
5.544113323280013e-05
5.544113323280013e-05
5.544113323280013e-05
5.544113323280013e-05
5.544113323280013e-05
5.544113323280013e-05
5.544113323280013e-05
5.544113323280013e-05
5.544113323280013e-05
5.544113323280013e-05
5.544113323280013e-05
5.544113323280013e-05
5.544113323280013e-05
5.544113323280013e-05
5.544113323280013e-05
5.544113323280013e-05
5.544113323280013e-05
5.544113323280013e-05
5.544113323280013e-05
5.544113323280013e-05
5.544113323280013e-05
5.544113323280013e-05
5.544113323280013e-05
5.544113323280013e-05
5.544113323280013e-05
5.544113323280013e-05
5.544113323280013e-05
5.544113323280013e-05
5.544113323280013e-05
5.544113323280013e-05
5.544113323280013e-05
5.544113323280013e-05
5.544113323280013e-05
