0.0003506342367124416
0.0003415579863044855
0.0003252475444442483
0.00030579316350422167
0.00028921279321652264
0.00022120156903448912
0.00021445239434221607
0.0002112839503822611
0.00020967519894677714
0.00020894225938384114
0.00016785898082558075
0.000162320593561679
0.00016207163212235946
0.0001615155257337037
0.00015844591370534034
0.0001519320913072365
0.0001510966047146511
0.00015055164551727284
0.000150012742634528
0.00014538601363486752
0.00014522634680158718
0.00014177113452478097
0.0001386584913311248
0.00013851229509156122
0.00013843545511151194
0.0001367237330396247
0.00013621877118320255
0.00013098805732146118
0.00013098073604919368
9.832492050004911e-05
9.58115465736727e-05
9.102145309451871e-05
9.068111111616685e-05
6.405321959560817e-05
6.393734878427117e-05
6.372199653285997e-05
6.349917785225618e-05
5.766700016185771e-05
5.62484415223528e-05
5.622622397302014e-05
5.6075644845121156e-05
5.607082957872396e-05
5.598924007010501e-05
5.594039767834896e-05
5.592960135840921e-05
5.57818603170575e-05
5.574069519230123e-05
5.571678636898334e-05
5.571678636898334e-05
5.570115325272247e-05
5.568892173968126e-05
5.565916534146455e-05
5.5658158169303394e-05
5.5658084357618155e-05
5.5655535100037e-05
5.565386231313419e-05
5.565386231313419e-05
5.560812734337322e-05
5.560812734337322e-05
5.560812734337322e-05
5.5606686706564614e-05
5.560449147926303e-05
5.560449147926303e-05
5.560449147926303e-05
5.560449147926303e-05
5.5591963005320605e-05
5.55899480888467e-05
5.55899480888467e-05
5.554063890294819e-05
5.554063890294819e-05
5.553136342480824e-05
5.553136342480824e-05
5.5527304226665085e-05
5.5527304226665085e-05
5.5527304226665085e-05
5.5525911351686914e-05
5.5525911351686914e-05
5.55210853329669e-05
5.55210853329669e-05
5.54991604949992e-05
5.54991604949992e-05
5.54991604949992e-05
5.54991604949992e-05
5.54991604949992e-05
5.549638330709395e-05
5.549638330709395e-05
5.549638330709395e-05
5.5485761803020244e-05
5.5485761803020244e-05
5.5485761803020244e-05
5.5485761803020244e-05
5.5474732364679336e-05
5.5474732364679336e-05
5.5474732364679336e-05
5.5467933545093865e-05
5.5467933545093865e-05
5.5467933545093865e-05
5.5467933545093865e-05
5.5467933545093865e-05
5.5467933545093865e-05
5.5467933545093865e-05
5.5467933545093865e-05
5.5467933545093865e-05
5.5467933545093865e-05
5.5467933545093865e-05
5.5467933545093865e-05
5.5467933545093865e-05
5.5467933545093865e-05
5.5467933545093865e-05
5.5467933545093865e-05
5.5467933545093865e-05
5.5467933545093865e-05
5.5467933545093865e-05
5.5467933545093865e-05
5.5467933545093865e-05
5.5467933545093865e-05
5.5467933545093865e-05
5.5467933545093865e-05
5.5467933545093865e-05
5.5467933545093865e-05
5.5467933545093865e-05
5.5467933545093865e-05
5.5467933545093865e-05
5.5467933545093865e-05
5.5467933545093865e-05
5.5467933545093865e-05
5.5467933545093865e-05
5.5464799641655974e-05
5.5462656508207964e-05
5.5462656508207964e-05
5.5462656508207964e-05
5.5458666866060755e-05
5.5458666866060755e-05
5.5458666866060755e-05
5.5458666866060755e-05
5.5458666866060755e-05
5.5458666866060755e-05
5.5458666866060755e-05
5.5458666866060755e-05
5.5458666866060755e-05
5.544181033709319e-05
5.544181033709319e-05
5.544181033709319e-05
5.544181033709319e-05
5.544181033709319e-05
5.544181033709319e-05
5.544181033709319e-05
5.544181033709319e-05
5.544181033709319e-05
5.544181033709319e-05
5.544181033709319e-05
5.544181033709319e-05
5.544181033709319e-05
5.544181033709319e-05
5.544181033709319e-05
5.544181033709319e-05
5.544181033709319e-05
5.544181033709319e-05
5.544181033709319e-05
5.544181033709319e-05
5.544181033709319e-05
5.544181033709319e-05
5.544181033709319e-05
5.544181033709319e-05
5.544181033709319e-05
5.544181033709319e-05
5.544181033709319e-05
5.544181033709319e-05
5.544181033709319e-05
5.544181033709319e-05
5.544181033709319e-05
5.544181033709319e-05
5.544181033709319e-05
5.544181033709319e-05
5.544181033709319e-05
5.544181033709319e-05
5.544181033709319e-05
5.544181033709319e-05
5.544181033709319e-05
5.544181033709319e-05
5.544181033709319e-05
5.544181033709319e-05
5.544181033709319e-05
5.544181033709319e-05
5.544181033709319e-05
5.544113323280013e-05
5.544113323280013e-05
5.544113323280013e-05
5.544113323280013e-05
5.544113323280013e-05
5.544113323280013e-05
5.544113323280013e-05
5.544113323280013e-05
5.544113323280013e-05
5.544113323280013e-05
5.544113323280013e-05
5.544113323280013e-05
5.544113323280013e-05
5.544113323280013e-05
5.544113323280013e-05
5.544113323280013e-05
5.544113323280013e-05
5.544113323280013e-05
5.544113323280013e-05
5.544113323280013e-05
5.544113323280013e-05
5.544113323280013e-05
5.544113323280013e-05
5.544113323280013e-05
5.544113323280013e-05
5.544113323280013e-05
5.544113323280013e-05
5.544113323280013e-05
5.544113323280013e-05
5.544113323280013e-05
5.544113323280013e-05
5.544113323280013e-05
5.544113323280013e-05
5.544113323280013e-05
5.544113323280013e-05
5.544113323280013e-05
5.544113323280013e-05
5.544113323280013e-05
5.544113323280013e-05
5.544113323280013e-05
5.544113323280013e-05
5.544113323280013e-05
5.544113323280013e-05
5.544113323280013e-05
5.544113323280013e-05
5.544113323280013e-05
5.544113323280013e-05
5.544113323280013e-05
5.544113323280013e-05
5.544113323280013e-05
5.544113323280013e-05
5.544113323280013e-05
5.544113323280013e-05
5.544113323280013e-05
5.544113323280013e-05
5.544113323280013e-05
5.544113323280013e-05
5.544113323280013e-05
5.544113323280013e-05
5.544113323280013e-05
5.544113323280013e-05
5.544113323280013e-05
5.544113323280013e-05
5.544113323280013e-05
5.544113323280013e-05
5.544113323280013e-05
5.544113323280013e-05
5.544113323280013e-05
5.544113323280013e-05
5.544113323280013e-05
5.544113323280013e-05
5.544113323280013e-05
5.544113323280013e-05
5.544113323280013e-05
5.544113323280013e-05
5.544113323280013e-05
5.544113323280013e-05
5.544113323280013e-05
5.544113323280013e-05
5.544113323280013e-05
5.544113323280013e-05
5.544113323280013e-05
5.544113323280013e-05
5.544113323280013e-05
5.544113323280013e-05
5.544113323280013e-05
5.544113323280013e-05
5.544113323280013e-05
5.544113323280013e-05
5.544113323280013e-05
5.544113323280013e-05
5.544113323280013e-05
5.544113323280013e-05
5.544113323280013e-05
5.544113323280013e-05
5.544113323280013e-05
5.544113323280013e-05
5.544113323280013e-05
5.544113323280013e-05
5.544113323280013e-05
5.544113323280013e-05
5.544113323280013e-05
5.544113323280013e-05
5.544113323280013e-05
5.544113323280013e-05
5.544113323280013e-05
5.544113323280013e-05
5.544113323280013e-05
5.544113323280013e-05
5.544113323280013e-05
5.544113323280013e-05
5.544113323280013e-05
5.544113323280013e-05
5.544113323280013e-05
5.544113323280013e-05
5.544113323280013e-05
5.544113323280013e-05
5.544113323280013e-05
5.544113323280013e-05
5.544113323280013e-05
5.544113323280013e-05
5.544113323280013e-05
5.544113323280013e-05
5.544113323280013e-05
5.544113323280013e-05
5.544113323280013e-05
5.544113323280013e-05
5.544113323280013e-05
5.544113323280013e-05
5.544113323280013e-05
5.544113323280013e-05
5.544113323280013e-05
5.544113323280013e-05
5.544113323280013e-05
5.544113323280013e-05
5.544113323280013e-05
5.544113323280013e-05
5.544113323280013e-05
5.544113323280013e-05
5.544113323280013e-05
5.544113323280013e-05
5.544113323280013e-05
5.544113323280013e-05
5.544113323280013e-05
5.544113323280013e-05
5.544113323280013e-05
5.544113323280013e-05
5.544113323280013e-05
5.544113323280013e-05
5.544113323280013e-05
5.544113323280013e-05
