0.0004224525429633147
0.0003906057170585098
0.0003371024327596075
0.0003232967384084626
0.0003150188666512617
0.0003056897906316459
0.00028689020262777246
0.00026267912273668186
0.00021749427191042851
0.00021146366395529445
0.0002105170677859096
0.00020946721668770287
0.00020732614044338235
0.0002050765614750823
0.00020163719362080475
0.00020054637291518383
0.00016363384224570858
0.00016023047604304526
0.00015484077429918412
0.00015347617380164237
0.0001528115179259276
0.00015208664505961757
0.0001513969849613908
0.00015137794927946491
0.00013806290072982343
0.0001354720471879812
0.00013264390820713143
0.00012667219793097216
0.0001264627841585029
0.00012515958316313555
0.0001249195648980732
0.00012291151443427943
0.00012120942312529062
0.00011657837009142474
0.00011532975162727731
0.0001150592225344897
0.00011494885540706065
0.00011404954510845857
0.00011345759107263608
0.0001131718102505129
0.00011190436822083818
0.00011131388336866969
0.00010972423522913653
9.888583649351446e-05
9.849325496859965e-05
9.595004232157634e-05
9.581195793090393e-05
9.557985398945923e-05
9.255300918034593e-05
8.993270524355116e-05
8.899090554385896e-05
8.845082518560612e-05
7.207825251499884e-05
6.371305713365115e-05
6.362356850549745e-05
5.776499178558856e-05
5.7300291213663884e-05
5.724467322848698e-05
5.7215323306693754e-05
5.7096855406955064e-05
5.614938175034074e-05
5.612693628177899e-05
5.6099159188024856e-05
5.607031522699976e-05
5.6069180037243395e-05
5.60310568405986e-05
5.5716840839781245e-05
5.5714297033677916e-05
5.556834576653806e-05
5.5557127750869464e-05
5.555059625683032e-05
5.5500380875510026e-05
5.5500380875510026e-05
5.5477220872989926e-05
5.5477220872989926e-05
5.5477220872989926e-05
5.5477220872989926e-05
5.5477220872989926e-05
5.5477220872989926e-05
5.5477220872989926e-05
5.547102315313091e-05
5.547102315313091e-05
5.547102315313091e-05
5.547102315313091e-05
5.547102315313091e-05
5.547102315313091e-05
5.547102315313091e-05
5.547102315313091e-05
5.547102315313091e-05
5.547102315313091e-05
5.547102315313091e-05
5.547102315313091e-05
5.547102315313091e-05
5.547102315313091e-05
5.547102315313091e-05
5.547102315313091e-05
5.547102315313091e-05
5.547102315313091e-05
5.547102315313091e-05
5.547102315313091e-05
5.547102315313091e-05
5.547102315313091e-05
5.547102315313091e-05
5.547102315313091e-05
5.547102315313091e-05
5.547102315313091e-05
5.547102315313091e-05
5.547102315313091e-05
5.547102315313091e-05
5.547102315313091e-05
5.547102315313091e-05
5.547102315313091e-05
5.547102315313091e-05
5.547102315313091e-05
5.547102315313091e-05
5.547102315313091e-05
5.547102315313091e-05
5.547102315313091e-05
5.547102315313091e-05
5.547102315313091e-05
5.547102315313091e-05
5.547102315313091e-05
5.547102315313091e-05
5.547102315313091e-05
5.547102315313091e-05
5.547102315313091e-05
5.547102315313091e-05
5.547102315313091e-05
5.547102315313091e-05
5.547102315313091e-05
5.547102315313091e-05
5.547102315313091e-05
5.5470452820964396e-05
5.5470452820964396e-05
5.5470452820964396e-05
5.5470452820964396e-05
5.5470452820964396e-05
5.5470452820964396e-05
5.5470452820964396e-05
5.5470452820964396e-05
5.5470452820964396e-05
5.5470445760041545e-05
5.5470445760041545e-05
5.5470445760041545e-05
5.5470445760041545e-05
5.5470445760041545e-05
5.5470445760041545e-05
5.5470445760041545e-05
5.5470445760041545e-05
5.5470445760041545e-05
5.5470445760041545e-05
5.5470445760041545e-05
5.5470445760041545e-05
5.5470445760041545e-05
5.5470445760041545e-05
5.5470445760041545e-05
5.5470445760041545e-05
5.5470445760041545e-05
5.5470445760041545e-05
5.5470445760041545e-05
5.5470445760041545e-05
5.5470445760041545e-05
5.5470445760041545e-05
5.5470445760041545e-05
5.5470445760041545e-05
5.5470445760041545e-05
5.5470445760041545e-05
5.5470445760041545e-05
5.5470445760041545e-05
5.5470445760041545e-05
5.5470445760041545e-05
5.5470445760041545e-05
5.5470445760041545e-05
5.5470445760041545e-05
5.5470445760041545e-05
5.5470445760041545e-05
5.5470445760041545e-05
5.5470445760041545e-05
5.5470445760041545e-05
5.5470445760041545e-05
5.5470445760041545e-05
5.5470445760041545e-05
5.5470445760041545e-05
5.5470445760041545e-05
5.5470445760041545e-05
5.5470445760041545e-05
5.5470445760041545e-05
5.5470445760041545e-05
5.5470445760041545e-05
5.5470445760041545e-05
5.5470445760041545e-05
5.5470445760041545e-05
5.5470445760041545e-05
5.5470445760041545e-05
5.5470445760041545e-05
5.5470445760041545e-05
5.5470445760041545e-05
5.5470445760041545e-05
5.5470445760041545e-05
5.5470445760041545e-05
5.5470445760041545e-05
5.5470445760041545e-05
5.5470445760041545e-05
5.5470445760041545e-05
5.5470445760041545e-05
5.5470445760041545e-05
5.5470445760041545e-05
5.5470445760041545e-05
5.5470445760041545e-05
5.5470445760041545e-05
5.5470445760041545e-05
5.5470445760041545e-05
5.5470445760041545e-05
5.5470445760041545e-05
5.5470445760041545e-05
5.5470445760041545e-05
5.5470445760041545e-05
5.5470445760041545e-05
5.5470445760041545e-05
5.5470445760041545e-05
5.5470445760041545e-05
5.5470445760041545e-05
5.5470445760041545e-05
5.5470445760041545e-05
5.5470445760041545e-05
5.5470445760041545e-05
5.5470445760041545e-05
5.5470445760041545e-05
5.5470445760041545e-05
5.5470445760041545e-05
5.5470445760041545e-05
5.5470445760041545e-05
5.5470445760041545e-05
5.5470445760041545e-05
5.5470445760041545e-05
5.5470445760041545e-05
5.5470445760041545e-05
5.5470445760041545e-05
5.5470445760041545e-05
5.5470445760041545e-05
5.5470445760041545e-05
5.5470445760041545e-05
5.5470445760041545e-05
5.5470445760041545e-05
5.5470445760041545e-05
5.5470445760041545e-05
5.5470445760041545e-05
5.5470445760041545e-05
5.5470445760041545e-05
5.5470445760041545e-05
5.5470445760041545e-05
5.5470445760041545e-05
5.5470445760041545e-05
5.5470445760041545e-05
5.5470445760041545e-05
5.5470445760041545e-05
5.5470445760041545e-05
5.5470445760041545e-05
5.5470445760041545e-05
5.5470445760041545e-05
5.5470445760041545e-05
5.5470445760041545e-05
5.5470445760041545e-05
5.5470445760041545e-05
5.5470445760041545e-05
5.5470445760041545e-05
5.5470445760041545e-05
5.5470445760041545e-05
5.5470445760041545e-05
5.5470445760041545e-05
5.5470445760041545e-05
5.5470445760041545e-05
5.5470445760041545e-05
5.5470445760041545e-05
5.5470445760041545e-05
5.5470445760041545e-05
5.5470445760041545e-05
5.5470445760041545e-05
5.5470445760041545e-05
5.5470445760041545e-05
5.5470445760041545e-05
5.5470445760041545e-05
5.5470445760041545e-05
5.5470445760041545e-05
5.5470445760041545e-05
5.5470445760041545e-05
5.5470445760041545e-05
5.5470445760041545e-05
5.5470445760041545e-05
5.5470445760041545e-05
5.5470445760041545e-05
5.5470445760041545e-05
