0.0004416729049389565
0.00042443637590820033
0.00041636776286692675
0.0004081977100864289
0.000337941338881475
0.00032592861284830435
0.00028898163782275707
0.00025723861571365055
0.0002461057197157732
0.00021180093459499785
0.00020995292744649312
0.00020767200973110644
0.00020694920791396708
0.000206232456636896
0.00020585032236547366
0.00019911145252214115
0.0001975198504984604
0.0001965585238172927
0.00016013007668605925
0.0001600365198435442
0.0001535208872719353
0.0001534331269054832
0.00015072647042027075
0.0001504532473319402
0.00015025910141501733
0.00013179668443095158
0.00013160458431306965
0.00013139585798795417
0.00013124775394541922
9.93023228796269e-05
9.924700776384312e-05
9.656334902480944e-05
9.351008127179235e-05
9.069146726737876e-05
9.033522928656862e-05
8.95425473478697e-05
8.873323032887647e-05
8.861556085372821e-05
6.38977270614162e-05
6.383450432315511e-05
5.7563447779531584e-05
5.749580202773186e-05
5.697037003988642e-05
5.670487403240853e-05
5.6297838072568286e-05
5.609831354234216e-05
5.607043481330657e-05
5.6015665957257654e-05
5.599137260415258e-05
5.597728039612122e-05
5.594958706770687e-05
5.593670811984278e-05
5.588893897793538e-05
5.588893897793538e-05
5.5876134592562605e-05
5.5859724042941496e-05
5.578988345762417e-05
5.578900604931775e-05
5.5786229236294725e-05
5.576314812615608e-05
5.576314812615608e-05
5.571999102033567e-05
5.5718150008731833e-05
5.5658068941599664e-05
5.5641373394013725e-05
5.5586188475804035e-05
5.557375045164854e-05
5.557375045164854e-05
5.556256119274807e-05
5.5557274578306215e-05
5.5557274578306215e-05
5.5557274578306215e-05
5.5557274578306215e-05
5.5533526790557355e-05
5.553202985844979e-05
5.552386029650637e-05
5.552386029650637e-05
5.552386029650637e-05
5.552386029650637e-05
5.552386029650637e-05
5.551957767771374e-05
5.548933691564684e-05
5.546934150673345e-05
5.546934150673345e-05
5.546934150673345e-05
5.546934150673345e-05
5.546934150673345e-05
5.546934150673345e-05
5.546934150673345e-05
5.546934150673345e-05
5.546934150673345e-05
5.546934150673345e-05
5.546934150673345e-05
5.546934150673345e-05
5.546934150673345e-05
5.546934150673345e-05
5.546934150673345e-05
5.546934150673345e-05
5.546934150673345e-05
5.546934150673345e-05
5.546934150673345e-05
5.546934150673345e-05
5.546934150673345e-05
5.546934150673345e-05
5.546934150673345e-05
5.546934150673345e-05
5.546934150673345e-05
5.546934150673345e-05
5.546934150673345e-05
5.546934150673345e-05
5.546934150673345e-05
5.546934150673345e-05
5.546934150673345e-05
5.546934150673345e-05
5.546934150673345e-05
5.546934150673345e-05
5.546934150673345e-05
5.546934150673345e-05
5.546934150673345e-05
5.546934150673345e-05
5.546934150673345e-05
5.546934150673345e-05
5.546934150673345e-05
5.546934150673345e-05
5.546934150673345e-05
5.546934150673345e-05
5.546934150673345e-05
5.546934150673345e-05
5.546934150673345e-05
5.546934150673345e-05
5.546934150673345e-05
5.546934150673345e-05
5.546934150673345e-05
5.546934150673345e-05
5.546934150673345e-05
5.546934150673345e-05
5.546934150673345e-05
5.546934150673345e-05
5.546934150673345e-05
5.546934150673345e-05
5.546934150673345e-05
5.546934150673345e-05
5.546934150673345e-05
5.546934150673345e-05
5.546934150673345e-05
5.546934150673345e-05
5.546934150673345e-05
5.546934150673345e-05
5.546934150673345e-05
5.546934150673345e-05
5.546934150673345e-05
5.546934150673345e-05
5.546934150673345e-05
5.546934150673345e-05
5.546934150673345e-05
5.546934150673345e-05
5.546934150673345e-05
5.546934150673345e-05
5.546934150673345e-05
5.546934150673345e-05
5.546934150673345e-05
5.546934150673345e-05
5.546934150673345e-05
5.546934150673345e-05
5.546934150673345e-05
5.546934150673345e-05
5.546934150673345e-05
5.546934150673345e-05
5.546934150673345e-05
5.546934150673345e-05
5.546934150673345e-05
5.546934150673345e-05
5.546934150673345e-05
5.546934150673345e-05
5.546934150673345e-05
5.546934150673345e-05
5.546934150673345e-05
5.546934150673345e-05
5.546934150673345e-05
5.546934150673345e-05
5.546934150673345e-05
5.546934150673345e-05
5.546934150673345e-05
5.546934150673345e-05
5.546934150673345e-05
5.546934150673345e-05
5.546934150673345e-05
5.546934150673345e-05
5.546934150673345e-05
5.546934150673345e-05
5.546934150673345e-05
5.546934150673345e-05
5.546934150673345e-05
5.546934150673345e-05
5.546934150673345e-05
5.546934150673345e-05
5.546934150673345e-05
5.546934150673345e-05
5.546934150673345e-05
5.546934150673345e-05
5.546934150673345e-05
5.546934150673345e-05
5.546934150673345e-05
5.546934150673345e-05
5.546934150673345e-05
5.546934150673345e-05
5.546934150673345e-05
5.546934150673345e-05
5.546934150673345e-05
5.546934150673345e-05
5.546934150673345e-05
5.546934150673345e-05
5.546934150673345e-05
5.546934150673345e-05
5.546934150673345e-05
5.546934150673345e-05
5.546934150673345e-05
5.546934150673345e-05
5.546934150673345e-05
5.546934150673345e-05
5.546934150673345e-05
5.546934150673345e-05
5.546934150673345e-05
5.546934150673345e-05
5.546934150673345e-05
5.546934150673345e-05
5.546934150673345e-05
5.546934150673345e-05
5.546934150673345e-05
5.546934150673345e-05
5.546934150673345e-05
5.546934150673345e-05
5.546934150673345e-05
