0.0004364335764426191
0.0004183064239066311
0.00039902912640058896
0.0003890718889210486
0.0003752845733140185
0.0003668885535452349
0.00035428630573022167
0.0003145826861712507
0.000308734841612572
0.0002981991976813986
0.00029364085053089795
0.00028559228658057984
0.000269572799277636
0.00025386397558512907
0.00021561139860821248
0.00020962577376052024
0.0002036756763125565
0.00015759436056478026
0.00015636643794549488
0.00015364053129363991
0.00015287430097844635
0.00015222129608588792
0.00015190051363673824
0.00015166353344662375
0.00015123434765118045
0.00015116293603452922
0.00015079042929809757
0.00015059542874499538
0.0001504655068369686
0.00015028355355653766
0.00015019539714390323
0.00014980665412453448
0.000149689485888946
0.00014966057125797742
0.0001456025037748752
0.00014341640948257973
0.00014232431817105945
0.00013955189918951226
0.00013950635969494604
0.00013717094658982528
0.000136970714384188
0.00013452939903395086
0.0001330760112877815
0.0001325685928075062
0.00013215986875283117
9.967361659885946e-05
9.929754147940135e-05
9.719782124822365e-05
9.485276426631029e-05
9.376007011842163e-05
9.245958635601484e-05
9.076848370474192e-05
8.925005843942576e-05
6.463008373300433e-05
6.426317487214059e-05
6.42127302728386e-05
6.397286936526319e-05
6.360825533876537e-05
6.327551051015053e-05
6.252405073496392e-05
6.168161739336759e-05
5.7982580869887524e-05
5.731794938700065e-05
5.674473726515317e-05
5.635637650520974e-05
5.617435931566077e-05
5.613275812873146e-05
5.6089001062664535e-05
5.606148595564392e-05
5.5990477265366426e-05
5.591770686618566e-05
5.585460060843684e-05
5.579701523960199e-05
5.577294342334133e-05
5.569312581817594e-05
5.5677464115199305e-05
5.564697200596904e-05
5.561348026561051e-05
5.560033227433478e-05
5.556683717525115e-05
5.5549885669757266e-05
5.5549885669757266e-05
5.5549885669757266e-05
5.5549885669757266e-05
5.5549885669757266e-05
5.55240856877562e-05
5.55240856877562e-05
5.551812710395164e-05
5.551812710395164e-05
5.551812710395164e-05
5.5499706795091846e-05
5.548738936185007e-05
5.548738936185007e-05
5.548738936185007e-05
5.548738936185007e-05
5.548738936185007e-05
5.5485615671130087e-05
5.5485615671130087e-05
5.5485615671130087e-05
5.5483116407530395e-05
5.5483116407530395e-05
5.545766316628302e-05
5.545766316628302e-05
5.545766316628302e-05
5.545766316628302e-05
5.545766316628302e-05
5.5445764080069244e-05
5.5445764080069244e-05
5.5445764080069244e-05
5.5445764080069244e-05
5.5445764080069244e-05
5.5445764080069244e-05
5.5445764080069244e-05
5.5445764080069244e-05
5.5445764080069244e-05
5.5445764080069244e-05
5.5445764080069244e-05
5.5445764080069244e-05
5.5445764080069244e-05
5.5445764080069244e-05
5.5445764080069244e-05
5.5445764080069244e-05
5.5445764080069244e-05
5.5445764080069244e-05
5.5445764080069244e-05
5.5445764080069244e-05
5.5445764080069244e-05
5.5445764080069244e-05
5.5445764080069244e-05
5.5445764080069244e-05
5.5445764080069244e-05
5.5445764080069244e-05
5.5445764080069244e-05
5.5445764080069244e-05
5.5445764080069244e-05
5.5445764080069244e-05
5.5445764080069244e-05
5.5445764080069244e-05
5.5445764080069244e-05
5.5445764080069244e-05
5.5445764080069244e-05
5.5445764080069244e-05
5.5445764080069244e-05
5.5445764080069244e-05
5.5445764080069244e-05
5.544113323280013e-05
5.544113323280013e-05
5.544113323280013e-05
5.544113323280013e-05
5.544113323280013e-05
5.544113323280013e-05
5.544113323280013e-05
5.544113323280013e-05
5.544113323280013e-05
5.544113323280013e-05
5.544113323280013e-05
5.544113323280013e-05
5.544113323280013e-05
5.544113323280013e-05
5.544113323280013e-05
5.544113323280013e-05
5.544113323280013e-05
5.544113323280013e-05
5.544113323280013e-05
5.544113323280013e-05
5.544113323280013e-05
5.544113323280013e-05
5.544113323280013e-05
5.544113323280013e-05
5.544113323280013e-05
5.544113323280013e-05
5.544113323280013e-05
5.544113323280013e-05
5.544113323280013e-05
5.544113323280013e-05
5.544113323280013e-05
5.544113323280013e-05
5.544113323280013e-05
5.544113323280013e-05
5.544113323280013e-05
5.544113323280013e-05
5.544113323280013e-05
5.544113323280013e-05
5.544113323280013e-05
5.544113323280013e-05
5.544113323280013e-05
5.544113323280013e-05
5.544113323280013e-05
5.544113323280013e-05
5.544113323280013e-05
5.544113323280013e-05
5.544113323280013e-05
5.544113323280013e-05
5.544113323280013e-05
5.544113323280013e-05
5.544113323280013e-05
5.544113323280013e-05
5.544113323280013e-05
5.544113323280013e-05
5.544113323280013e-05
5.544113323280013e-05
5.544113323280013e-05
5.544113323280013e-05
5.544113323280013e-05
5.544113323280013e-05
5.544113323280013e-05
5.544113323280013e-05
5.544113323280013e-05
5.544113323280013e-05
5.544113323280013e-05
5.544113323280013e-05
5.544113323280013e-05
5.544113323280013e-05
5.544113323280013e-05
5.544113323280013e-05
5.544113323280013e-05
5.544113323280013e-05
5.544113323280013e-05
5.544113323280013e-05
5.544113323280013e-05
5.544113323280013e-05
5.544113323280013e-05
5.544113323280013e-05
5.544113323280013e-05
5.544113323280013e-05
5.544113323280013e-05
5.544113323280013e-05
5.544113323280013e-05
5.544113323280013e-05
5.544113323280013e-05
5.544113323280013e-05
5.544113323280013e-05
5.544113323280013e-05
5.544113323280013e-05
5.544113323280013e-05
5.544113323280013e-05
5.544113323280013e-05
5.544113323280013e-05
5.544113323280013e-05
5.544113323280013e-05
5.544113323280013e-05
5.544113323280013e-05
5.544113323280013e-05
5.544113323280013e-05
5.544113323280013e-05
5.544113323280013e-05
5.544113323280013e-05
5.544113323280013e-05
5.544113323280013e-05
5.544113323280013e-05
5.544113323280013e-05
5.544113323280013e-05
5.544113323280013e-05
5.544113323280013e-05
5.544113323280013e-05
5.544113323280013e-05
5.544113323280013e-05
5.544113323280013e-05
5.544113323280013e-05
5.544113323280013e-05
5.544113323280013e-05
5.544113323280013e-05
5.544113323280013e-05
5.544113323280013e-05
5.544113323280013e-05
5.544113323280013e-05
5.544113323280013e-05
5.544113323280013e-05
5.544113323280013e-05
5.544113323280013e-05
5.544113323280013e-05
5.544113323280013e-05
5.544113323280013e-05
5.544113323280013e-05
5.544113323280013e-05
5.544113323280013e-05
5.544113323280013e-05
5.544113323280013e-05
5.544113323280013e-05
5.544113323280013e-05
5.544113323280013e-05
5.544113323280013e-05
5.544113323280013e-05
5.544113323280013e-05
5.544113323280013e-05
5.544113323280013e-05
5.544113323280013e-05
5.544113323280013e-05
5.544113323280013e-05
5.544113323280013e-05
5.544113323280013e-05
5.544113323280013e-05
5.544113323280013e-05
5.544113323280013e-05
5.544113323280013e-05
5.544113323280013e-05
