0.00033186884182972954
0.0003084648687791504
0.00025575525300769865
0.0002485188192047135
0.00024327735235913858
0.00024122210826478562
0.00020625073058096074
0.00020464713073888366
0.00018026040453145796
0.0001636535083476536
0.00016026587053492603
0.00015697388554583572
0.0001534521172693345
0.00015286065420397902
0.0001525170383902515
0.00015229160498421342
0.00015192261825600458
0.00015136282740980356
0.0001509964789631738
0.0001509128183420323
0.00015048474826652434
0.00015034927835907283
0.00015006977335616642
0.00014997262246257232
0.00014974749788987295
0.00014969619524090883
0.00013956645691657796
0.00013719305042084277
0.00013687735178471354
0.00013410370977753135
0.00013177028423574068
0.00013142733284381917
0.00013140170478248745
9.865382181544606e-05
9.85455188876385e-05
9.041670872106885e-05
9.007512052669508e-05
8.990933725700482e-05
8.986597638375402e-05
8.834188767750564e-05
6.386649178295195e-05
6.371255883312503e-05
6.367296942588712e-05
6.362789312032503e-05
6.359181608209873e-05
6.356566086569398e-05
6.342853511881668e-05
6.342267582851227e-05
5.7217405754919984e-05
5.717525507385251e-05
5.715636807888957e-05
5.6215580634040254e-05
5.620002710394121e-05
5.578240001520613e-05
5.5765654101277054e-05
5.5703540194795097e-05
5.5646826635328766e-05
5.5646826635328766e-05
5.56416499920065e-05
5.5611838744677736e-05
5.560297281069184e-05
5.560297281069184e-05
5.558519718219831e-05
5.558519718219831e-05
5.558519718219831e-05
5.558519718219831e-05
5.557405233122432e-05
5.5547654004014954e-05
5.554193878539906e-05
5.554193878539906e-05
5.553145575002063e-05
5.552344153955561e-05
5.552339581552515e-05
5.548583261677742e-05
5.548583261677742e-05
5.548583261677742e-05
5.548583261677742e-05
5.548055215702066e-05
5.548055215702066e-05
5.548055215702066e-05
5.547656805352277e-05
5.547656805352277e-05
5.547656805352277e-05
5.547656805352277e-05
5.5458666866060755e-05
5.5458666866060755e-05
5.5458666866060755e-05
5.5458666866060755e-05
5.5458666866060755e-05
5.5458666866060755e-05
5.5458666866060755e-05
5.5458666866060755e-05
5.5458666866060755e-05
5.5458666866060755e-05
5.5458666866060755e-05
5.545290496509147e-05
5.544181033709319e-05
5.544181033709319e-05
5.544181033709319e-05
5.544181033709319e-05
5.544181033709319e-05
5.544181033709319e-05
5.544181033709319e-05
5.544181033709319e-05
5.544181033709319e-05
5.544113323280013e-05
5.544113323280013e-05
5.544113323280013e-05
5.544113323280013e-05
5.544113323280013e-05
5.544113323280013e-05
5.544113323280013e-05
5.544113323280013e-05
5.544113323280013e-05
5.544113323280013e-05
5.544113323280013e-05
5.544113323280013e-05
5.544113323280013e-05
5.544113323280013e-05
5.544113323280013e-05
5.544113323280013e-05
5.544113323280013e-05
5.544113323280013e-05
5.544113323280013e-05
5.544113323280013e-05
5.544113323280013e-05
5.544113323280013e-05
5.544113323280013e-05
5.544113323280013e-05
5.544113323280013e-05
5.544113323280013e-05
5.544113323280013e-05
5.544113323280013e-05
5.544113323280013e-05
5.544113323280013e-05
5.544113323280013e-05
5.544113323280013e-05
5.544113323280013e-05
5.544113323280013e-05
5.544113323280013e-05
5.544113323280013e-05
5.544113323280013e-05
5.544113323280013e-05
5.544113323280013e-05
5.544113323280013e-05
5.544113323280013e-05
5.544113323280013e-05
5.544113323280013e-05
5.544113323280013e-05
5.544113323280013e-05
5.544113323280013e-05
5.544113323280013e-05
5.544113323280013e-05
5.544113323280013e-05
5.544113323280013e-05
5.544113323280013e-05
5.544113323280013e-05
5.544113323280013e-05
5.544113323280013e-05
5.544113323280013e-05
5.544113323280013e-05
5.544113323280013e-05
5.544113323280013e-05
5.544113323280013e-05
5.544113323280013e-05
5.544113323280013e-05
5.544113323280013e-05
5.544113323280013e-05
5.544113323280013e-05
5.544113323280013e-05
5.544113323280013e-05
5.544113323280013e-05
5.544113323280013e-05
5.544113323280013e-05
5.544113323280013e-05
5.544113323280013e-05
5.544113323280013e-05
5.544113323280013e-05
5.544113323280013e-05
5.544113323280013e-05
5.544113323280013e-05
5.544113323280013e-05
5.544113323280013e-05
5.544113323280013e-05
5.544113323280013e-05
5.544113323280013e-05
5.544113323280013e-05
5.544113323280013e-05
5.544113323280013e-05
5.544113323280013e-05
5.544113323280013e-05
5.544113323280013e-05
5.544113323280013e-05
5.544113323280013e-05
5.544113323280013e-05
5.544113323280013e-05
5.544113323280013e-05
5.544113323280013e-05
5.544113323280013e-05
5.544113323280013e-05
5.544113323280013e-05
5.544113323280013e-05
5.544113323280013e-05
5.544113323280013e-05
5.544113323280013e-05
5.544113323280013e-05
5.544113323280013e-05
5.544113323280013e-05
5.544113323280013e-05
5.544113323280013e-05
5.544113323280013e-05
5.544113323280013e-05
5.544113323280013e-05
5.544113323280013e-05
5.544113323280013e-05
5.544113323280013e-05
5.544113323280013e-05
5.544113323280013e-05
5.544113323280013e-05
5.544113323280013e-05
5.544113323280013e-05
5.544113323280013e-05
5.544113323280013e-05
5.544113323280013e-05
5.544113323280013e-05
5.544113323280013e-05
5.544113323280013e-05
5.544113323280013e-05
5.544113323280013e-05
5.544113323280013e-05
5.544113323280013e-05
5.544113323280013e-05
5.544113323280013e-05
5.544113323280013e-05
5.544113323280013e-05
5.544113323280013e-05
5.544113323280013e-05
5.544113323280013e-05
5.544113323280013e-05
5.544113323280013e-05
5.544113323280013e-05
5.544113323280013e-05
5.544113323280013e-05
5.544113323280013e-05
5.544113323280013e-05
5.544113323280013e-05
5.544113323280013e-05
5.544113323280013e-05
5.544113323280013e-05
5.544113323280013e-05
5.544113323280013e-05
5.544113323280013e-05
5.544113323280013e-05
5.544113323280013e-05
5.544113323280013e-05
5.544113323280013e-05
