0.0004240722504767068
0.0003714776018703028
0.0003571665202131842
0.00034275380343301066
0.0003275863496418418
0.00030186054615326523
0.0002915239122333731
0.00024457489041270386
0.00023604707453803284
0.00015986839916764116
0.00015873933272515865
0.00014154606047975328
0.00013797403441306345
0.0001353279169763453
0.00013411863604876646
0.00013361931761193528
0.00013318894924669106
0.00013297018317326044
0.00013014493139443446
0.00012900174916768284
0.00012736690477283794
0.00012681077628960748
0.0001256178927740839
0.00012460018356230424
0.00012359016409023158
0.00012234369902058625
0.00012181389329503989
0.00011526345036984272
0.00011339824586244182
0.00011149676604462365
0.00010131667729154643
9.853544046374129e-05
9.530789152684989e-05
9.362996874038969e-05
9.318984181752029e-05
9.043790619993784e-05
8.903338897879393e-05
6.458662922354726e-05
6.390991146076368e-05
6.386865403469826e-05
6.375421362307542e-05
6.371622666366365e-05
5.742055858854024e-05
5.73898186969941e-05
5.685699263632074e-05
5.6357211896105455e-05
5.632649154533005e-05
5.587973524067222e-05
5.580198616580069e-05
5.578138252917949e-05
5.5768254167847344e-05
5.575186239188871e-05
5.571421580274125e-05
5.568676532480957e-05
5.563616164272215e-05
5.552029818111696e-05
5.550036759772932e-05
5.5483135407859415e-05
5.5483135407859415e-05
5.5483135407859415e-05
5.5483135407859415e-05
5.5477220872989926e-05
5.5477220872989926e-05
5.5477220872989926e-05
5.5471069326291586e-05
5.5470445760041545e-05
5.5470445760041545e-05
5.5470445760041545e-05
5.5470445760041545e-05
5.5470445760041545e-05
5.5470445760041545e-05
5.5470445760041545e-05
5.5470445760041545e-05
5.5470445760041545e-05
5.5470445760041545e-05
5.5470445760041545e-05
5.5470445760041545e-05
5.5470445760041545e-05
5.5470445760041545e-05
5.5470445760041545e-05
5.5470445760041545e-05
5.5470445760041545e-05
5.5470445760041545e-05
5.5470445760041545e-05
5.5470445760041545e-05
5.5470445760041545e-05
5.5470445760041545e-05
5.5470445760041545e-05
5.5470445760041545e-05
5.5470445760041545e-05
5.5470445760041545e-05
5.5470445760041545e-05
5.5470445760041545e-05
5.5470445760041545e-05
5.5470445760041545e-05
5.5470445760041545e-05
5.5470445760041545e-05
5.5470445760041545e-05
5.5470445760041545e-05
5.5470445760041545e-05
5.5470445760041545e-05
5.5470445760041545e-05
5.5470445760041545e-05
5.5470445760041545e-05
5.5470445760041545e-05
5.5470445760041545e-05
5.5470445760041545e-05
5.5470445760041545e-05
5.5470445760041545e-05
5.5470445760041545e-05
5.5470445760041545e-05
5.5470445760041545e-05
5.5470445760041545e-05
5.5470445760041545e-05
5.5470445760041545e-05
5.5470445760041545e-05
5.5470445760041545e-05
5.5470445760041545e-05
5.5470445760041545e-05
5.5470445760041545e-05
5.5470445760041545e-05
5.5470445760041545e-05
5.5470445760041545e-05
5.5470445760041545e-05
5.5470445760041545e-05
5.5470445760041545e-05
5.5470445760041545e-05
5.5470445760041545e-05
5.5470445760041545e-05
5.5470445760041545e-05
5.5470445760041545e-05
5.5470445760041545e-05
5.5470445760041545e-05
5.5470445760041545e-05
5.5470445760041545e-05
5.5470445760041545e-05
5.5470445760041545e-05
5.5470445760041545e-05
5.5470445760041545e-05
5.5470445760041545e-05
5.5470445760041545e-05
5.5470445760041545e-05
5.5470445760041545e-05
5.5470445760041545e-05
5.5470445760041545e-05
5.5470445760041545e-05
5.5470445760041545e-05
5.5470445760041545e-05
5.5470445760041545e-05
5.5470445760041545e-05
5.5470445760041545e-05
5.5470445760041545e-05
5.5470445760041545e-05
5.5470445760041545e-05
5.5470445760041545e-05
5.5470445760041545e-05
5.5470445760041545e-05
5.5470445760041545e-05
5.5470445760041545e-05
5.5470445760041545e-05
5.5470445760041545e-05
5.5470445760041545e-05
5.5470445760041545e-05
5.5470445760041545e-05
5.5470445760041545e-05
5.5470445760041545e-05
5.5470445760041545e-05
5.5470445760041545e-05
5.5470445760041545e-05
5.5470445760041545e-05
5.5470445760041545e-05
5.5470445760041545e-05
5.5470445760041545e-05
5.5470445760041545e-05
5.5470445760041545e-05
5.5470445760041545e-05
5.5470445760041545e-05
5.5470445760041545e-05
5.5470445760041545e-05
5.5470445760041545e-05
5.5470445760041545e-05
5.5470445760041545e-05
5.5470445760041545e-05
5.5470445760041545e-05
5.5470445760041545e-05
5.5470445760041545e-05
5.5470445760041545e-05
5.5470445760041545e-05
5.5470445760041545e-05
5.5470445760041545e-05
5.5470445760041545e-05
5.5470445760041545e-05
5.5470445760041545e-05
5.5470445760041545e-05
5.5470445760041545e-05
5.5470445760041545e-05
5.5470445760041545e-05
5.5470445760041545e-05
5.5470445760041545e-05
5.5470445760041545e-05
5.5470445760041545e-05
5.5470445760041545e-05
5.5470445760041545e-05
5.5470445760041545e-05
5.5470445760041545e-05
5.5470445760041545e-05
5.5470445760041545e-05
5.5470445760041545e-05
5.5470445760041545e-05
5.5470445760041545e-05
5.5470445760041545e-05
5.5470445760041545e-05
5.5470445760041545e-05
5.5470445760041545e-05
5.5470445760041545e-05
5.5470445760041545e-05
