1.00001e-11
1e-07
5.4e-07
4e-06 
8.31529e-06
1e-05
1.07381e-05
1.15307e-05
1.23818e-05
1.32957e-05
1.42771e-05
1.53309e-05
1.64625e-05
1.76776e-05
1.89824e-05
2.03835e-05
2.1888e-05
2.35036e-05
2.52384e-05
2.71013e-05
2.91016e-05
3.12497e-05
3.35562e-05
3.60331e-05
3.86927e-05
4.15486e-05
4.46154e-05
4.79085e-05
5.14446e-05
5.52418e-05
5.93193e-05
6.36977e-05
6.83993e-05
7.34479e-05
7.88692e-05
8.46906e-05
9.09417e-05
9.76542e-05
0.000104862
0.000112602
0.000120913
0.000129838
0.000139422
0.000149712
0.000160763
0.000172629
0.000185371
0.000199053
0.000213745
0.000229522
0.000246463
0.000264655
0.00028419
0.000305166
0.000327691
0.000351878
0.00037785
0.00040574
0.000435688
0.000467846
0.000502378
0.000539459
0.000579277
0.000622034
0.000667947
0.000717249
0.00077019
0.000827039
0.000888083
0.000953633
0.00102402
0.00109961
0.00118077
0.00126792
0.00136151
0.001462
0.00156992
0.00168579
0.00181022
0.00194384
0.00208731
0.00224138
0.00240682
0.00258447
0.00277523
0.00298007
0.00320003
0.00343623
0.00368986
0.00396222
0.00425467
0.00456871
0.00490593
0.00526805
0.00565688
0.00607442
0.00652278
0.00700424
0.00752123
0.00807638
0.0086725
0.00931263
0.01
0.0107381
0.0115307
0.0123818
0.0132957
0.0142771
0.0153309
0.0164625
0.0176776
0.0189824
0.0203835
0.021888
0.0235036
0.0252384
0.0271013
0.0291016
0.0312497
0.0335562
0.0360331
0.0386927
0.0415486
0.0446154
0.0479085
0.0514446
0.0552418
0.0593193
0.0636977
0.0683993
0.0734479
0.0788692
0.0846906
0.0909417
0.0976542
0.104862
0.112602
0.120913
0.129838
0.139422
0.149712
0.160763
0.172629
0.185371
0.199053
0.213745
0.229522
0.246463
0.264655
0.28419
0.305166
0.327691
0.351878
0.37785
0.40574
0.435688
0.467846
0.502378
0.539459
0.579277
0.622034
0.667947
0.717249
0.77019
0.827039
0.888083
0.953633
1.02402
1.09961
1.18077
1.26792
1.36151
1.462
1.56992
1.68579
1.81022
1.94384
2.08731
2.24138
2.40682
2.58447
2.77523
2.98007
3.20003
3.43623
3.68986
3.96222
4.25467
4.56871
4.90593
5.26805
5.65688
6.07442
6.52278
7.00424
7.52123
8.07638
8.6725
9.31263
10
20
